  0.0000    3    5.100   1.0000          evt3
  5.1000    0    1.700   1.0000          NULL 
  6.8000    1    5.100   1.0000          evt1
 11.9000    6    5.100   1.0000          evt6
 17.0000    0    2.550   1.0000          NULL 
 19.5500    1    5.100   1.0000          evt1
 24.6500    0    3.400   1.0000          NULL 
 28.0500    6    5.100   1.0000          evt6
 33.1500    0    1.700   1.0000          NULL 
 34.8500    5    5.100   1.0000          evt5
 39.9500    0    1.700   1.0000          NULL 
 41.6500    3    5.100   1.0000          evt3
 46.7500    0    5.100   1.0000          NULL 
 51.8500    6    5.100   1.0000          evt6
 56.9500    5    5.100   1.0000          evt5
 62.0500    3    5.100   1.0000          evt3
 67.1500    0    2.550   1.0000          NULL 
 69.7000    2    5.100   1.0000          evt2
 74.8000    0    4.250   1.0000          NULL 
 79.0500    4    5.100   1.0000          evt4
 84.1500    0    2.550   1.0000          NULL 
 86.7000    3    5.100   1.0000          evt3
 91.8000    0    0.850   1.0000          NULL 
 92.6500    2    5.100   1.0000          evt2
 97.7500    2    5.100   1.0000          evt2
102.8500    0    0.850   1.0000          NULL 
103.7000    3    5.100   1.0000          evt3
108.7999    0    0.850   1.0000          NULL 
109.6499    5    5.100   1.0000          evt5
114.7499    0   10.200   1.0000          NULL 
124.9499    1    5.100   1.0000          evt1
130.0499    5    5.100   1.0000          evt5
135.1499    0    4.250   1.0000          NULL 
139.4000    1    5.100   1.0000          evt1
144.5000    4    5.100   1.0000          evt4
149.6000    0    1.700   1.0000          NULL 
151.3000    6    5.100   1.0000          evt6
156.4000    4    5.100   1.0000          evt4
161.5000    0    0.850   1.0000          NULL 
162.3500    1    5.100   1.0000          evt1
167.4500    4    5.100   1.0000          evt4
172.5500    0    2.550   1.0000          NULL 
175.1000    5    5.100   1.0000          evt5
180.2000    4    5.100   1.0000          evt4
185.3000    0    0.850   1.0000          NULL 
186.1501    3    5.100   1.0000          evt3
191.2501    1    5.100   1.0000          evt1
196.3501    0    0.850   1.0000          NULL 
197.2001    1    5.100   1.0000          evt1
202.3001    0    0.850   1.0000          NULL 
203.1501    3    5.100   1.0000          evt3
208.2501    0    3.400   1.0000          NULL 
211.6501    1    5.100   1.0000          evt1
216.7501    6    5.100   1.0000          evt6
221.8501    0    0.850   1.0000          NULL 
222.7001    2    5.100   1.0000          evt2
227.8001    3    5.100   1.0000          evt3
232.9001    6    5.100   1.0000          evt6
238.0002    1    5.100   1.0000          evt1
243.1002    0    1.700   1.0000          NULL 
244.8002    4    5.100   1.0000          evt4
249.9002    0    2.550   1.0000          NULL 
252.4502    6    5.100   1.0000          evt6
257.5502    0    5.100   1.0000          NULL 
262.6502    4    5.100   1.0000          evt4
267.7502    0    2.550   1.0000          NULL 
270.3003    3    5.100   1.0000          evt3
275.4003    0    0.850   1.0000          NULL 
276.2503    6    5.100   1.0000          evt6
281.3503    0    3.400   1.0000          NULL 
284.7503    3    5.100   1.0000          evt3
289.8503    4    5.100   1.0000          evt4
294.9503    0    2.550   1.0000          NULL 
297.5003    4    5.100   1.0000          evt4
302.6003    0    2.550   1.0000          NULL 
305.1504    6    5.100   1.0000          evt6
310.2504    3    5.100   1.0000          evt3
315.3504    0    2.550   1.0000          NULL 
317.9004    4    5.100   1.0000          evt4
323.0004    6    5.100   1.0000          evt6
328.1004    6    5.100   1.0000          evt6
333.2004    4    5.100   1.0000          evt4
338.3004    1    5.100   1.0000          evt1
343.4004    0    0.850   1.0000          NULL 
344.2504    2    5.100   1.0000          evt2
349.3504    1    5.100   1.0000          evt1
354.4504    0    5.950   1.0000          NULL 
