  0.0000    6    5.100   1.0000          evt6
  5.1000    5    5.100   1.0000          evt5
 10.2000    2    5.100   1.0000          evt2
 15.3000    3    5.100   1.0000          evt3
 20.4000    6    5.100   1.0000          evt6
 25.5000    0    3.400   1.0000          NULL 
 28.9000    5    5.100   1.0000          evt5
 34.0000    0    1.700   1.0000          NULL 
 35.7000    1    5.100   1.0000          evt1
 40.8000    0    0.850   1.0000          NULL 
 41.6500    1    5.100   1.0000          evt1
 46.7500    6    5.100   1.0000          evt6
 51.8500    0    0.850   1.0000          NULL 
 52.7000    6    5.100   1.0000          evt6
 57.8000    3    5.100   1.0000          evt3
 62.9000    0    4.250   1.0000          NULL 
 67.1500    3    5.100   1.0000          evt3
 72.2500    0    0.850   1.0000          NULL 
 73.1000    3    5.100   1.0000          evt3
 78.2000    0    1.700   1.0000          NULL 
 79.9000    2    5.100   1.0000          evt2
 85.0000    1    5.100   1.0000          evt1
 90.1000    0    0.850   1.0000          NULL 
 90.9500    3    5.100   1.0000          evt3
 96.0500    0    6.800   1.0000          NULL 
102.8500    2    5.100   1.0000          evt2
107.9500    0    5.100   1.0000          NULL 
113.0499    5    5.100   1.0000          evt5
118.1499    4    5.100   1.0000          evt4
123.2499    0    4.250   1.0000          NULL 
127.4999    4    5.100   1.0000          evt4
132.5999    1    5.100   1.0000          evt1
137.6999    1    5.100   1.0000          evt1
142.7999    6    5.100   1.0000          evt6
147.8999    0    3.400   1.0000          NULL 
151.3000    6    5.100   1.0000          evt6
156.4000    0    5.100   1.0000          NULL 
161.5000    6    5.100   1.0000          evt6
166.6000    0    5.950   1.0000          NULL 
172.5501    6    5.100   1.0000          evt6
177.6501    6    5.100   1.0000          evt6
182.7501    3    5.100   1.0000          evt3
187.8501    0    0.850   1.0000          NULL 
188.7001    4    5.100   1.0000          evt4
193.8001    5    5.100   1.0000          evt5
198.9001    0    3.400   1.0000          NULL 
202.3001    1    5.100   1.0000          evt1
207.4001    1    5.100   1.0000          evt1
212.5001    0    3.400   1.0000          NULL 
215.9002    3    5.100   1.0000          evt3
221.0002    0    4.250   1.0000          NULL 
225.2502    1    5.100   1.0000          evt1
230.3502    4    5.100   1.0000          evt4
235.4502    0    1.700   1.0000          NULL 
237.1502    4    5.100   1.0000          evt4
242.2502    4    5.100   1.0000          evt4
247.3502    0    1.700   1.0000          NULL 
249.0502    3    5.100   1.0000          evt3
254.1503    4    5.100   1.0000          evt4
259.2502    0    1.700   1.0000          NULL 
260.9503    6    5.100   1.0000          evt6
266.0503    1    5.100   1.0000          evt1
271.1503    3    5.100   1.0000          evt3
276.2503    0    5.950   1.0000          NULL 
282.2003    1    5.100   1.0000          evt1
287.3003    0    2.550   1.0000          NULL 
289.8503    4    5.100   1.0000          evt4
294.9503    0    0.850   1.0000          NULL 
295.8004    6    5.100   1.0000          evt6
300.9004    5    5.100   1.0000          evt5
306.0004    3    5.100   1.0000          evt3
311.1004    0    1.700   1.0000          NULL 
312.8004    4    5.100   1.0000          evt4
317.9004    2    5.100   1.0000          evt2
323.0004    0    1.700   1.0000          NULL 
324.7004    4    5.100   1.0000          evt4
329.8004    4    5.100   1.0000          evt4
334.9004    0    0.850   1.0000          NULL 
335.7504    1    5.100   1.0000          evt1
340.8504    0    4.250   1.0000          NULL 
345.1005    2    5.100   1.0000          evt2
350.2005    3    5.100   1.0000          evt3
355.3005    0    5.100   1.0000          NULL 
