  0.0000    1    5.100   1.0000          evt1
  5.1000    0    1.700   1.0000          NULL 
  6.8000    1    5.100   1.0000          evt1
 11.9000    0    0.850   1.0000          NULL 
 12.7500    5    5.100   1.0000          evt5
 17.8500    4    5.100   1.0000          evt4
 22.9500    0    3.400   1.0000          NULL 
 26.3500    3    5.100   1.0000          evt3
 31.4500    2    5.100   1.0000          evt2
 36.5500    0    0.850   1.0000          NULL 
 37.4000    4    5.100   1.0000          evt4
 42.5000    4    5.100   1.0000          evt4
 47.6000    6    5.100   1.0000          evt6
 52.7000    0    1.700   1.0000          NULL 
 54.4000    4    5.100   1.0000          evt4
 59.5000    0    3.400   1.0000          NULL 
 62.9000    6    5.100   1.0000          evt6
 68.0000    0    0.850   1.0000          NULL 
 68.8500    3    5.100   1.0000          evt3
 73.9500    0    3.400   1.0000          NULL 
 77.3500    6    5.100   1.0000          evt6
 82.4500    5    5.100   1.0000          evt5
 87.5500    0    1.700   1.0000          NULL 
 89.2500    6    5.100   1.0000          evt6
 94.3500    0    0.850   1.0000          NULL 
 95.2000    2    5.100   1.0000          evt2
100.3000    5    5.100   1.0000          evt5
105.4000    0    7.650   1.0000          NULL 
113.0499    4    5.100   1.0000          evt4
118.1499    0    1.700   1.0000          NULL 
119.8499    1    5.100   1.0000          evt1
124.9499    0    1.700   1.0000          NULL 
126.6499    4    5.100   1.0000          evt4
131.7499    4    5.100   1.0000          evt4
136.8499    1    5.100   1.0000          evt1
141.9500    0    2.550   1.0000          NULL 
144.5000    1    5.100   1.0000          evt1
149.6000    0    2.550   1.0000          NULL 
152.1500    6    5.100   1.0000          evt6
157.2500    0    0.850   1.0000          NULL 
158.1000    1    5.100   1.0000          evt1
163.2000    0    0.850   1.0000          NULL 
164.0500    4    5.100   1.0000          evt4
169.1500    6    5.100   1.0000          evt6
174.2500    2    5.100   1.0000          evt2
179.3500    0    1.700   1.0000          NULL 
181.0500    1    5.100   1.0000          evt1
186.1501    0    1.700   1.0000          NULL 
187.8501    2    5.100   1.0000          evt2
192.9501    3    5.100   1.0000          evt3
198.0501    4    5.100   1.0000          evt4
203.1501    0    5.950   1.0000          NULL 
209.1001    3    5.100   1.0000          evt3
214.2001    6    5.100   1.0000          evt6
219.3001    0    0.850   1.0000          NULL 
220.1501    2    5.100   1.0000          evt2
225.2502    0    1.700   1.0000          NULL 
226.9502    3    5.100   1.0000          evt3
232.0502    0    0.850   1.0000          NULL 
232.9002    1    5.100   1.0000          evt1
238.0002    0    2.550   1.0000          NULL 
240.5502    3    5.100   1.0000          evt3
245.6502    0    1.700   1.0000          NULL 
247.3502    4    5.100   1.0000          evt4
252.4502    5    5.100   1.0000          evt5
257.5502    0    3.400   1.0000          NULL 
260.9503    3    5.100   1.0000          evt3
266.0503    0    1.700   1.0000          NULL 
267.7503    6    5.100   1.0000          evt6
272.8503    0    5.100   1.0000          NULL 
277.9503    1    5.100   1.0000          evt1
283.0503    0    2.550   1.0000          NULL 
285.6003    6    5.100   1.0000          evt6
290.7003    0    1.700   1.0000          NULL 
292.4004    6    5.100   1.0000          evt6
297.5004    0    1.700   1.0000          NULL 
299.2004    6    5.100   1.0000          evt6
304.3004    0    0.850   1.0000          NULL 
305.1504    4    5.100   1.0000          evt4
310.2504    0    2.550   1.0000          NULL 
312.8004    3    5.100   1.0000          evt3
317.9004    0    0.850   1.0000          NULL 
318.7504    3    5.100   1.0000          evt3
323.8504    0    1.700   1.0000          NULL 
325.5504    5    5.100   1.0000          evt5
330.6505    1    5.100   1.0000          evt1
335.7505    3    5.100   1.0000          evt3
340.8505    0    2.550   1.0000          NULL 
343.4005    3    5.100   1.0000          evt3
348.5005    1    5.100   1.0000          evt1
353.6005    0    6.800   1.0000          NULL 
