  0.0000    6    5.100   1.0000          evt6
  5.1000    0    6.800   1.0000          NULL 
 11.9000    4    5.100   1.0000          evt4
 17.0000    0    1.700   1.0000          NULL 
 18.7000    4    5.100   1.0000          evt4
 23.8000    0    0.850   1.0000          NULL 
 24.6500    4    5.100   1.0000          evt4
 29.7500    0    3.400   1.0000          NULL 
 33.1500    6    5.100   1.0000          evt6
 38.2500    0    1.700   1.0000          NULL 
 39.9500    4    5.100   1.0000          evt4
 45.0500    0    0.850   1.0000          NULL 
 45.9000    3    5.100   1.0000          evt3
 51.0000    0    0.850   1.0000          NULL 
 51.8500    1    5.100   1.0000          evt1
 56.9500    0    0.850   1.0000          NULL 
 57.8000    5    5.100   1.0000          evt5
 62.9000    0    0.850   1.0000          NULL 
 63.7500    4    5.100   1.0000          evt4
 68.8500    0    0.850   1.0000          NULL 
 69.7000    1    5.100   1.0000          evt1
 74.8000    0    0.850   1.0000          NULL 
 75.6500    6    5.100   1.0000          evt6
 80.7500    0    0.850   1.0000          NULL 
 81.6000    6    5.100   1.0000          evt6
 86.7000    0    1.700   1.0000          NULL 
 88.4000    6    5.100   1.0000          evt6
 93.5000    0    0.850   1.0000          NULL 
 94.3500    3    5.100   1.0000          evt3
 99.4500    0    0.850   1.0000          NULL 
100.3000    3    5.100   1.0000          evt3
105.4000    0    1.700   1.0000          NULL 
107.1000    6    5.100   1.0000          evt6
112.2000    0    0.850   1.0000          NULL 
113.0500    1    5.100   1.0000          evt1
118.1500    0    7.650   1.0000          NULL 
125.7999    3    5.100   1.0000          evt3
130.8999    0    0.850   1.0000          NULL 
131.7500    3    5.100   1.0000          evt3
136.8500    0    2.550   1.0000          NULL 
139.4000    6    5.100   1.0000          evt6
144.5000    0    0.850   1.0000          NULL 
145.3500    2    5.100   1.0000          evt2
150.4500    0    0.850   1.0000          NULL 
151.3000    4    5.100   1.0000          evt4
156.4000    0    0.850   1.0000          NULL 
157.2500    2    5.100   1.0000          evt2
162.3500    0    1.700   1.0000          NULL 
164.0500    3    5.100   1.0000          evt3
169.1500    0    0.850   1.0000          NULL 
170.0000    4    5.100   1.0000          evt4
175.1001    0    1.700   1.0000          NULL 
176.8001    4    5.100   1.0000          evt4
181.9001    0    0.850   1.0000          NULL 
182.7501    3    5.100   1.0000          evt3
187.8501    0    1.700   1.0000          NULL 
189.5501    2    5.100   1.0000          evt2
194.6501    0    1.700   1.0000          NULL 
196.3501    4    5.100   1.0000          evt4
201.4501    0    0.850   1.0000          NULL 
202.3001    1    5.100   1.0000          evt1
207.4001    0    0.850   1.0000          NULL 
208.2501    6    5.100   1.0000          evt6
213.3501    0    0.850   1.0000          NULL 
214.2001    3    5.100   1.0000          evt3
219.3002    0    1.700   1.0000          NULL 
221.0002    5    5.100   1.0000          evt5
226.1002    0    0.850   1.0000          NULL 
226.9502    1    5.100   1.0000          evt1
232.0502    0    0.850   1.0000          NULL 
232.9002    5    5.100   1.0000          evt5
238.0002    0    0.850   1.0000          NULL 
238.8502    5    5.100   1.0000          evt5
243.9502    0    0.850   1.0000          NULL 
244.8002    2    5.100   1.0000          evt2
249.9002    0    0.850   1.0000          NULL 
250.7502    4    5.100   1.0000          evt4
255.8502    0    1.700   1.0000          NULL 
257.5502    2    5.100   1.0000          evt2
262.6502    0    1.700   1.0000          NULL 
264.3503    4    5.100   1.0000          evt4
269.4503    0    2.550   1.0000          NULL 
272.0003    1    5.100   1.0000          evt1
277.1003    0    0.850   1.0000          NULL 
277.9503    1    5.100   1.0000          evt1
283.0503    0    3.400   1.0000          NULL 
286.4503    1    5.100   1.0000          evt1
291.5503    0    0.850   1.0000          NULL 
292.4003    3    5.100   1.0000          evt3
297.5003    0    0.850   1.0000          NULL 
298.3503    3    5.100   1.0000          evt3
303.4503    0    2.550   1.0000          NULL 
306.0004    5    5.100   1.0000          evt5
311.1004    0    1.700   1.0000          NULL 
312.8004    6    5.100   1.0000          evt6
317.9004    0    0.850   1.0000          NULL 
318.7504    3    5.100   1.0000          evt3
323.8504    0    3.400   1.0000          NULL 
327.2504    6    5.100   1.0000          evt6
332.3504    0    0.850   1.0000          NULL 
333.2004    1    5.100   1.0000          evt1
338.3004    0    0.850   1.0000          NULL 
339.1505    1    5.100   1.0000          evt1
344.2505    0    0.850   1.0000          NULL 
345.1005    1    5.100   1.0000          evt1
350.2005    0    3.400   1.0000          NULL 
353.6005    6    5.100   1.0000          evt6
358.7005    0    1.700   1.0000          NULL 
