  0.0000    3    5.100   1.0000          evt3
  5.1000    0    0.850   1.0000          NULL 
  5.9500    2    5.100   1.0000          evt2
 11.0500    0    4.250   1.0000          NULL 
 15.3000    1    5.100   1.0000          evt1
 20.4000    0    0.850   1.0000          NULL 
 21.2500    3    5.100   1.0000          evt3
 26.3500    0    0.850   1.0000          NULL 
 27.2000    1    5.100   1.0000          evt1
 32.3000    0    0.850   1.0000          NULL 
 33.1500    3    5.100   1.0000          evt3
 38.2500    0    0.850   1.0000          NULL 
 39.1000    2    5.100   1.0000          evt2
 44.2000    0    1.700   1.0000          NULL 
 45.9000    4    5.100   1.0000          evt4
 51.0000    0    0.850   1.0000          NULL 
 51.8500    1    5.100   1.0000          evt1
 56.9500    0    0.850   1.0000          NULL 
 57.8000    2    5.100   1.0000          evt2
 62.9000    0    3.400   1.0000          NULL 
 66.3000    1    5.100   1.0000          evt1
 71.4000    0    0.850   1.0000          NULL 
 72.2500    3    5.100   1.0000          evt3
 77.3500    0    0.850   1.0000          NULL 
 78.2000    4    5.100   1.0000          evt4
 83.3000    0    0.850   1.0000          NULL 
 84.1500    6    5.100   1.0000          evt6
 89.2500    0    1.700   1.0000          NULL 
 90.9500    3    5.100   1.0000          evt3
 96.0500    0    0.850   1.0000          NULL 
 96.9000    6    5.100   1.0000          evt6
102.0000    0    0.850   1.0000          NULL 
102.8500    5    5.100   1.0000          evt5
107.9500    0    2.550   1.0000          NULL 
110.5000    6    5.100   1.0000          evt6
115.6000    0    0.850   1.0000          NULL 
116.4500    1    5.100   1.0000          evt1
121.5499    0    1.700   1.0000          NULL 
123.2499    5    5.100   1.0000          evt5
128.3499    0    0.850   1.0000          NULL 
129.2000    2    5.100   1.0000          evt2
134.3000    0    1.700   1.0000          NULL 
136.0000    4    5.100   1.0000          evt4
141.1000    0    4.250   1.0000          NULL 
145.3500    1    5.100   1.0000          evt1
150.4500    0    5.100   1.0000          NULL 
155.5500    6    5.100   1.0000          evt6
160.6501    0    0.850   1.0000          NULL 
161.5001    4    5.100   1.0000          evt4
166.6001    0    0.850   1.0000          NULL 
167.4501    6    5.100   1.0000          evt6
172.5501    0    3.400   1.0000          NULL 
175.9501    3    5.100   1.0000          evt3
181.0501    0    1.700   1.0000          NULL 
182.7501    6    5.100   1.0000          evt6
187.8501    0    0.850   1.0000          NULL 
188.7001    3    5.100   1.0000          evt3
193.8001    0    0.850   1.0000          NULL 
194.6501    5    5.100   1.0000          evt5
199.7502    0    1.700   1.0000          NULL 
201.4502    3    5.100   1.0000          evt3
206.5502    0    0.850   1.0000          NULL 
207.4002    2    5.100   1.0000          evt2
212.5002    0    1.700   1.0000          NULL 
214.2002    6    5.100   1.0000          evt6
219.3002    0    0.850   1.0000          NULL 
220.1502    5    5.100   1.0000          evt5
225.2502    0    0.850   1.0000          NULL 
226.1002    4    5.100   1.0000          evt4
231.2002    0    0.850   1.0000          NULL 
232.0502    1    5.100   1.0000          evt1
237.1502    0    0.850   1.0000          NULL 
238.0002    1    5.100   1.0000          evt1
243.1003    0    0.850   1.0000          NULL 
243.9503    4    5.100   1.0000          evt4
249.0503    0    1.700   1.0000          NULL 
250.7503    4    5.100   1.0000          evt4
255.8503    0    1.700   1.0000          NULL 
257.5503    5    5.100   1.0000          evt5
262.6503    0    0.850   1.0000          NULL 
263.5003    4    5.100   1.0000          evt4
268.6003    0    2.550   1.0000          NULL 
271.1503    6    5.100   1.0000          evt6
276.2503    0    1.700   1.0000          NULL 
277.9503    6    5.100   1.0000          evt6
283.0504    0    1.700   1.0000          NULL 
284.7504    6    5.100   1.0000          evt6
289.8504    0    1.700   1.0000          NULL 
291.5504    1    5.100   1.0000          evt1
296.6504    0    1.700   1.0000          NULL 
298.3504    3    5.100   1.0000          evt3
303.4504    0    0.850   1.0000          NULL 
304.3004    4    5.100   1.0000          evt4
309.4004    0    0.850   1.0000          NULL 
310.2504    1    5.100   1.0000          evt1
315.3504    0    1.700   1.0000          NULL 
317.0504    1    5.100   1.0000          evt1
322.1505    0    3.400   1.0000          NULL 
325.5505    6    5.100   1.0000          evt6
330.6505    0    5.100   1.0000          NULL 
335.7505    3    5.100   1.0000          evt3
340.8505    0    0.850   1.0000          NULL 
341.7005    3    5.100   1.0000          evt3
346.8005    0    0.850   1.0000          NULL 
347.6505    4    5.100   1.0000          evt4
352.7505    0    0.850   1.0000          NULL 
353.6006    4    5.100   1.0000          evt4
358.7006    0    1.699   1.0000          NULL 
