  0.0000    3    5.100   1.0000          evt3
  5.1000    1    5.100   1.0000          evt1
 10.2000    0    4.250   1.0000          NULL 
 14.4500    3    5.100   1.0000          evt3
 19.5500    6    5.100   1.0000          evt6
 24.6500    0    2.550   1.0000          NULL 
 27.2000    1    5.100   1.0000          evt1
 32.3000    2    5.100   1.0000          evt2
 37.4000    0    5.100   1.0000          NULL 
 42.5000    4    5.100   1.0000          evt4
 47.6000    4    5.100   1.0000          evt4
 52.7000    0    0.850   1.0000          NULL 
 53.5500    4    5.100   1.0000          evt4
 58.6500    3    5.100   1.0000          evt3
 63.7500    0    3.400   1.0000          NULL 
 67.1500    6    5.100   1.0000          evt6
 72.2500    0    3.400   1.0000          NULL 
 75.6500    6    5.100   1.0000          evt6
 80.7500    0    1.700   1.0000          NULL 
 82.4500    6    5.100   1.0000          evt6
 87.5500    0    9.350   1.0000          NULL 
 96.8999    1    5.100   1.0000          evt1
101.9999    0    2.550   1.0000          NULL 
104.5499    1    5.100   1.0000          evt1
109.6499    3    5.100   1.0000          evt3
114.7499    4    5.100   1.0000          evt4
119.8499    1    5.100   1.0000          evt1
124.9499    4    5.100   1.0000          evt4
130.0499    0    4.250   1.0000          NULL 
134.3000    5    5.100   1.0000          evt5
139.4000    5    5.100   1.0000          evt5
144.5000    0    2.550   1.0000          NULL 
147.0500    3    5.100   1.0000          evt3
152.1500    6    5.100   1.0000          evt6
157.2500    1    5.100   1.0000          evt1
162.3500    3    5.100   1.0000          evt3
167.4500    0    3.400   1.0000          NULL 
170.8501    1    5.100   1.0000          evt1
175.9501    0    1.700   1.0000          NULL 
177.6501    6    5.100   1.0000          evt6
182.7501    0    0.850   1.0000          NULL 
183.6001    3    5.100   1.0000          evt3
188.7001    0    1.700   1.0000          NULL 
190.4001    6    5.100   1.0000          evt6
195.5001    6    5.100   1.0000          evt6
200.6001    0    1.700   1.0000          NULL 
202.3001    6    5.100   1.0000          evt6
207.4001    0    0.850   1.0000          NULL 
208.2501    4    5.100   1.0000          evt4
213.3501    4    5.100   1.0000          evt4
218.4501    0    5.950   1.0000          NULL 
224.4002    1    5.100   1.0000          evt1
229.5002    0    1.700   1.0000          NULL 
231.2002    5    5.100   1.0000          evt5
236.3002    1    5.100   1.0000          evt1
241.4002    3    5.100   1.0000          evt3
246.5002    3    5.100   1.0000          evt3
251.6002    0    5.950   1.0000          NULL 
257.5503    6    5.100   1.0000          evt6
262.6503    0    0.850   1.0000          NULL 
263.5003    6    5.100   1.0000          evt6
268.6003    4    5.100   1.0000          evt4
273.7003    1    5.100   1.0000          evt1
278.8003    0    0.850   1.0000          NULL 
279.6503    3    5.100   1.0000          evt3
284.7503    0    1.700   1.0000          NULL 
286.4503    4    5.100   1.0000          evt4
291.5503    0    3.400   1.0000          NULL 
294.9503    4    5.100   1.0000          evt4
300.0504    0    5.100   1.0000          NULL 
305.1504    2    5.100   1.0000          evt2
310.2504    5    5.100   1.0000          evt5
315.3504    0    2.550   1.0000          NULL 
317.9004    2    5.100   1.0000          evt2
323.0004    5    5.100   1.0000          evt5
328.1004    0    2.550   1.0000          NULL 
330.6505    1    5.100   1.0000          evt1
335.7505    0    1.700   1.0000          NULL 
337.4505    3    5.100   1.0000          evt3
342.5505    4    5.100   1.0000          evt4
347.6505    2    5.100   1.0000          evt2
352.7505    0    0.850   1.0000          NULL 
353.6005    2    5.100   1.0000          evt2
358.7005    0    1.700   1.0000          NULL 
