  0.0000    6    5.100   1.0000          evt6
  5.1000    0    0.850   1.0000          NULL 
  5.9500    1    5.100   1.0000          evt1
 11.0500    0    3.400   1.0000          NULL 
 14.4500    4    5.100   1.0000          evt4
 19.5500    0    0.850   1.0000          NULL 
 20.4000    1    5.100   1.0000          evt1
 25.5000    0    1.700   1.0000          NULL 
 27.2000    6    5.100   1.0000          evt6
 32.3000    0    1.700   1.0000          NULL 
 34.0000    6    5.100   1.0000          evt6
 39.1000    0    0.850   1.0000          NULL 
 39.9500    3    5.100   1.0000          evt3
 45.0500    0    1.700   1.0000          NULL 
 46.7500    4    5.100   1.0000          evt4
 51.8500    0    0.850   1.0000          NULL 
 52.7000    4    5.100   1.0000          evt4
 57.8000    0    2.550   1.0000          NULL 
 60.3500    1    5.100   1.0000          evt1
 65.4500    0    0.850   1.0000          NULL 
 66.3000    5    5.100   1.0000          evt5
 71.4000    0    1.700   1.0000          NULL 
 73.1000    4    5.100   1.0000          evt4
 78.2000    0    0.850   1.0000          NULL 
 79.0500    1    5.100   1.0000          evt1
 84.1500    0    0.850   1.0000          NULL 
 85.0000    4    5.100   1.0000          evt4
 90.1000    0    0.850   1.0000          NULL 
 90.9500    6    5.100   1.0000          evt6
 96.0500    0    0.850   1.0000          NULL 
 96.9000    3    5.100   1.0000          evt3
102.0000    0    1.700   1.0000          NULL 
103.7000    5    5.100   1.0000          evt5
108.8000    0    1.700   1.0000          NULL 
110.5000    6    5.100   1.0000          evt6
115.6000    0    2.550   1.0000          NULL 
118.1499    3    5.100   1.0000          evt3
123.2499    0    3.400   1.0000          NULL 
126.6499    2    5.100   1.0000          evt2
131.7499    0    1.700   1.0000          NULL 
133.4500    3    5.100   1.0000          evt3
138.5500    0    0.850   1.0000          NULL 
139.4000    5    5.100   1.0000          evt5
144.5000    0    4.250   1.0000          NULL 
148.7500    6    5.100   1.0000          evt6
153.8500    0    0.850   1.0000          NULL 
154.7000    4    5.100   1.0000          evt4
159.8000    0    2.550   1.0000          NULL 
162.3500    3    5.100   1.0000          evt3
167.4500    0    0.850   1.0000          NULL 
168.3000    3    5.100   1.0000          evt3
173.4001    0    0.850   1.0000          NULL 
174.2501    2    5.100   1.0000          evt2
179.3501    0    0.850   1.0000          NULL 
180.2001    4    5.100   1.0000          evt4
185.3001    0    0.850   1.0000          NULL 
186.1501    2    5.100   1.0000          evt2
191.2501    0    0.850   1.0000          NULL 
192.1001    1    5.100   1.0000          evt1
197.2001    0    5.100   1.0000          NULL 
202.3001    6    5.100   1.0000          evt6
207.4001    0    3.400   1.0000          NULL 
210.8002    3    5.100   1.0000          evt3
215.9002    0    1.700   1.0000          NULL 
217.6002    6    5.100   1.0000          evt6
222.7002    0    1.700   1.0000          NULL 
224.4002    1    5.100   1.0000          evt1
229.5002    0    0.850   1.0000          NULL 
230.3502    4    5.100   1.0000          evt4
235.4502    0    1.700   1.0000          NULL 
237.1502    5    5.100   1.0000          evt5
242.2502    0    0.850   1.0000          NULL 
243.1003    3    5.100   1.0000          evt3
248.2003    0    3.400   1.0000          NULL 
251.6003    2    5.100   1.0000          evt2
256.7003    0    0.850   1.0000          NULL 
257.5503    6    5.100   1.0000          evt6
262.6503    0    2.550   1.0000          NULL 
265.2003    5    5.100   1.0000          evt5
270.3003    0    0.850   1.0000          NULL 
271.1503    4    5.100   1.0000          evt4
276.2503    0    0.850   1.0000          NULL 
277.1003    1    5.100   1.0000          evt1
282.2003    0    0.850   1.0000          NULL 
283.0504    1    5.100   1.0000          evt1
288.1504    0    2.550   1.0000          NULL 
290.7004    1    5.100   1.0000          evt1
295.8004    0    0.850   1.0000          NULL 
296.6504    6    5.100   1.0000          evt6
301.7504    0    1.700   1.0000          NULL 
303.4504    3    5.100   1.0000          evt3
308.5504    0    0.850   1.0000          NULL 
309.4004    1    5.100   1.0000          evt1
314.5004    0    0.850   1.0000          NULL 
315.3504    2    5.100   1.0000          evt2
320.4504    0    0.850   1.0000          NULL 
321.3004    3    5.100   1.0000          evt3
326.4005    0    0.850   1.0000          NULL 
327.2505    4    5.100   1.0000          evt4
332.3505    0    0.850   1.0000          NULL 
333.2005    6    5.100   1.0000          evt6
338.3005    0    2.550   1.0000          NULL 
340.8505    3    5.100   1.0000          evt3
345.9505    0    0.850   1.0000          NULL 
346.8005    4    5.100   1.0000          evt4
351.9005    0    2.550   1.0000          NULL 
354.4505    1    5.100   1.0000          evt1
359.5505    0    0.849   1.0000          NULL 
