  0.0000    4    5.100   1.0000          evt4
  5.1000    4    5.100   1.0000          evt4
 10.2000    0    0.850   1.0000          NULL 
 11.0500    3    5.100   1.0000          evt3
 16.1500    0    4.250   1.0000          NULL 
 20.4000    1    5.100   1.0000          evt1
 25.5000    1    5.100   1.0000          evt1
 30.6000    0    2.550   1.0000          NULL 
 33.1500    3    5.100   1.0000          evt3
 38.2500    2    5.100   1.0000          evt2
 43.3500    0    1.700   1.0000          NULL 
 45.0500    2    5.100   1.0000          evt2
 50.1500    3    5.100   1.0000          evt3
 55.2500    0    5.100   1.0000          NULL 
 60.3500    2    5.100   1.0000          evt2
 65.4500    1    5.100   1.0000          evt1
 70.5500    0    3.400   1.0000          NULL 
 73.9500    6    5.100   1.0000          evt6
 79.0500    4    5.100   1.0000          evt4
 84.1500    0    4.250   1.0000          NULL 
 88.4000    1    5.100   1.0000          evt1
 93.5000    6    5.100   1.0000          evt6
 98.6000    1    5.100   1.0000          evt1
103.7000    0    2.550   1.0000          NULL 
106.2500    4    5.100   1.0000          evt4
111.3500    0    2.550   1.0000          NULL 
113.8999    6    5.100   1.0000          evt6
118.9999    0    4.250   1.0000          NULL 
123.2499    1    5.100   1.0000          evt1
128.3499    6    5.100   1.0000          evt6
133.4500    0    5.950   1.0000          NULL 
139.4000    1    5.100   1.0000          evt1
144.5000    0    2.550   1.0000          NULL 
147.0500    6    5.100   1.0000          evt6
152.1500    0    3.400   1.0000          NULL 
155.5500    4    5.100   1.0000          evt4
160.6501    0    5.950   1.0000          NULL 
166.6001    1    5.100   1.0000          evt1
171.7001    0    1.700   1.0000          NULL 
173.4001    4    5.100   1.0000          evt4
178.5001    0    4.250   1.0000          NULL 
182.7502    5    5.100   1.0000          evt5
187.8502    0    1.700   1.0000          NULL 
189.5502    4    5.100   1.0000          evt4
194.6502    0    0.850   1.0000          NULL 
195.5002    6    5.100   1.0000          evt6
200.6002    0    1.700   1.0000          NULL 
202.3002    3    5.100   1.0000          evt3
207.4002    0    0.850   1.0000          NULL 
208.2502    3    5.100   1.0000          evt3
213.3502    0    0.850   1.0000          NULL 
214.2002    3    5.100   1.0000          evt3
219.3002    0    0.850   1.0000          NULL 
220.1502    4    5.100   1.0000          evt4
225.2502    4    5.100   1.0000          evt4
230.3503    0    0.850   1.0000          NULL 
231.2003    6    5.100   1.0000          evt6
236.3003    3    5.100   1.0000          evt3
241.4003    0    1.700   1.0000          NULL 
243.1003    3    5.100   1.0000          evt3
248.2003    1    5.100   1.0000          evt1
253.3003    0    1.700   1.0000          NULL 
255.0003    4    5.100   1.0000          evt4
260.1003    0    4.250   1.0000          NULL 
264.3503    3    5.100   1.0000          evt3
269.4503    0    0.850   1.0000          NULL 
270.3004    3    5.100   1.0000          evt3
275.4004    0    0.850   1.0000          NULL 
276.2504    6    5.100   1.0000          evt6
281.3504    0    0.850   1.0000          NULL 
282.2004    5    5.100   1.0000          evt5
287.3004    0    3.400   1.0000          NULL 
290.7004    2    5.100   1.0000          evt2
295.8004    5    5.100   1.0000          evt5
300.9004    0    0.850   1.0000          NULL 
301.7504    2    5.100   1.0000          evt2
306.8504    6    5.100   1.0000          evt6
311.9504    6    5.100   1.0000          evt6
317.0504    6    5.100   1.0000          evt6
322.1505    0    1.700   1.0000          NULL 
323.8505    1    5.100   1.0000          evt1
328.9505    0    1.700   1.0000          NULL 
330.6505    3    5.100   1.0000          evt3
335.7505    5    5.100   1.0000          evt5
340.8505    0    1.700   1.0000          NULL 
342.5505    4    5.100   1.0000          evt4
347.6505    1    5.100   1.0000          evt1
352.7505    5    5.100   1.0000          evt5
357.8505    0    2.549   1.0000          NULL 
