  0.0000    6    5.100   1.0000          evt6
  5.1000    6    5.100   1.0000          evt6
 10.2000    4    5.100   1.0000          evt4
 15.3000    0    1.700   1.0000          NULL 
 17.0000    4    5.100   1.0000          evt4
 22.1000    2    5.100   1.0000          evt2
 27.2000    2    5.100   1.0000          evt2
 32.3000    0    0.850   1.0000          NULL 
 33.1500    1    5.100   1.0000          evt1
 38.2500    0    0.850   1.0000          NULL 
 39.1000    2    5.100   1.0000          evt2
 44.2000    1    5.100   1.0000          evt1
 49.3000    1    5.100   1.0000          evt1
 54.4000    4    5.100   1.0000          evt4
 59.5000    1    5.100   1.0000          evt1
 64.6000    0    0.850   1.0000          NULL 
 65.4500    5    5.100   1.0000          evt5
 70.5500    4    5.100   1.0000          evt4
 75.6500    0    0.850   1.0000          NULL 
 76.5000    1    5.100   1.0000          evt1
 81.6000    0    2.550   1.0000          NULL 
 84.1500    6    5.100   1.0000          evt6
 89.2500    0    6.800   1.0000          NULL 
 96.0500    3    5.100   1.0000          evt3
101.1500    0    5.950   1.0000          NULL 
107.1000    4    5.100   1.0000          evt4
112.2000    0    2.550   1.0000          NULL 
114.7499    6    5.100   1.0000          evt6
119.8499    6    5.100   1.0000          evt6
124.9499    0    2.550   1.0000          NULL 
127.4999    4    5.100   1.0000          evt4
132.5999    0    4.250   1.0000          NULL 
136.8500    3    5.100   1.0000          evt3
141.9500    0    6.800   1.0000          NULL 
148.7500    3    5.100   1.0000          evt3
153.8500    4    5.100   1.0000          evt4
158.9500    0    5.100   1.0000          NULL 
164.0501    3    5.100   1.0000          evt3
169.1501    0    2.550   1.0000          NULL 
171.7001    3    5.100   1.0000          evt3
176.8001    0    0.850   1.0000          NULL 
177.6501    3    5.100   1.0000          evt3
182.7501    5    5.100   1.0000          evt5
187.8501    0    0.850   1.0000          NULL 
188.7001    4    5.100   1.0000          evt4
193.8001    0    2.550   1.0000          NULL 
196.3502    1    5.100   1.0000          evt1
201.4502    0    0.850   1.0000          NULL 
202.3002    1    5.100   1.0000          evt1
207.4002    0    0.850   1.0000          NULL 
208.2502    5    5.100   1.0000          evt5
213.3502    0    4.250   1.0000          NULL 
217.6002    2    5.100   1.0000          evt2
222.7002    0    0.850   1.0000          NULL 
223.5502    3    5.100   1.0000          evt3
228.6502    0    0.850   1.0000          NULL 
229.5002    1    5.100   1.0000          evt1
234.6003    0    2.550   1.0000          NULL 
237.1503    5    5.100   1.0000          evt5
242.2503    0    2.550   1.0000          NULL 
244.8003    6    5.100   1.0000          evt6
249.9003    1    5.100   1.0000          evt1
255.0003    0    3.400   1.0000          NULL 
258.4003    4    5.100   1.0000          evt4
263.5003    6    5.100   1.0000          evt6
268.6003    6    5.100   1.0000          evt6
273.7003    6    5.100   1.0000          evt6
278.8004    0    5.100   1.0000          NULL 
283.9004    3    5.100   1.0000          evt3
289.0004    0    2.550   1.0000          NULL 
291.5504    2    5.100   1.0000          evt2
296.6504    0    0.850   1.0000          NULL 
297.5004    5    5.100   1.0000          evt5
302.6004    0    0.850   1.0000          NULL 
303.4504    6    5.100   1.0000          evt6
308.5504    3    5.100   1.0000          evt3
313.6505    0    1.700   1.0000          NULL 
315.3505    4    5.100   1.0000          evt4
320.4505    1    5.100   1.0000          evt1
325.5505    4    5.100   1.0000          evt4
330.6505    0    5.100   1.0000          NULL 
335.7505    3    5.100   1.0000          evt3
340.8505    0    0.850   1.0000          NULL 
341.7005    1    5.100   1.0000          evt1
346.8005    0    3.400   1.0000          NULL 
350.2006    6    5.100   1.0000          evt6
355.3006    3    5.100   1.0000          evt3
