  0.0000    5    5.100   1.0000          evt5
  5.1000    0    0.850   1.0000          NULL 
  5.9500    4    5.100   1.0000          evt4
 11.0500    0    0.850   1.0000          NULL 
 11.9000    2    5.100   1.0000          evt2
 17.0000    0    0.850   1.0000          NULL 
 17.8500    1    5.100   1.0000          evt1
 22.9500    0    7.650   1.0000          NULL 
 30.6000    6    5.100   1.0000          evt6
 35.7000    6    5.100   1.0000          evt6
 40.8000    3    5.100   1.0000          evt3
 45.9000    4    5.100   1.0000          evt4
 51.0000    4    5.100   1.0000          evt4
 56.1000    0    1.700   1.0000          NULL 
 57.8000    1    5.100   1.0000          evt1
 62.9000    0    0.850   1.0000          NULL 
 63.7500    5    5.100   1.0000          evt5
 68.8500    0    1.700   1.0000          NULL 
 70.5500    2    5.100   1.0000          evt2
 75.6500    0    1.700   1.0000          NULL 
 77.3500    3    5.100   1.0000          evt3
 82.4500    0    0.850   1.0000          NULL 
 83.3000    1    5.100   1.0000          evt1
 88.4000    0    1.700   1.0000          NULL 
 90.1000    3    5.100   1.0000          evt3
 95.2000    0    2.550   1.0000          NULL 
 97.7500    1    5.100   1.0000          evt1
102.8500    0    2.550   1.0000          NULL 
105.4000    1    5.100   1.0000          evt1
110.5000    0    3.400   1.0000          NULL 
113.9000    6    5.100   1.0000          evt6
119.0000    4    5.100   1.0000          evt4
124.1000    4    5.100   1.0000          evt4
129.2000    0    0.850   1.0000          NULL 
130.0500    1    5.100   1.0000          evt1
135.1500    1    5.100   1.0000          evt1
140.2500    0    0.850   1.0000          NULL 
141.1000    3    5.100   1.0000          evt3
146.2000    0    2.550   1.0000          NULL 
148.7500    4    5.100   1.0000          evt4
153.8500    0    5.100   1.0000          NULL 
158.9500    6    5.100   1.0000          evt6
164.0500    0    5.100   1.0000          NULL 
169.1501    4    5.100   1.0000          evt4
174.2501    3    5.100   1.0000          evt3
179.3501    4    5.100   1.0000          evt4
184.4501    0    1.700   1.0000          NULL 
186.1501    6    5.100   1.0000          evt6
191.2501    0    1.700   1.0000          NULL 
192.9501    1    5.100   1.0000          evt1
198.0501    0    0.850   1.0000          NULL 
198.9001    6    5.100   1.0000          evt6
204.0002    1    5.100   1.0000          evt1
209.1002    0    6.800   1.0000          NULL 
215.9002    6    5.100   1.0000          evt6
221.0002    3    5.100   1.0000          evt3
226.1002    0    1.700   1.0000          NULL 
227.8002    5    5.100   1.0000          evt5
232.9002    0    0.850   1.0000          NULL 
233.7502    6    5.100   1.0000          evt6
238.8503    0    3.400   1.0000          NULL 
242.2503    1    5.100   1.0000          evt1
247.3503    0    3.400   1.0000          NULL 
250.7503    6    5.100   1.0000          evt6
255.8503    0    0.850   1.0000          NULL 
256.7003    2    5.100   1.0000          evt2
261.8003    0    0.850   1.0000          NULL 
262.6503    1    5.100   1.0000          evt1
267.7503    0    4.250   1.0000          NULL 
272.0004    5    5.100   1.0000          evt5
277.1004    6    5.100   1.0000          evt6
282.2004    0    1.700   1.0000          NULL 
283.9004    6    5.100   1.0000          evt6
289.0004    0    1.700   1.0000          NULL 
290.7004    2    5.100   1.0000          evt2
295.8004    4    5.100   1.0000          evt4
300.9004    3    5.100   1.0000          evt3
306.0004    4    5.100   1.0000          evt4
311.1004    2    5.100   1.0000          evt2
316.2004    0    2.550   1.0000          NULL 
318.7505    3    5.100   1.0000          evt3
323.8505    0    0.850   1.0000          NULL 
324.7005    3    5.100   1.0000          evt3
329.8005    0    2.550   1.0000          NULL 
332.3505    3    5.100   1.0000          evt3
337.4505    0    0.850   1.0000          NULL 
338.3005    5    5.100   1.0000          evt5
343.4005    0    5.100   1.0000          NULL 
348.5005    4    5.100   1.0000          evt4
353.6006    3    5.100   1.0000          evt3
358.7006    0    1.699   1.0000          NULL 
