  0.0000    3    5.100   1.0000          evt3
  5.1000    0    1.700   1.0000          NULL 
  6.8000    6    5.100   1.0000          evt6
 11.9000    0    0.850   1.0000          NULL 
 12.7500    1    5.100   1.0000          evt1
 17.8500    0    0.850   1.0000          NULL 
 18.7000    5    5.100   1.0000          evt5
 23.8000    0    2.550   1.0000          NULL 
 26.3500    3    5.100   1.0000          evt3
 31.4500    0    0.850   1.0000          NULL 
 32.3000    5    5.100   1.0000          evt5
 37.4000    0    0.850   1.0000          NULL 
 38.2500    3    5.100   1.0000          evt3
 43.3500    0    0.850   1.0000          NULL 
 44.2000    3    5.100   1.0000          evt3
 49.3000    0    3.400   1.0000          NULL 
 52.7000    6    5.100   1.0000          evt6
 57.8000    0    1.700   1.0000          NULL 
 59.5000    3    5.100   1.0000          evt3
 64.6000    0    0.850   1.0000          NULL 
 65.4500    6    5.100   1.0000          evt6
 70.5500    0    1.700   1.0000          NULL 
 72.2500    1    5.100   1.0000          evt1
 77.3500    0    0.850   1.0000          NULL 
 78.2000    2    5.100   1.0000          evt2
 83.3000    0    1.700   1.0000          NULL 
 85.0000    5    5.100   1.0000          evt5
 90.1000    0    2.550   1.0000          NULL 
 92.6500    4    5.100   1.0000          evt4
 97.7500    0    0.850   1.0000          NULL 
 98.6000    1    5.100   1.0000          evt1
103.7000    0    0.850   1.0000          NULL 
104.5500    1    5.100   1.0000          evt1
109.6500    0    0.850   1.0000          NULL 
110.5000    5    5.100   1.0000          evt5
115.6000    0    0.850   1.0000          NULL 
116.4500    6    5.100   1.0000          evt6
121.5499    0    0.850   1.0000          NULL 
122.3999    4    5.100   1.0000          evt4
127.4999    0    0.850   1.0000          NULL 
128.3499    6    5.100   1.0000          evt6
133.4500    0    1.700   1.0000          NULL 
135.1500    6    5.100   1.0000          evt6
140.2500    0    0.850   1.0000          NULL 
141.1000    3    5.100   1.0000          evt3
146.2000    0    1.700   1.0000          NULL 
147.9000    1    5.100   1.0000          evt1
153.0000    0    2.550   1.0000          NULL 
155.5500    3    5.100   1.0000          evt3
160.6500    0    1.700   1.0000          NULL 
162.3500    4    5.100   1.0000          evt4
167.4500    0    1.700   1.0000          NULL 
169.1501    1    5.100   1.0000          evt1
174.2501    0    3.400   1.0000          NULL 
177.6501    1    5.100   1.0000          evt1
182.7501    0    0.850   1.0000          NULL 
183.6001    3    5.100   1.0000          evt3
188.7001    0    3.400   1.0000          NULL 
192.1001    6    5.100   1.0000          evt6
197.2001    0    0.850   1.0000          NULL 
198.0501    5    5.100   1.0000          evt5
203.1501    0    4.250   1.0000          NULL 
207.4002    2    5.100   1.0000          evt2
212.5002    0    0.850   1.0000          NULL 
213.3502    2    5.100   1.0000          evt2
218.4502    0    0.850   1.0000          NULL 
219.3002    4    5.100   1.0000          evt4
224.4002    0    3.400   1.0000          NULL 
227.8002    1    5.100   1.0000          evt1
232.9002    0    1.700   1.0000          NULL 
234.6003    2    5.100   1.0000          evt2
239.7003    0    0.850   1.0000          NULL 
240.5503    4    5.100   1.0000          evt4
245.6503    0    2.550   1.0000          NULL 
248.2003    4    5.100   1.0000          evt4
253.3003    0    1.700   1.0000          NULL 
255.0003    2    5.100   1.0000          evt2
260.1003    0    2.550   1.0000          NULL 
262.6503    3    5.100   1.0000          evt3
267.7503    0    0.850   1.0000          NULL 
268.6003    6    5.100   1.0000          evt6
273.7003    0    3.400   1.0000          NULL 
277.1004    3    5.100   1.0000          evt3
282.2004    0    1.700   1.0000          NULL 
283.9004    1    5.100   1.0000          evt1
289.0004    0    2.550   1.0000          NULL 
291.5504    4    5.100   1.0000          evt4
296.6504    0    1.700   1.0000          NULL 
298.3504    6    5.100   1.0000          evt6
303.4504    0    0.850   1.0000          NULL 
304.3004    6    5.100   1.0000          evt6
309.4005    0    0.850   1.0000          NULL 
310.2505    1    5.100   1.0000          evt1
315.3505    0    0.850   1.0000          NULL 
316.2005    6    5.100   1.0000          evt6
321.3005    0    0.850   1.0000          NULL 
322.1505    3    5.100   1.0000          evt3
327.2505    0    0.850   1.0000          NULL 
328.1005    4    5.100   1.0000          evt4
333.2005    0    0.850   1.0000          NULL 
334.0505    4    5.100   1.0000          evt4
339.1505    0    0.850   1.0000          NULL 
340.0005    4    5.100   1.0000          evt4
345.1005    0    3.400   1.0000          NULL 
348.5005    1    5.100   1.0000          evt1
353.6006    0    0.850   1.0000          NULL 
354.4506    4    5.100   1.0000          evt4
359.5506    0    0.849   1.0000          NULL 
