  0.0000    5    5.100   1.0000          evt5
  5.1000    0    1.700   1.0000          NULL 
  6.8000    2    5.100   1.0000          evt2
 11.9000    6    5.100   1.0000          evt6
 17.0000    0    3.400   1.0000          NULL 
 20.4000    1    5.100   1.0000          evt1
 25.5000    4    5.100   1.0000          evt4
 30.6000    0    0.850   1.0000          NULL 
 31.4500    1    5.100   1.0000          evt1
 36.5500    3    5.100   1.0000          evt3
 41.6500    0    1.700   1.0000          NULL 
 43.3500    5    5.100   1.0000          evt5
 48.4500    1    5.100   1.0000          evt1
 53.5500    0    0.850   1.0000          NULL 
 54.4000    3    5.100   1.0000          evt3
 59.5000    0    3.400   1.0000          NULL 
 62.9000    3    5.100   1.0000          evt3
 68.0000    6    5.100   1.0000          evt6
 73.1000    0    4.250   1.0000          NULL 
 77.3500    2    5.100   1.0000          evt2
 82.4500    5    5.100   1.0000          evt5
 87.5500    0    2.550   1.0000          NULL 
 90.1000    1    5.100   1.0000          evt1
 95.2000    0    0.850   1.0000          NULL 
 96.0500    2    5.100   1.0000          evt2
101.1500    2    5.100   1.0000          evt2
106.2500    1    5.100   1.0000          evt1
111.3500    0    0.850   1.0000          NULL 
112.2000    3    5.100   1.0000          evt3
117.3000    0    1.700   1.0000          NULL 
119.0000    6    5.100   1.0000          evt6
124.1000    4    5.100   1.0000          evt4
129.2000    0    5.100   1.0000          NULL 
134.3000    6    5.100   1.0000          evt6
139.4000    4    5.100   1.0000          evt4
144.5000    0    4.250   1.0000          NULL 
148.7500    4    5.100   1.0000          evt4
153.8500    0    5.950   1.0000          NULL 
159.8001    6    5.100   1.0000          evt6
164.9001    6    5.100   1.0000          evt6
170.0001    0    0.850   1.0000          NULL 
170.8501    3    5.100   1.0000          evt3
175.9501    0    6.800   1.0000          NULL 
182.7502    3    5.100   1.0000          evt3
187.8502    0    0.850   1.0000          NULL 
188.7002    6    5.100   1.0000          evt6
193.8002    0    0.850   1.0000          NULL 
194.6502    6    5.100   1.0000          evt6
199.7502    0    2.550   1.0000          NULL 
202.3002    4    5.100   1.0000          evt4
207.4002    0    0.850   1.0000          NULL 
208.2502    4    5.100   1.0000          evt4
213.3502    1    5.100   1.0000          evt1
218.4502    6    5.100   1.0000          evt6
223.5502    3    5.100   1.0000          evt3
228.6502    0    0.850   1.0000          NULL 
229.5002    4    5.100   1.0000          evt4
234.6003    6    5.100   1.0000          evt6
239.7003    0    0.850   1.0000          NULL 
240.5503    3    5.100   1.0000          evt3
245.6503    4    5.100   1.0000          evt4
250.7503    0    3.400   1.0000          NULL 
254.1503    5    5.100   1.0000          evt5
259.2503    0    5.100   1.0000          NULL 
264.3503    1    5.100   1.0000          evt1
269.4503    0    0.850   1.0000          NULL 
270.3004    1    5.100   1.0000          evt1
275.4004    0    1.700   1.0000          NULL 
277.1004    4    5.100   1.0000          evt4
282.2004    0    5.100   1.0000          NULL 
287.3004    3    5.100   1.0000          evt3
292.4004    0    1.700   1.0000          NULL 
294.1004    4    5.100   1.0000          evt4
299.2004    0    0.850   1.0000          NULL 
300.0504    5    5.100   1.0000          evt5
305.1505    0    5.950   1.0000          NULL 
311.1005    1    5.100   1.0000          evt1
316.2005    0    0.850   1.0000          NULL 
317.0505    2    5.100   1.0000          evt2
322.1505    0    1.700   1.0000          NULL 
323.8505    6    5.100   1.0000          evt6
328.9505    0    0.850   1.0000          NULL 
329.8005    3    5.100   1.0000          evt3
334.9005    0    0.850   1.0000          NULL 
335.7505    1    5.100   1.0000          evt1
340.8506    0    0.850   1.0000          NULL 
341.7006    1    5.100   1.0000          evt1
346.8006    0    0.850   1.0000          NULL 
347.6506    3    5.100   1.0000          evt3
352.7506    0    0.850   1.0000          NULL 
353.6006    4    5.100   1.0000          evt4
358.7006    0    1.699   1.0000          NULL 
