  0.0000    5    5.100   1.0000          evt5
  5.1000    0    1.700   1.0000          NULL 
  6.8000    4    5.100   1.0000          evt4
 11.9000    0    1.700   1.0000          NULL 
 13.6000    2    5.100   1.0000          evt2
 18.7000    0    0.850   1.0000          NULL 
 19.5500    4    5.100   1.0000          evt4
 24.6500    0    1.700   1.0000          NULL 
 26.3500    5    5.100   1.0000          evt5
 31.4500    0    0.850   1.0000          NULL 
 32.3000    4    5.100   1.0000          evt4
 37.4000    0    1.700   1.0000          NULL 
 39.1000    1    5.100   1.0000          evt1
 44.2000    0    1.700   1.0000          NULL 
 45.9000    3    5.100   1.0000          evt3
 51.0000    0    0.850   1.0000          NULL 
 51.8500    3    5.100   1.0000          evt3
 56.9500    0    0.850   1.0000          NULL 
 57.8000    3    5.100   1.0000          evt3
 62.9000    0    1.700   1.0000          NULL 
 64.6000    1    5.100   1.0000          evt1
 69.7000    0    1.700   1.0000          NULL 
 71.4000    4    5.100   1.0000          evt4
 76.5000    0    0.850   1.0000          NULL 
 77.3500    4    5.100   1.0000          evt4
 82.4500    0    1.700   1.0000          NULL 
 84.1500    1    5.100   1.0000          evt1
 89.2500    0    2.550   1.0000          NULL 
 91.8000    6    5.100   1.0000          evt6
 96.9000    0    0.850   1.0000          NULL 
 97.7500    6    5.100   1.0000          evt6
102.8500    0    0.850   1.0000          NULL 
103.7000    4    5.100   1.0000          evt4
108.8000    0    0.850   1.0000          NULL 
109.6500    3    5.100   1.0000          evt3
114.7500    0    0.850   1.0000          NULL 
115.6000    6    5.100   1.0000          evt6
120.7000    0    2.550   1.0000          NULL 
123.2499    1    5.100   1.0000          evt1
128.3499    0    0.850   1.0000          NULL 
129.2000    4    5.100   1.0000          evt4
134.3000    0    0.850   1.0000          NULL 
135.1500    2    5.100   1.0000          evt2
140.2500    0    0.850   1.0000          NULL 
141.1000    4    5.100   1.0000          evt4
146.2000    0    0.850   1.0000          NULL 
147.0500    3    5.100   1.0000          evt3
152.1500    0    3.400   1.0000          NULL 
155.5500    6    5.100   1.0000          evt6
160.6500    0    1.700   1.0000          NULL 
162.3500    2    5.100   1.0000          evt2
167.4500    0    0.850   1.0000          NULL 
168.3000    6    5.100   1.0000          evt6
173.4001    0    0.850   1.0000          NULL 
174.2501    1    5.100   1.0000          evt1
179.3501    0    0.850   1.0000          NULL 
180.2001    6    5.100   1.0000          evt6
185.3001    0    1.700   1.0000          NULL 
187.0001    3    5.100   1.0000          evt3
192.1001    0    3.400   1.0000          NULL 
195.5001    1    5.100   1.0000          evt1
200.6001    0    0.850   1.0000          NULL 
201.4501    3    5.100   1.0000          evt3
206.5501    0    0.850   1.0000          NULL 
207.4001    4    5.100   1.0000          evt4
212.5002    0    0.850   1.0000          NULL 
213.3502    5    5.100   1.0000          evt5
218.4502    0    1.700   1.0000          NULL 
220.1502    6    5.100   1.0000          evt6
225.2502    0    2.550   1.0000          NULL 
227.8002    6    5.100   1.0000          evt6
232.9002    0    3.400   1.0000          NULL 
236.3002    1    5.100   1.0000          evt1
241.4002    0    0.850   1.0000          NULL 
242.2502    1    5.100   1.0000          evt1
247.3503    0    1.700   1.0000          NULL 
249.0503    5    5.100   1.0000          evt5
254.1503    0    2.550   1.0000          NULL 
256.7003    3    5.100   1.0000          evt3
261.8003    0    1.700   1.0000          NULL 
263.5003    4    5.100   1.0000          evt4
268.6003    0    3.400   1.0000          NULL 
272.0003    1    5.100   1.0000          evt1
277.1003    0    5.100   1.0000          NULL 
282.2004    3    5.100   1.0000          evt3
287.3004    0    1.700   1.0000          NULL 
289.0004    3    5.100   1.0000          evt3
294.1004    0    0.850   1.0000          NULL 
294.9504    4    5.100   1.0000          evt4
300.0504    0    2.550   1.0000          NULL 
302.6004    6    5.100   1.0000          evt6
307.7004    0    0.850   1.0000          NULL 
308.5504    3    5.100   1.0000          evt3
313.6505    0    2.550   1.0000          NULL 
316.2005    1    5.100   1.0000          evt1
321.3005    0    0.850   1.0000          NULL 
322.1505    2    5.100   1.0000          evt2
327.2505    0    1.700   1.0000          NULL 
328.9505    2    5.100   1.0000          evt2
334.0505    0    1.700   1.0000          NULL 
335.7505    5    5.100   1.0000          evt5
340.8505    0    0.850   1.0000          NULL 
341.7005    6    5.100   1.0000          evt6
346.8005    0    1.700   1.0000          NULL 
348.5005    6    5.100   1.0000          evt6
353.6006    0    0.850   1.0000          NULL 
354.4506    1    5.100   1.0000          evt1
359.5506    0    0.849   1.0000          NULL 
