  0.0000    2    5.100   1.0000          evt2
  5.1000    3    5.100   1.0000          evt3
 10.2000    0    2.550   1.0000          NULL 
 12.7500    3    5.100   1.0000          evt3
 17.8500    0    0.850   1.0000          NULL 
 18.7000    4    5.100   1.0000          evt4
 23.8000    0    0.850   1.0000          NULL 
 24.6500    4    5.100   1.0000          evt4
 29.7500    4    5.100   1.0000          evt4
 34.8500    0    1.700   1.0000          NULL 
 36.5500    4    5.100   1.0000          evt4
 41.6500    6    5.100   1.0000          evt6
 46.7500    0    3.400   1.0000          NULL 
 50.1500    3    5.100   1.0000          evt3
 55.2500    0    3.400   1.0000          NULL 
 58.6500    1    5.100   1.0000          evt1
 63.7500    0    0.850   1.0000          NULL 
 64.6000    3    5.100   1.0000          evt3
 69.7000    6    5.100   1.0000          evt6
 74.8000    0    0.850   1.0000          NULL 
 75.6500    3    5.100   1.0000          evt3
 80.7500    0    4.250   1.0000          NULL 
 85.0000    6    5.100   1.0000          evt6
 90.1000    0    1.700   1.0000          NULL 
 91.8000    1    5.100   1.0000          evt1
 96.9000    0    1.700   1.0000          NULL 
 98.6000    4    5.100   1.0000          evt4
103.7000    0    0.850   1.0000          NULL 
104.5500    6    5.100   1.0000          evt6
109.6500    1    5.100   1.0000          evt1
114.7500    4    5.100   1.0000          evt4
119.8500    1    5.100   1.0000          evt1
124.9500    0    4.250   1.0000          NULL 
129.2000    2    5.100   1.0000          evt2
134.3000    6    5.100   1.0000          evt6
139.4000    5    5.100   1.0000          evt5
144.5000    0    3.400   1.0000          NULL 
147.9000    1    5.100   1.0000          evt1
153.0000    0    1.700   1.0000          NULL 
154.7000    5    5.100   1.0000          evt5
159.8000    0    0.850   1.0000          NULL 
160.6500    2    5.100   1.0000          evt2
165.7500    0    2.550   1.0000          NULL 
168.3000    1    5.100   1.0000          evt1
173.4001    1    5.100   1.0000          evt1
178.5001    2    5.100   1.0000          evt2
183.6001    5    5.100   1.0000          evt5
188.7001    0    1.700   1.0000          NULL 
190.4001    4    5.100   1.0000          evt4
195.5001    0    8.500   1.0000          NULL 
204.0002    4    5.100   1.0000          evt4
209.1002    0    0.850   1.0000          NULL 
209.9502    6    5.100   1.0000          evt6
215.0502    0    0.850   1.0000          NULL 
215.9002    1    5.100   1.0000          evt1
221.0002    0    1.700   1.0000          NULL 
222.7002    5    5.100   1.0000          evt5
227.8002    0    0.850   1.0000          NULL 
228.6502    5    5.100   1.0000          evt5
233.7502    0    2.550   1.0000          NULL 
236.3002    6    5.100   1.0000          evt6
241.4002    0    0.850   1.0000          NULL 
242.2502    2    5.100   1.0000          evt2
247.3503    0    2.550   1.0000          NULL 
249.9003    3    5.100   1.0000          evt3
255.0003    3    5.100   1.0000          evt3
260.1003    0    3.400   1.0000          NULL 
263.5003    6    5.100   1.0000          evt6
268.6003    0    3.400   1.0000          NULL 
272.0003    3    5.100   1.0000          evt3
277.1003    1    5.100   1.0000          evt1
282.2003    0    3.400   1.0000          NULL 
285.6004    3    5.100   1.0000          evt3
290.7004    3    5.100   1.0000          evt3
295.8004    4    5.100   1.0000          evt4
300.9004    0    4.250   1.0000          NULL 
305.1504    6    5.100   1.0000          evt6
310.2504    6    5.100   1.0000          evt6
315.3504    6    5.100   1.0000          evt6
320.4504    0    3.400   1.0000          NULL 
323.8505    1    5.100   1.0000          evt1
328.9505    0    0.850   1.0000          NULL 
329.8005    4    5.100   1.0000          evt4
334.9005    0    1.700   1.0000          NULL 
336.6005    1    5.100   1.0000          evt1
341.7005    3    5.100   1.0000          evt3
346.8005    0    2.550   1.0000          NULL 
349.3505    4    5.100   1.0000          evt4
354.4505    0    5.949   1.0000          NULL 
