  0.0000    5    5.100   1.0000          evt5
  5.1000    5    5.100   1.0000          evt5
 10.2000    0    2.550   1.0000          NULL 
 12.7500    4    5.100   1.0000          evt4
 17.8500    4    5.100   1.0000          evt4
 22.9500    0    0.850   1.0000          NULL 
 23.8000    3    5.100   1.0000          evt3
 28.9000    6    5.100   1.0000          evt6
 34.0000    0    0.850   1.0000          NULL 
 34.8500    3    5.100   1.0000          evt3
 39.9500    3    5.100   1.0000          evt3
 45.0500    3    5.100   1.0000          evt3
 50.1500    0    0.850   1.0000          NULL 
 51.0000    6    5.100   1.0000          evt6
 56.1000    0    1.700   1.0000          NULL 
 57.8000    1    5.100   1.0000          evt1
 62.9000    0    1.700   1.0000          NULL 
 64.6000    4    5.100   1.0000          evt4
 69.7000    0    0.850   1.0000          NULL 
 70.5500    2    5.100   1.0000          evt2
 75.6500    4    5.100   1.0000          evt4
 80.7500    0    1.700   1.0000          NULL 
 82.4500    1    5.100   1.0000          evt1
 87.5500    1    5.100   1.0000          evt1
 92.6500    0    0.850   1.0000          NULL 
 93.5000    2    5.100   1.0000          evt2
 98.6000    6    5.100   1.0000          evt6
103.7000    4    5.100   1.0000          evt4
108.8000    0    3.400   1.0000          NULL 
112.2000    6    5.100   1.0000          evt6
117.3000    0    5.100   1.0000          NULL 
122.3999    6    5.100   1.0000          evt6
127.4999    0    1.700   1.0000          NULL 
129.2000    5    5.100   1.0000          evt5
134.3000    3    5.100   1.0000          evt3
139.4000    0    0.850   1.0000          NULL 
140.2500    2    5.100   1.0000          evt2
145.3500    0    1.700   1.0000          NULL 
147.0500    3    5.100   1.0000          evt3
152.1500    0    1.700   1.0000          NULL 
153.8500    6    5.100   1.0000          evt6
158.9500    0    0.850   1.0000          NULL 
159.8000    3    5.100   1.0000          evt3
164.9000    0    1.700   1.0000          NULL 
166.6000    6    5.100   1.0000          evt6
171.7000    2    5.100   1.0000          evt2
176.8000    0    1.700   1.0000          NULL 
178.5001    6    5.100   1.0000          evt6
183.6001    0    6.800   1.0000          NULL 
190.4001    5    5.100   1.0000          evt5
195.5001    0    1.700   1.0000          NULL 
197.2001    2    5.100   1.0000          evt2
202.3001    0    8.500   1.0000          NULL 
210.8002    1    5.100   1.0000          evt1
215.9002    0    5.950   1.0000          NULL 
221.8503    1    5.100   1.0000          evt1
226.9503    0    0.850   1.0000          NULL 
227.8003    1    5.100   1.0000          evt1
232.9003    0    1.700   1.0000          NULL 
234.6003    4    5.100   1.0000          evt4
239.7003    0    1.700   1.0000          NULL 
241.4003    5    5.100   1.0000          evt5
246.5003    1    5.100   1.0000          evt1
251.6003    6    5.100   1.0000          evt6
256.7003    0    1.700   1.0000          NULL 
258.4003    6    5.100   1.0000          evt6
263.5003    0    1.700   1.0000          NULL 
265.2003    4    5.100   1.0000          evt4
270.3004    0    3.400   1.0000          NULL 
273.7004    1    5.100   1.0000          evt1
278.8004    4    5.100   1.0000          evt4
283.9004    0    1.700   1.0000          NULL 
285.6004    3    5.100   1.0000          evt3
290.7004    4    5.100   1.0000          evt4
295.8004    0    1.700   1.0000          NULL 
297.5004    3    5.100   1.0000          evt3
302.6004    0    4.250   1.0000          NULL 
306.8505    3    5.100   1.0000          evt3
311.9505    0    0.850   1.0000          NULL 
312.8005    4    5.100   1.0000          evt4
317.9005    6    5.100   1.0000          evt6
323.0005    0    0.850   1.0000          NULL 
323.8505    3    5.100   1.0000          evt3
328.9505    4    5.100   1.0000          evt4
334.0505    1    5.100   1.0000          evt1
339.1505    0    1.700   1.0000          NULL 
340.8505    1    5.100   1.0000          evt1
345.9505    0    1.700   1.0000          NULL 
347.6505    1    5.100   1.0000          evt1
352.7505    0    7.649   1.0000          NULL 
