  0.0000    2    5.100   1.0000          evt2
  5.1000    0    1.700   1.0000          NULL 
  6.8000    6    5.100   1.0000          evt6
 11.9000    0    4.250   1.0000          NULL 
 16.1500    3    5.100   1.0000          evt3
 21.2500    6    5.100   1.0000          evt6
 26.3500    0    1.700   1.0000          NULL 
 28.0500    5    5.100   1.0000          evt5
 33.1500    0    0.850   1.0000          NULL 
 34.0000    3    5.100   1.0000          evt3
 39.1000    0    2.550   1.0000          NULL 
 41.6500    3    5.100   1.0000          evt3
 46.7500    0    4.250   1.0000          NULL 
 51.0000    6    5.100   1.0000          evt6
 56.1000    0    1.700   1.0000          NULL 
 57.8000    2    5.100   1.0000          evt2
 62.9000    0    3.400   1.0000          NULL 
 66.3000    3    5.100   1.0000          evt3
 71.4000    0    1.700   1.0000          NULL 
 73.1000    6    5.100   1.0000          evt6
 78.2000    3    5.100   1.0000          evt3
 83.3000    0    5.100   1.0000          NULL 
 88.4000    3    5.100   1.0000          evt3
 93.5000    0    2.550   1.0000          NULL 
 96.0499    1    5.100   1.0000          evt1
101.1499    6    5.100   1.0000          evt6
106.2499    0    0.850   1.0000          NULL 
107.0999    4    5.100   1.0000          evt4
112.1999    0    2.550   1.0000          NULL 
114.7499    3    5.100   1.0000          evt3
119.8499    0    2.550   1.0000          NULL 
122.3999    3    5.100   1.0000          evt3
127.4999    0    1.700   1.0000          NULL 
129.1999    4    5.100   1.0000          evt4
134.2999    0    0.850   1.0000          NULL 
135.1499    4    5.100   1.0000          evt4
140.2500    0    0.850   1.0000          NULL 
141.1000    3    5.100   1.0000          evt3
146.2000    0    3.400   1.0000          NULL 
149.6000    4    5.100   1.0000          evt4
154.7000    0    1.700   1.0000          NULL 
156.4000    2    5.100   1.0000          evt2
161.5000    6    5.100   1.0000          evt6
166.6000    0    0.850   1.0000          NULL 
167.4500    1    5.100   1.0000          evt1
172.5500    4    5.100   1.0000          evt4
177.6500    2    5.100   1.0000          evt2
182.7500    0    2.550   1.0000          NULL 
185.3001    1    5.100   1.0000          evt1
190.4001    5    5.100   1.0000          evt5
195.5001    0    0.850   1.0000          NULL 
196.3501    4    5.100   1.0000          evt4
201.4501    0    0.850   1.0000          NULL 
202.3001    6    5.100   1.0000          evt6
207.4001    0    0.850   1.0000          NULL 
208.2501    1    5.100   1.0000          evt1
213.3501    0    0.850   1.0000          NULL 
214.2001    6    5.100   1.0000          evt6
219.3001    3    5.100   1.0000          evt3
224.4001    0    1.700   1.0000          NULL 
226.1001    1    5.100   1.0000          evt1
231.2001    0    1.700   1.0000          NULL 
232.9002    1    5.100   1.0000          evt1
238.0002    2    5.100   1.0000          evt2
243.1002    0    3.400   1.0000          NULL 
246.5002    1    5.100   1.0000          evt1
251.6002    0    1.700   1.0000          NULL 
253.3002    1    5.100   1.0000          evt1
258.4002    0    0.850   1.0000          NULL 
259.2502    1    5.100   1.0000          evt1
264.3502    0    4.250   1.0000          NULL 
268.6003    4    5.100   1.0000          evt4
273.7003    0    5.950   1.0000          NULL 
279.6503    3    5.100   1.0000          evt3
284.7503    0    0.850   1.0000          NULL 
285.6003    6    5.100   1.0000          evt6
290.7003    0    2.550   1.0000          NULL 
293.2503    4    5.100   1.0000          evt4
298.3503    0    1.700   1.0000          NULL 
300.0504    1    5.100   1.0000          evt1
305.1504    6    5.100   1.0000          evt6
310.2504    4    5.100   1.0000          evt4
315.3504    4    5.100   1.0000          evt4
320.4504    4    5.100   1.0000          evt4
325.5504    0    1.700   1.0000          NULL 
327.2504    5    5.100   1.0000          evt5
332.3504    0    2.550   1.0000          NULL 
334.9004    1    5.100   1.0000          evt1
340.0004    0    0.850   1.0000          NULL 
340.8504    5    5.100   1.0000          evt5
345.9504    6    5.100   1.0000          evt6
351.0504    0    1.700   1.0000          NULL 
352.7505    5    5.100   1.0000          evt5
357.8505    0    2.550   1.0000          NULL 
