  0.0000    6    5.100   1.0000          evt6
  5.1000    0    0.850   1.0000          NULL 
  5.9500    3    5.100   1.0000          evt3
 11.0500    0    0.850   1.0000          NULL 
 11.9000    4    5.100   1.0000          evt4
 17.0000    0    0.850   1.0000          NULL 
 17.8500    3    5.100   1.0000          evt3
 22.9500    0    0.850   1.0000          NULL 
 23.8000    4    5.100   1.0000          evt4
 28.9000    0    0.850   1.0000          NULL 
 29.7500    1    5.100   1.0000          evt1
 34.8500    0    0.850   1.0000          NULL 
 35.7000    6    5.100   1.0000          evt6
 40.8000    0    2.550   1.0000          NULL 
 43.3500    3    5.100   1.0000          evt3
 48.4500    0    0.850   1.0000          NULL 
 49.3000    5    5.100   1.0000          evt5
 54.4000    0    1.700   1.0000          NULL 
 56.1000    1    5.100   1.0000          evt1
 61.2000    0    0.850   1.0000          NULL 
 62.0500    6    5.100   1.0000          evt6
 67.1500    0    0.850   1.0000          NULL 
 68.0000    4    5.100   1.0000          evt4
 73.1000    0    0.850   1.0000          NULL 
 73.9500    1    5.100   1.0000          evt1
 79.0500    0    0.850   1.0000          NULL 
 79.9000    4    5.100   1.0000          evt4
 85.0000    0    1.700   1.0000          NULL 
 86.7000    3    5.100   1.0000          evt3
 91.8000    0    4.250   1.0000          NULL 
 96.0500    6    5.100   1.0000          evt6
101.1500    0    0.850   1.0000          NULL 
102.0000    5    5.100   1.0000          evt5
107.1000    0    1.700   1.0000          NULL 
108.8000    4    5.100   1.0000          evt4
113.9000    0    1.700   1.0000          NULL 
115.6000    4    5.100   1.0000          evt4
120.7000    0    0.850   1.0000          NULL 
121.5499    6    5.100   1.0000          evt6
126.6499    0    3.400   1.0000          NULL 
130.0500    3    5.100   1.0000          evt3
135.1500    0    0.850   1.0000          NULL 
136.0000    6    5.100   1.0000          evt6
141.1000    0    3.400   1.0000          NULL 
144.5000    1    5.100   1.0000          evt1
149.6000    0    0.850   1.0000          NULL 
150.4500    3    5.100   1.0000          evt3
155.5500    0    1.700   1.0000          NULL 
157.2500    1    5.100   1.0000          evt1
162.3500    0    4.250   1.0000          NULL 
166.6001    3    5.100   1.0000          evt3
171.7001    0    0.850   1.0000          NULL 
172.5501    6    5.100   1.0000          evt6
177.6501    0    5.100   1.0000          NULL 
182.7501    6    5.100   1.0000          evt6
187.8501    0    0.850   1.0000          NULL 
188.7001    3    5.100   1.0000          evt3
193.8001    0    1.700   1.0000          NULL 
195.5002    4    5.100   1.0000          evt4
200.6002    0    1.700   1.0000          NULL 
202.3002    4    5.100   1.0000          evt4
207.4002    0    1.700   1.0000          NULL 
209.1002    2    5.100   1.0000          evt2
214.2002    0    1.700   1.0000          NULL 
215.9002    6    5.100   1.0000          evt6
221.0002    0    0.850   1.0000          NULL 
221.8502    5    5.100   1.0000          evt5
226.9502    0    0.850   1.0000          NULL 
227.8002    6    5.100   1.0000          evt6
232.9002    0    0.850   1.0000          NULL 
233.7502    3    5.100   1.0000          evt3
238.8503    0    1.700   1.0000          NULL 
240.5503    1    5.100   1.0000          evt1
245.6503    0    0.850   1.0000          NULL 
246.5003    6    5.100   1.0000          evt6
251.6003    0    0.850   1.0000          NULL 
252.4503    3    5.100   1.0000          evt3
257.5503    0    0.850   1.0000          NULL 
258.4003    1    5.100   1.0000          evt1
263.5003    0    0.850   1.0000          NULL 
264.3503    1    5.100   1.0000          evt1
269.4503    0    4.250   1.0000          NULL 
273.7003    4    5.100   1.0000          evt4
278.8004    0    0.850   1.0000          NULL 
279.6504    2    5.100   1.0000          evt2
284.7504    0    0.850   1.0000          NULL 
285.6004    5    5.100   1.0000          evt5
290.7004    0    0.850   1.0000          NULL 
291.5504    2    5.100   1.0000          evt2
296.6504    0    0.850   1.0000          NULL 
297.5004    3    5.100   1.0000          evt3
302.6004    0    1.700   1.0000          NULL 
304.3004    5    5.100   1.0000          evt5
309.4004    0    5.100   1.0000          NULL 
314.5005    4    5.100   1.0000          evt4
319.6005    0    1.700   1.0000          NULL 
321.3005    1    5.100   1.0000          evt1
326.4005    0    3.400   1.0000          NULL 
329.8005    4    5.100   1.0000          evt4
334.9005    0    0.850   1.0000          NULL 
335.7505    2    5.100   1.0000          evt2
340.8505    0    0.850   1.0000          NULL 
341.7005    2    5.100   1.0000          evt2
346.8005    0    0.850   1.0000          NULL 
347.6505    1    5.100   1.0000          evt1
352.7505    0    0.850   1.0000          NULL 
353.6006    1    5.100   1.0000          evt1
358.7006    0    1.699   1.0000          NULL 
