  0.0000    3    5.100   1.0000          evt3
  5.1000    0    0.850   1.0000          NULL 
  5.9500    4    5.100   1.0000          evt4
 11.0500    0    2.550   1.0000          NULL 
 13.6000    4    5.100   1.0000          evt4
 18.7000    0    0.850   1.0000          NULL 
 19.5500    6    5.100   1.0000          evt6
 24.6500    0    0.850   1.0000          NULL 
 25.5000    3    5.100   1.0000          evt3
 30.6000    0    1.700   1.0000          NULL 
 32.3000    3    5.100   1.0000          evt3
 37.4000    0    0.850   1.0000          NULL 
 38.2500    3    5.100   1.0000          evt3
 43.3500    0    0.850   1.0000          NULL 
 44.2000    6    5.100   1.0000          evt6
 49.3000    0    1.700   1.0000          NULL 
 51.0000    1    5.100   1.0000          evt1
 56.1000    0    1.700   1.0000          NULL 
 57.8000    1    5.100   1.0000          evt1
 62.9000    0    4.250   1.0000          NULL 
 67.1500    5    5.100   1.0000          evt5
 72.2500    0    1.700   1.0000          NULL 
 73.9500    3    5.100   1.0000          evt3
 79.0500    0    2.550   1.0000          NULL 
 81.6000    4    5.100   1.0000          evt4
 86.7000    0    0.850   1.0000          NULL 
 87.5500    1    5.100   1.0000          evt1
 92.6500    0    1.700   1.0000          NULL 
 94.3500    3    5.100   1.0000          evt3
 99.4500    0    1.700   1.0000          NULL 
101.1500    3    5.100   1.0000          evt3
106.2500    0    0.850   1.0000          NULL 
107.1000    4    5.100   1.0000          evt4
112.2000    0    0.850   1.0000          NULL 
113.0499    5    5.100   1.0000          evt5
118.1499    0    1.700   1.0000          NULL 
119.8499    4    5.100   1.0000          evt4
124.9499    0    1.700   1.0000          NULL 
126.6499    6    5.100   1.0000          evt6
131.7499    0    1.700   1.0000          NULL 
133.4500    3    5.100   1.0000          evt3
138.5500    0    0.850   1.0000          NULL 
139.4000    1    5.100   1.0000          evt1
144.5000    0    1.700   1.0000          NULL 
146.2000    2    5.100   1.0000          evt2
151.3000    0    1.700   1.0000          NULL 
153.0000    4    5.100   1.0000          evt4
158.1000    0    0.850   1.0000          NULL 
158.9500    4    5.100   1.0000          evt4
164.0500    0    4.250   1.0000          NULL 
168.3000    4    5.100   1.0000          evt4
173.4001    0    0.850   1.0000          NULL 
174.2501    1    5.100   1.0000          evt1
179.3501    0    0.850   1.0000          NULL 
180.2001    2    5.100   1.0000          evt2
185.3001    0    2.550   1.0000          NULL 
187.8501    6    5.100   1.0000          evt6
192.9501    0    0.850   1.0000          NULL 
193.8001    3    5.100   1.0000          evt3
198.9001    0    0.850   1.0000          NULL 
199.7501    1    5.100   1.0000          evt1
204.8501    0    0.850   1.0000          NULL 
205.7001    1    5.100   1.0000          evt1
210.8001    0    1.700   1.0000          NULL 
212.5002    2    5.100   1.0000          evt2
217.6002    0    1.700   1.0000          NULL 
219.3002    2    5.100   1.0000          evt2
224.4002    0    3.400   1.0000          NULL 
227.8002    6    5.100   1.0000          evt6
232.9002    0    2.550   1.0000          NULL 
235.4502    5    5.100   1.0000          evt5
240.5502    0    5.100   1.0000          NULL 
245.6503    4    5.100   1.0000          evt4
250.7503    0    0.850   1.0000          NULL 
251.6003    5    5.100   1.0000          evt5
256.7003    0    0.850   1.0000          NULL 
257.5503    2    5.100   1.0000          evt2
262.6503    0    0.850   1.0000          NULL 
263.5003    1    5.100   1.0000          evt1
268.6003    0    0.850   1.0000          NULL 
269.4503    6    5.100   1.0000          evt6
274.5503    0    0.850   1.0000          NULL 
275.4003    3    5.100   1.0000          evt3
280.5003    0    2.550   1.0000          NULL 
283.0504    6    5.100   1.0000          evt6
288.1504    0    0.850   1.0000          NULL 
289.0004    6    5.100   1.0000          evt6
294.1004    0    0.850   1.0000          NULL 
294.9504    1    5.100   1.0000          evt1
300.0504    0    0.850   1.0000          NULL 
300.9004    3    5.100   1.0000          evt3
306.0004    0    1.700   1.0000          NULL 
307.7004    6    5.100   1.0000          evt6
312.8004    0    0.850   1.0000          NULL 
313.6504    6    5.100   1.0000          evt6
318.7504    0    1.700   1.0000          NULL 
320.4504    1    5.100   1.0000          evt1
325.5504    0    1.700   1.0000          NULL 
327.2505    6    5.100   1.0000          evt6
332.3505    0    0.850   1.0000          NULL 
333.2005    1    5.100   1.0000          evt1
338.3005    0    2.550   1.0000          NULL 
340.8505    5    5.100   1.0000          evt5
345.9505    0    2.550   1.0000          NULL 
348.5005    4    5.100   1.0000          evt4
353.6005    0    0.850   1.0000          NULL 
354.4505    4    5.100   1.0000          evt4
359.5505    0    0.849   1.0000          NULL 
