  0.0000    1    5.100   1.0000          evt1
  5.1000    0    0.850   1.0000          NULL 
  5.9500    1    5.100   1.0000          evt1
 11.0500    0    1.700   1.0000          NULL 
 12.7500    5    5.100   1.0000          evt5
 17.8500    0    0.850   1.0000          NULL 
 18.7000    4    5.100   1.0000          evt4
 23.8000    0    0.850   1.0000          NULL 
 24.6500    4    5.100   1.0000          evt4
 29.7500    0    0.850   1.0000          NULL 
 30.6000    4    5.100   1.0000          evt4
 35.7000    0    0.850   1.0000          NULL 
 36.5500    1    5.100   1.0000          evt1
 41.6500    0    0.850   1.0000          NULL 
 42.5000    2    5.100   1.0000          evt2
 47.6000    0    0.850   1.0000          NULL 
 48.4500    6    5.100   1.0000          evt6
 53.5500    0    0.850   1.0000          NULL 
 54.4000    5    5.100   1.0000          evt5
 59.5000    0    0.850   1.0000          NULL 
 60.3500    2    5.100   1.0000          evt2
 65.4500    0    0.850   1.0000          NULL 
 66.3000    4    5.100   1.0000          evt4
 71.4000    0    1.700   1.0000          NULL 
 73.1000    2    5.100   1.0000          evt2
 78.2000    0    1.700   1.0000          NULL 
 79.9000    3    5.100   1.0000          evt3
 85.0000    0    0.850   1.0000          NULL 
 85.8500    1    5.100   1.0000          evt1
 90.9500    0    0.850   1.0000          NULL 
 91.8000    2    5.100   1.0000          evt2
 96.9000    0    4.250   1.0000          NULL 
101.1500    1    5.100   1.0000          evt1
106.2500    0    2.550   1.0000          NULL 
108.8000    6    5.100   1.0000          evt6
113.9000    0    0.850   1.0000          NULL 
114.7500    3    5.100   1.0000          evt3
119.8500    0    1.700   1.0000          NULL 
121.5499    3    5.100   1.0000          evt3
126.6499    0    0.850   1.0000          NULL 
127.4999    3    5.100   1.0000          evt3
132.5999    0    0.850   1.0000          NULL 
133.4500    3    5.100   1.0000          evt3
138.5500    0    0.850   1.0000          NULL 
139.4000    6    5.100   1.0000          evt6
144.5000    0    2.550   1.0000          NULL 
147.0500    1    5.100   1.0000          evt1
152.1500    0    1.700   1.0000          NULL 
153.8500    6    5.100   1.0000          evt6
158.9500    0    2.550   1.0000          NULL 
161.5000    6    5.100   1.0000          evt6
166.6000    0    1.700   1.0000          NULL 
168.3000    1    5.100   1.0000          evt1
173.4001    0    0.850   1.0000          NULL 
174.2501    4    5.100   1.0000          evt4
179.3501    0    1.700   1.0000          NULL 
181.0501    3    5.100   1.0000          evt3
186.1501    0    1.700   1.0000          NULL 
187.8501    1    5.100   1.0000          evt1
192.9501    0    0.850   1.0000          NULL 
193.8001    4    5.100   1.0000          evt4
198.9001    0    0.850   1.0000          NULL 
199.7501    4    5.100   1.0000          evt4
204.8501    0    3.400   1.0000          NULL 
208.2502    5    5.100   1.0000          evt5
213.3502    0    3.400   1.0000          NULL 
216.7502    5    5.100   1.0000          evt5
221.8502    0    1.700   1.0000          NULL 
223.5502    1    5.100   1.0000          evt1
228.6502    0    1.700   1.0000          NULL 
230.3502    6    5.100   1.0000          evt6
235.4502    0    0.850   1.0000          NULL 
236.3002    6    5.100   1.0000          evt6
241.4002    0    0.850   1.0000          NULL 
242.2502    4    5.100   1.0000          evt4
247.3503    0    0.850   1.0000          NULL 
248.2003    3    5.100   1.0000          evt3
253.3003    0    0.850   1.0000          NULL 
254.1503    6    5.100   1.0000          evt6
259.2503    0    0.850   1.0000          NULL 
260.1003    4    5.100   1.0000          evt4
265.2003    0    3.400   1.0000          NULL 
268.6003    3    5.100   1.0000          evt3
273.7003    0    0.850   1.0000          NULL 
274.5503    6    5.100   1.0000          evt6
279.6503    0    2.550   1.0000          NULL 
282.2003    3    5.100   1.0000          evt3
287.3004    0    2.550   1.0000          NULL 
289.8504    3    5.100   1.0000          evt3
294.9504    0    6.800   1.0000          NULL 
301.7504    6    5.100   1.0000          evt6
306.8504    0    1.700   1.0000          NULL 
308.5504    6    5.100   1.0000          evt6
313.6505    0    0.850   1.0000          NULL 
314.5005    2    5.100   1.0000          evt2
319.6005    0    2.550   1.0000          NULL 
322.1505    4    5.100   1.0000          evt4
327.2505    0    0.850   1.0000          NULL 
328.1005    1    5.100   1.0000          evt1
333.2005    0    1.700   1.0000          NULL 
334.9005    4    5.100   1.0000          evt4
340.0005    0    0.850   1.0000          NULL 
340.8505    1    5.100   1.0000          evt1
345.9505    0    1.700   1.0000          NULL 
347.6505    3    5.100   1.0000          evt3
352.7505    0    0.850   1.0000          NULL 
353.6006    5    5.100   1.0000          evt5
358.7006    0    1.699   1.0000          NULL 
