  0.0000    2    5.100   1.0000          evt2
  5.1000    1    5.100   1.0000          evt1
 10.2000    0    3.400   1.0000          NULL 
 13.6000    5    5.100   1.0000          evt5
 18.7000    6    5.100   1.0000          evt6
 23.8000    0    2.550   1.0000          NULL 
 26.3500    6    5.100   1.0000          evt6
 31.4500    0    0.850   1.0000          NULL 
 32.3000    5    5.100   1.0000          evt5
 37.4000    3    5.100   1.0000          evt3
 42.5000    0    7.650   1.0000          NULL 
 50.1500    4    5.100   1.0000          evt4
 55.2500    4    5.100   1.0000          evt4
 60.3500    0    1.700   1.0000          NULL 
 62.0500    1    5.100   1.0000          evt1
 67.1500    2    5.100   1.0000          evt2
 72.2500    0    0.850   1.0000          NULL 
 73.1000    4    5.100   1.0000          evt4
 78.2000    0    1.700   1.0000          NULL 
 79.9000    1    5.100   1.0000          evt1
 85.0000    0    0.850   1.0000          NULL 
 85.8500    3    5.100   1.0000          evt3
 90.9500    0    0.850   1.0000          NULL 
 91.8000    1    5.100   1.0000          evt1
 96.9000    0    0.850   1.0000          NULL 
 97.7500    6    5.100   1.0000          evt6
102.8500    0    0.850   1.0000          NULL 
103.7000    6    5.100   1.0000          evt6
108.8000    4    5.100   1.0000          evt4
113.9000    0    0.850   1.0000          NULL 
114.7500    1    5.100   1.0000          evt1
119.8500    0    4.250   1.0000          NULL 
124.0999    6    5.100   1.0000          evt6
129.2000    0    5.100   1.0000          NULL 
134.3000    3    5.100   1.0000          evt3
139.4000    0    7.650   1.0000          NULL 
147.0500    3    5.100   1.0000          evt3
152.1501    4    5.100   1.0000          evt4
157.2501    0    5.100   1.0000          NULL 
162.3501    2    5.100   1.0000          evt2
167.4501    6    5.100   1.0000          evt6
172.5501    2    5.100   1.0000          evt2
177.6501    0    4.250   1.0000          NULL 
181.9001    3    5.100   1.0000          evt3
187.0002    3    5.100   1.0000          evt3
192.1002    4    5.100   1.0000          evt4
197.2002    0    2.550   1.0000          NULL 
199.7502    1    5.100   1.0000          evt1
204.8502    6    5.100   1.0000          evt6
209.9502    4    5.100   1.0000          evt4
215.0502    0    0.850   1.0000          NULL 
215.9002    6    5.100   1.0000          evt6
221.0002    5    5.100   1.0000          evt5
226.1002    1    5.100   1.0000          evt1
231.2002    4    5.100   1.0000          evt4
236.3002    0    0.850   1.0000          NULL 
237.1502    1    5.100   1.0000          evt1
242.2502    4    5.100   1.0000          evt4
247.3503    0    1.700   1.0000          NULL 
249.0503    2    5.100   1.0000          evt2
254.1503    0    0.850   1.0000          NULL 
255.0003    3    5.100   1.0000          evt3
260.1003    0    2.550   1.0000          NULL 
262.6503    3    5.100   1.0000          evt3
267.7503    5    5.100   1.0000          evt5
272.8503    6    5.100   1.0000          evt6
277.9503    6    5.100   1.0000          evt6
283.0503    0    1.700   1.0000          NULL 
284.7503    1    5.100   1.0000          evt1
289.8503    0    0.850   1.0000          NULL 
290.7003    1    5.100   1.0000          evt1
295.8004    0    3.400   1.0000          NULL 
299.2004    5    5.100   1.0000          evt5
304.3004    0    2.550   1.0000          NULL 
306.8504    1    5.100   1.0000          evt1
311.9504    0    0.850   1.0000          NULL 
312.8004    3    5.100   1.0000          evt3
317.9004    0    2.550   1.0000          NULL 
320.4504    4    5.100   1.0000          evt4
325.5504    0    3.400   1.0000          NULL 
328.9505    3    5.100   1.0000          evt3
334.0505    3    5.100   1.0000          evt3
339.1505    0    0.850   1.0000          NULL 
340.0005    6    5.100   1.0000          evt6
345.1005    0    6.800   1.0000          NULL 
351.9005    4    5.100   1.0000          evt4
357.0005    0    3.399   1.0000          NULL 
