  0.0000    1    5.100   1.0000          evt1
  5.1000    0    0.850   1.0000          NULL 
  5.9500    1    5.100   1.0000          evt1
 11.0500    0    1.700   1.0000          NULL 
 12.7500    1    5.100   1.0000          evt1
 17.8500    0    1.700   1.0000          NULL 
 19.5500    4    5.100   1.0000          evt4
 24.6500    1    5.100   1.0000          evt1
 29.7500    0    0.850   1.0000          NULL 
 30.6000    4    5.100   1.0000          evt4
 35.7000    0    1.700   1.0000          NULL 
 37.4000    6    5.100   1.0000          evt6
 42.5000    0    2.550   1.0000          NULL 
 45.0500    2    5.100   1.0000          evt2
 50.1500    3    5.100   1.0000          evt3
 55.2500    0    2.550   1.0000          NULL 
 57.8000    6    5.100   1.0000          evt6
 62.9000    0    3.400   1.0000          NULL 
 66.3000    5    5.100   1.0000          evt5
 71.4000    6    5.100   1.0000          evt6
 76.5000    0    0.850   1.0000          NULL 
 77.3500    2    5.100   1.0000          evt2
 82.4500    1    5.100   1.0000          evt1
 87.5500    5    5.100   1.0000          evt5
 92.6500    1    5.100   1.0000          evt1
 97.7500    3    5.100   1.0000          evt3
102.8500    0    3.400   1.0000          NULL 
106.2500    6    5.100   1.0000          evt6
111.3500    0    0.850   1.0000          NULL 
112.2000    4    5.100   1.0000          evt4
117.3000    0    2.550   1.0000          NULL 
119.8500    4    5.100   1.0000          evt4
124.9500    0    5.950   1.0000          NULL 
130.9000    4    5.100   1.0000          evt4
136.0000    0    0.850   1.0000          NULL 
136.8500    4    5.100   1.0000          evt4
141.9500    0    1.700   1.0000          NULL 
143.6500    4    5.100   1.0000          evt4
148.7500    0    2.550   1.0000          NULL 
151.3000    3    5.100   1.0000          evt3
156.4000    0    1.700   1.0000          NULL 
158.1000    6    5.100   1.0000          evt6
163.2000    5    5.100   1.0000          evt5
168.3000    4    5.100   1.0000          evt4
173.4001    0    0.850   1.0000          NULL 
174.2501    2    5.100   1.0000          evt2
179.3501    0    4.250   1.0000          NULL 
183.6001    3    5.100   1.0000          evt3
188.7001    0    0.850   1.0000          NULL 
189.5501    6    5.100   1.0000          evt6
194.6501    0    3.400   1.0000          NULL 
198.0501    3    5.100   1.0000          evt3
203.1501    0    5.950   1.0000          NULL 
209.1002    5    5.100   1.0000          evt5
214.2002    0    0.850   1.0000          NULL 
215.0502    6    5.100   1.0000          evt6
220.1502    0    2.550   1.0000          NULL 
222.7002    6    5.100   1.0000          evt6
227.8002    0    0.850   1.0000          NULL 
228.6502    6    5.100   1.0000          evt6
233.7502    0    0.850   1.0000          NULL 
234.6003    4    5.100   1.0000          evt4
239.7003    1    5.100   1.0000          evt1
244.8003    0    2.550   1.0000          NULL 
247.3503    2    5.100   1.0000          evt2
252.4503    5    5.100   1.0000          evt5
257.5503    0    1.700   1.0000          NULL 
259.2503    1    5.100   1.0000          evt1
264.3503    0    3.400   1.0000          NULL 
267.7503    1    5.100   1.0000          evt1
272.8503    0    2.550   1.0000          NULL 
275.4004    2    5.100   1.0000          evt2
280.5004    0    0.850   1.0000          NULL 
281.3504    3    5.100   1.0000          evt3
286.4504    1    5.100   1.0000          evt1
291.5504    6    5.100   1.0000          evt6
296.6504    0    1.700   1.0000          NULL 
298.3504    3    5.100   1.0000          evt3
303.4504    0    4.250   1.0000          NULL 
307.7004    1    5.100   1.0000          evt1
312.8004    6    5.100   1.0000          evt6
317.9005    0    0.850   1.0000          NULL 
318.7505    4    5.100   1.0000          evt4
323.8505    0    0.850   1.0000          NULL 
324.7005    4    5.100   1.0000          evt4
329.8005    3    5.100   1.0000          evt3
334.9005    3    5.100   1.0000          evt3
340.0005    0    2.550   1.0000          NULL 
342.5505    3    5.100   1.0000          evt3
347.6505    0    7.650   1.0000          NULL 
355.3006    3    5.100   1.0000          evt3
