  0.0000    1    5.100   1.0000          evt1
  5.1000    0    3.400   1.0000          NULL 
  8.5000    4    5.100   1.0000          evt4
 13.6000    6    5.100   1.0000          evt6
 18.7000    4    5.100   1.0000          evt4
 23.8000    0    0.850   1.0000          NULL 
 24.6500    4    5.100   1.0000          evt4
 29.7500    0    4.250   1.0000          NULL 
 34.0000    5    5.100   1.0000          evt5
 39.1000    0    3.400   1.0000          NULL 
 42.5000    2    5.100   1.0000          evt2
 47.6000    0    2.550   1.0000          NULL 
 50.1500    3    5.100   1.0000          evt3
 55.2500    0    0.850   1.0000          NULL 
 56.1000    6    5.100   1.0000          evt6
 61.2000    0    1.700   1.0000          NULL 
 62.9000    4    5.100   1.0000          evt4
 68.0000    0    0.850   1.0000          NULL 
 68.8500    4    5.100   1.0000          evt4
 73.9500    1    5.100   1.0000          evt1
 79.0500    0   10.200   1.0000          NULL 
 89.2500    1    5.100   1.0000          evt1
 94.3500    0    1.700   1.0000          NULL 
 96.0499    3    5.100   1.0000          evt3
101.1499    0    1.700   1.0000          NULL 
102.8499    4    5.100   1.0000          evt4
107.9499    0    1.700   1.0000          NULL 
109.6499    6    5.100   1.0000          evt6
114.7499    3    5.100   1.0000          evt3
119.8499    0    0.850   1.0000          NULL 
120.6999    1    5.100   1.0000          evt1
125.7999    0    1.700   1.0000          NULL 
127.4999    1    5.100   1.0000          evt1
132.5999    0    1.700   1.0000          NULL 
134.2999    5    5.100   1.0000          evt5
139.3999    3    5.100   1.0000          evt3
144.5000    3    5.100   1.0000          evt3
149.6000    0    1.700   1.0000          NULL 
151.3000    6    5.100   1.0000          evt6
156.4000    0    4.250   1.0000          NULL 
160.6500    1    5.100   1.0000          evt1
165.7500    0    2.550   1.0000          NULL 
168.3000    6    5.100   1.0000          evt6
173.4000    0    0.850   1.0000          NULL 
174.2500    6    5.100   1.0000          evt6
179.3501    0    1.700   1.0000          NULL 
181.0501    1    5.100   1.0000          evt1
186.1501    3    5.100   1.0000          evt3
191.2501    4    5.100   1.0000          evt4
196.3501    0    0.850   1.0000          NULL 
197.2001    6    5.100   1.0000          evt6
202.3001    3    5.100   1.0000          evt3
207.4001    4    5.100   1.0000          evt4
212.5001    0    6.800   1.0000          NULL 
219.3002    4    5.100   1.0000          evt4
224.4002    0    5.950   1.0000          NULL 
230.3502    6    5.100   1.0000          evt6
235.4502    0    4.250   1.0000          NULL 
239.7002    3    5.100   1.0000          evt3
244.8002    6    5.100   1.0000          evt6
249.9003    0    1.700   1.0000          NULL 
251.6003    1    5.100   1.0000          evt1
256.7003    5    5.100   1.0000          evt5
261.8003    3    5.100   1.0000          evt3
266.9003    2    5.100   1.0000          evt2
272.0003    0    0.850   1.0000          NULL 
272.8503    1    5.100   1.0000          evt1
277.9503    0    2.550   1.0000          NULL 
280.5003    1    5.100   1.0000          evt1
285.6003    0    0.850   1.0000          NULL 
286.4503    2    5.100   1.0000          evt2
291.5503    5    5.100   1.0000          evt5
296.6503    4    5.100   1.0000          evt4
301.7503    0    1.700   1.0000          NULL 
303.4503    6    5.100   1.0000          evt6
308.5504    0    0.850   1.0000          NULL 
309.4004    4    5.100   1.0000          evt4
314.5004    0    3.400   1.0000          NULL 
317.9004    5    5.100   1.0000          evt5
323.0004    3    5.100   1.0000          evt3
328.1004    0    1.700   1.0000          NULL 
329.8004    2    5.100   1.0000          evt2
334.9004    0    2.550   1.0000          NULL 
337.4504    1    5.100   1.0000          evt1
342.5504    0    0.850   1.0000          NULL 
343.4005    2    5.100   1.0000          evt2
348.5005    0    1.700   1.0000          NULL 
350.2005    3    5.100   1.0000          evt3
355.3005    6    5.100   1.0000          evt6
