  0.0000    1    5.100   1.0000          evt1
  5.1000    1    5.100   1.0000          evt1
 10.2000    0    1.700   1.0000          NULL 
 11.9000    1    5.100   1.0000          evt1
 17.0000    1    5.100   1.0000          evt1
 22.1000    0    0.850   1.0000          NULL 
 22.9500    3    5.100   1.0000          evt3
 28.0500    4    5.100   1.0000          evt4
 33.1500    0    4.250   1.0000          NULL 
 37.4000    6    5.100   1.0000          evt6
 42.5000    3    5.100   1.0000          evt3
 47.6000    0   10.200   1.0000          NULL 
 57.8000    2    5.100   1.0000          evt2
 62.9000    2    5.100   1.0000          evt2
 68.0000    3    5.100   1.0000          evt3
 73.1000    0    1.700   1.0000          NULL 
 74.8000    3    5.100   1.0000          evt3
 79.9000    0    1.700   1.0000          NULL 
 81.6000    4    5.100   1.0000          evt4
 86.7000    4    5.100   1.0000          evt4
 91.8000    0    4.250   1.0000          NULL 
 96.0499    5    5.100   1.0000          evt5
101.1499    2    5.100   1.0000          evt2
106.2499    4    5.100   1.0000          evt4
111.3499    1    5.100   1.0000          evt1
116.4499    0    4.250   1.0000          NULL 
120.6999    2    5.100   1.0000          evt2
125.7999    0    2.550   1.0000          NULL 
128.3499    1    5.100   1.0000          evt1
133.4499    1    5.100   1.0000          evt1
138.5499    0    0.850   1.0000          NULL 
139.3999    5    5.100   1.0000          evt5
144.5000    6    5.100   1.0000          evt6
149.6000    6    5.100   1.0000          evt6
154.7000    0    3.400   1.0000          NULL 
158.1000    4    5.100   1.0000          evt4
163.2000    3    5.100   1.0000          evt3
168.3000    0    0.850   1.0000          NULL 
169.1500    4    5.100   1.0000          evt4
174.2500    0    1.700   1.0000          NULL 
175.9500    3    5.100   1.0000          evt3
181.0500    0    0.850   1.0000          NULL 
181.9000    5    5.100   1.0000          evt5
187.0000    3    5.100   1.0000          evt3
192.1001    0    1.700   1.0000          NULL 
193.8001    6    5.100   1.0000          evt6
198.9001    0    4.250   1.0000          NULL 
203.1501    3    5.100   1.0000          evt3
208.2501    3    5.100   1.0000          evt3
213.3501    0    1.700   1.0000          NULL 
215.0501    6    5.100   1.0000          evt6
220.1501    0    1.700   1.0000          NULL 
221.8501    3    5.100   1.0000          evt3
226.9501    0    1.700   1.0000          NULL 
228.6502    6    5.100   1.0000          evt6
233.7502    6    5.100   1.0000          evt6
238.8502    0    1.700   1.0000          NULL 
240.5502    1    5.100   1.0000          evt1
245.6502    4    5.100   1.0000          evt4
250.7502    6    5.100   1.0000          evt6
255.8502    0    7.650   1.0000          NULL 
263.5002    4    5.100   1.0000          evt4
268.6003    0    0.850   1.0000          NULL 
269.4503    1    5.100   1.0000          evt1
274.5503    0    1.700   1.0000          NULL 
276.2503    4    5.100   1.0000          evt4
281.3503    0    1.700   1.0000          NULL 
283.0503    1    5.100   1.0000          evt1
288.1503    6    5.100   1.0000          evt6
293.2503    0    2.550   1.0000          NULL 
295.8003    3    5.100   1.0000          evt3
300.9003    5    5.100   1.0000          evt5
306.0003    2    5.100   1.0000          evt2
311.1003    6    5.100   1.0000          evt6
316.2003    0    0.850   1.0000          NULL 
317.0504    4    5.100   1.0000          evt4
322.1504    0    5.950   1.0000          NULL 
328.1004    1    5.100   1.0000          evt1
333.2004    0    5.950   1.0000          NULL 
339.1505    4    5.100   1.0000          evt4
344.2505    0    0.850   1.0000          NULL 
345.1005    6    5.100   1.0000          evt6
350.2005    0    4.250   1.0000          NULL 
354.4505    5    5.100   1.0000          evt5
359.5505    0    0.850   1.0000          NULL 
