  0.0000    3    5.100   1.0000          evt3
  5.1000    0    0.850   1.0000          NULL 
  5.9500    1    5.100   1.0000          evt1
 11.0500    0    2.550   1.0000          NULL 
 13.6000    3    5.100   1.0000          evt3
 18.7000    0    0.850   1.0000          NULL 
 19.5500    3    5.100   1.0000          evt3
 24.6500    0    1.700   1.0000          NULL 
 26.3500    6    5.100   1.0000          evt6
 31.4500    0    0.850   1.0000          NULL 
 32.3000    1    5.100   1.0000          evt1
 37.4000    0    2.550   1.0000          NULL 
 39.9500    1    5.100   1.0000          evt1
 45.0500    0    0.850   1.0000          NULL 
 45.9000    3    5.100   1.0000          evt3
 51.0000    0    0.850   1.0000          NULL 
 51.8500    4    5.100   1.0000          evt4
 56.9500    0    0.850   1.0000          NULL 
 57.8000    3    5.100   1.0000          evt3
 62.9000    0    3.400   1.0000          NULL 
 66.3000    1    5.100   1.0000          evt1
 71.4000    0    0.850   1.0000          NULL 
 72.2500    5    5.100   1.0000          evt5
 77.3500    0    0.850   1.0000          NULL 
 78.2000    2    5.100   1.0000          evt2
 83.3000    0    2.550   1.0000          NULL 
 85.8500    5    5.100   1.0000          evt5
 90.9500    0    0.850   1.0000          NULL 
 91.8000    3    5.100   1.0000          evt3
 96.9000    0    0.850   1.0000          NULL 
 97.7500    6    5.100   1.0000          evt6
102.8500    0    2.550   1.0000          NULL 
105.4000    1    5.100   1.0000          evt1
110.5000    0    0.850   1.0000          NULL 
111.3500    4    5.100   1.0000          evt4
116.4500    0    1.700   1.0000          NULL 
118.1499    1    5.100   1.0000          evt1
123.2499    0    5.100   1.0000          NULL 
128.3499    3    5.100   1.0000          evt3
133.4500    0    0.850   1.0000          NULL 
134.3000    1    5.100   1.0000          evt1
139.4000    0    3.400   1.0000          NULL 
142.8000    4    5.100   1.0000          evt4
147.9000    0    0.850   1.0000          NULL 
148.7500    3    5.100   1.0000          evt3
153.8500    0    0.850   1.0000          NULL 
154.7000    4    5.100   1.0000          evt4
159.8000    0    0.850   1.0000          NULL 
160.6500    6    5.100   1.0000          evt6
165.7500    0    1.700   1.0000          NULL 
167.4500    3    5.100   1.0000          evt3
172.5500    0    1.700   1.0000          NULL 
174.2501    4    5.100   1.0000          evt4
179.3501    0    1.700   1.0000          NULL 
181.0501    1    5.100   1.0000          evt1
186.1501    0    1.700   1.0000          NULL 
187.8501    6    5.100   1.0000          evt6
192.9501    0    0.850   1.0000          NULL 
193.8001    6    5.100   1.0000          evt6
198.9001    0    1.700   1.0000          NULL 
200.6001    6    5.100   1.0000          evt6
205.7001    0    0.850   1.0000          NULL 
206.5501    6    5.100   1.0000          evt6
211.6501    0    3.400   1.0000          NULL 
215.0502    4    5.100   1.0000          evt4
220.1502    0    5.100   1.0000          NULL 
225.2502    5    5.100   1.0000          evt5
230.3502    0    0.850   1.0000          NULL 
231.2002    4    5.100   1.0000          evt4
236.3002    0    0.850   1.0000          NULL 
237.1502    6    5.100   1.0000          evt6
242.2502    0    0.850   1.0000          NULL 
243.1003    1    5.100   1.0000          evt1
248.2003    0    0.850   1.0000          NULL 
249.0503    3    5.100   1.0000          evt3
254.1503    0    1.700   1.0000          NULL 
255.8503    6    5.100   1.0000          evt6
260.9503    0    0.850   1.0000          NULL 
261.8003    2    5.100   1.0000          evt2
266.9003    0    0.850   1.0000          NULL 
267.7503    4    5.100   1.0000          evt4
272.8503    0    0.850   1.0000          NULL 
273.7003    4    5.100   1.0000          evt4
278.8003    0    0.850   1.0000          NULL 
279.6503    2    5.100   1.0000          evt2
284.7503    0    0.850   1.0000          NULL 
285.6003    5    5.100   1.0000          evt5
290.7003    0    0.850   1.0000          NULL 
291.5504    3    5.100   1.0000          evt3
296.6504    0    1.700   1.0000          NULL 
298.3504    4    5.100   1.0000          evt4
303.4504    0    0.850   1.0000          NULL 
304.3004    4    5.100   1.0000          evt4
309.4004    0    0.850   1.0000          NULL 
310.2504    1    5.100   1.0000          evt1
315.3504    0    1.700   1.0000          NULL 
317.0504    5    5.100   1.0000          evt5
322.1504    0    0.850   1.0000          NULL 
323.0004    6    5.100   1.0000          evt6
328.1004    0    5.100   1.0000          NULL 
333.2005    6    5.100   1.0000          evt6
338.3005    0    3.400   1.0000          NULL 
341.7005    2    5.100   1.0000          evt2
346.8005    0    1.700   1.0000          NULL 
348.5005    2    5.100   1.0000          evt2
353.6005    0    0.850   1.0000          NULL 
354.4505    1    5.100   1.0000          evt1
359.5505    0    0.849   1.0000          NULL 
