  0.0000    3    5.100   1.0000          evt3
  5.1000    0    0.850   1.0000          NULL 
  5.9500    3    5.100   1.0000          evt3
 11.0500    0    3.400   1.0000          NULL 
 14.4500    4    5.100   1.0000          evt4
 19.5500    1    5.100   1.0000          evt1
 24.6500    0    2.550   1.0000          NULL 
 27.2000    2    5.100   1.0000          evt2
 32.3000    0    3.400   1.0000          NULL 
 35.7000    6    5.100   1.0000          evt6
 40.8000    0    0.850   1.0000          NULL 
 41.6500    4    5.100   1.0000          evt4
 46.7500    5    5.100   1.0000          evt5
 51.8500    0    0.850   1.0000          NULL 
 52.7000    4    5.100   1.0000          evt4
 57.8000    6    5.100   1.0000          evt6
 62.9000    1    5.100   1.0000          evt1
 68.0000    0    1.700   1.0000          NULL 
 69.7000    4    5.100   1.0000          evt4
 74.8000    0    1.700   1.0000          NULL 
 76.5000    2    5.100   1.0000          evt2
 81.6000    1    5.100   1.0000          evt1
 86.7000    0    4.250   1.0000          NULL 
 90.9500    5    5.100   1.0000          evt5
 96.0500    0    2.550   1.0000          NULL 
 98.6000    4    5.100   1.0000          evt4
103.7000    3    5.100   1.0000          evt3
108.8000    3    5.100   1.0000          evt3
113.9000    3    5.100   1.0000          evt3
119.0000    0    5.950   1.0000          NULL 
124.9499    5    5.100   1.0000          evt5
130.0499    0    0.850   1.0000          NULL 
130.8999    1    5.100   1.0000          evt1
136.0000    5    5.100   1.0000          evt5
141.1000    0    0.850   1.0000          NULL 
141.9500    3    5.100   1.0000          evt3
147.0500    2    5.100   1.0000          evt2
152.1500    6    5.100   1.0000          evt6
157.2500    0    2.550   1.0000          NULL 
159.8000    1    5.100   1.0000          evt1
164.9000    0    5.100   1.0000          NULL 
170.0000    2    5.100   1.0000          evt2
175.1001    0    2.550   1.0000          NULL 
177.6501    4    5.100   1.0000          evt4
182.7501    0    0.850   1.0000          NULL 
183.6001    6    5.100   1.0000          evt6
188.7001    0    1.700   1.0000          NULL 
190.4001    1    5.100   1.0000          evt1
195.5001    0    5.100   1.0000          NULL 
200.6001    4    5.100   1.0000          evt4
205.7001    1    5.100   1.0000          evt1
210.8002    6    5.100   1.0000          evt6
215.9002    4    5.100   1.0000          evt4
221.0002    3    5.100   1.0000          evt3
226.1002    0    2.550   1.0000          NULL 
228.6502    6    5.100   1.0000          evt6
233.7502    0    0.850   1.0000          NULL 
234.6002    4    5.100   1.0000          evt4
239.7002    0    0.850   1.0000          NULL 
240.5502    5    5.100   1.0000          evt5
245.6502    1    5.100   1.0000          evt1
250.7502    0    5.100   1.0000          NULL 
255.8503    6    5.100   1.0000          evt6
260.9503    3    5.100   1.0000          evt3
266.0503    0    1.700   1.0000          NULL 
267.7503    1    5.100   1.0000          evt1
272.8503    3    5.100   1.0000          evt3
277.9503    3    5.100   1.0000          evt3
283.0503    0    0.850   1.0000          NULL 
283.9003    2    5.100   1.0000          evt2
289.0003    0    0.850   1.0000          NULL 
289.8503    4    5.100   1.0000          evt4
294.9503    0    1.700   1.0000          NULL 
296.6503    4    5.100   1.0000          evt4
301.7503    0    1.700   1.0000          NULL 
303.4503    6    5.100   1.0000          evt6
308.5504    0    0.850   1.0000          NULL 
309.4004    6    5.100   1.0000          evt6
314.5004    0    0.850   1.0000          NULL 
315.3504    3    5.100   1.0000          evt3
320.4504    0    4.250   1.0000          NULL 
324.7004    1    5.100   1.0000          evt1
329.8004    0    5.100   1.0000          NULL 
334.9005    6    5.100   1.0000          evt6
340.0005    6    5.100   1.0000          evt6
345.1005    1    5.100   1.0000          evt1
350.2005    0   10.200   1.0000          NULL 
