  0.0000    3    5.100   1.0000          evt3
  5.1000    0    1.700   1.0000          NULL 
  6.8000    2    5.100   1.0000          evt2
 11.9000    0    1.700   1.0000          NULL 
 13.6000    1    5.100   1.0000          evt1
 18.7000    0    3.400   1.0000          NULL 
 22.1000    6    5.100   1.0000          evt6
 27.2000    0    1.700   1.0000          NULL 
 28.9000    6    5.100   1.0000          evt6
 34.0000    0    0.850   1.0000          NULL 
 34.8500    1    5.100   1.0000          evt1
 39.9500    0    0.850   1.0000          NULL 
 40.8000    3    5.100   1.0000          evt3
 45.9000    0    0.850   1.0000          NULL 
 46.7500    4    5.100   1.0000          evt4
 51.8500    0    1.700   1.0000          NULL 
 53.5500    3    5.100   1.0000          evt3
 58.6500    0    0.850   1.0000          NULL 
 59.5000    3    5.100   1.0000          evt3
 64.6000    0    0.850   1.0000          NULL 
 65.4500    6    5.100   1.0000          evt6
 70.5500    0    0.850   1.0000          NULL 
 71.4000    6    5.100   1.0000          evt6
 76.5000    0    2.550   1.0000          NULL 
 79.0500    4    5.100   1.0000          evt4
 84.1500    0    0.850   1.0000          NULL 
 85.0000    6    5.100   1.0000          evt6
 90.1000    0    0.850   1.0000          NULL 
 90.9500    3    5.100   1.0000          evt3
 96.0500    0    0.850   1.0000          NULL 
 96.9000    2    5.100   1.0000          evt2
102.0000    0    0.850   1.0000          NULL 
102.8500    5    5.100   1.0000          evt5
107.9500    0    0.850   1.0000          NULL 
108.8000    6    5.100   1.0000          evt6
113.9000    0    0.850   1.0000          NULL 
114.7500    3    5.100   1.0000          evt3
119.8500    0    2.550   1.0000          NULL 
122.4000    6    5.100   1.0000          evt6
127.5000    0    0.850   1.0000          NULL 
128.3500    5    5.100   1.0000          evt5
133.4500    0    0.850   1.0000          NULL 
134.3000    1    5.100   1.0000          evt1
139.4000    0    2.550   1.0000          NULL 
141.9500    1    5.100   1.0000          evt1
147.0500    0    0.850   1.0000          NULL 
147.9000    2    5.100   1.0000          evt2
153.0000    0    0.850   1.0000          NULL 
153.8500    6    5.100   1.0000          evt6
158.9500    0    3.400   1.0000          NULL 
162.3501    3    5.100   1.0000          evt3
167.4501    0    1.700   1.0000          NULL 
169.1501    6    5.100   1.0000          evt6
174.2501    0    0.850   1.0000          NULL 
175.1001    4    5.100   1.0000          evt4
180.2001    0    4.250   1.0000          NULL 
184.4501    3    5.100   1.0000          evt3
189.5501    0    0.850   1.0000          NULL 
190.4001    2    5.100   1.0000          evt2
195.5001    0    0.850   1.0000          NULL 
196.3501    4    5.100   1.0000          evt4
201.4501    0    0.850   1.0000          NULL 
202.3002    1    5.100   1.0000          evt1
207.4002    0    0.850   1.0000          NULL 
208.2502    3    5.100   1.0000          evt3
213.3502    0    1.700   1.0000          NULL 
215.0502    1    5.100   1.0000          evt1
220.1502    0    3.400   1.0000          NULL 
223.5502    6    5.100   1.0000          evt6
228.6502    0    1.700   1.0000          NULL 
230.3502    4    5.100   1.0000          evt4
235.4502    0    2.550   1.0000          NULL 
238.0003    1    5.100   1.0000          evt1
243.1003    0    4.250   1.0000          NULL 
247.3503    1    5.100   1.0000          evt1
252.4503    0    0.850   1.0000          NULL 
253.3003    4    5.100   1.0000          evt4
258.4003    0    0.850   1.0000          NULL 
259.2503    5    5.100   1.0000          evt5
264.3503    0    3.400   1.0000          NULL 
267.7503    2    5.100   1.0000          evt2
272.8503    0    2.550   1.0000          NULL 
275.4004    4    5.100   1.0000          evt4
280.5004    0    0.850   1.0000          NULL 
281.3504    3    5.100   1.0000          evt3
286.4504    0    0.850   1.0000          NULL 
287.3004    5    5.100   1.0000          evt5
292.4004    0    0.850   1.0000          NULL 
293.2504    1    5.100   1.0000          evt1
298.3504    0    1.700   1.0000          NULL 
300.0504    5    5.100   1.0000          evt5
305.1504    0    4.250   1.0000          NULL 
309.4005    4    5.100   1.0000          evt4
314.5005    0    0.850   1.0000          NULL 
315.3505    6    5.100   1.0000          evt6
320.4505    0    0.850   1.0000          NULL 
321.3005    1    5.100   1.0000          evt1
326.4005    0    1.700   1.0000          NULL 
328.1005    1    5.100   1.0000          evt1
333.2005    0    1.700   1.0000          NULL 
334.9005    3    5.100   1.0000          evt3
340.0005    0    0.850   1.0000          NULL 
340.8505    4    5.100   1.0000          evt4
345.9505    0    1.700   1.0000          NULL 
347.6505    4    5.100   1.0000          evt4
352.7505    0    0.850   1.0000          NULL 
353.6006    4    5.100   1.0000          evt4
358.7006    0    1.699   1.0000          NULL 
