  0.0000    4    5.100   1.0000          evt4
  5.1000    0    2.550   1.0000          NULL 
  7.6500    3    5.100   1.0000          evt3
 12.7500    0    0.850   1.0000          NULL 
 13.6000    3    5.100   1.0000          evt3
 18.7000    0    1.700   1.0000          NULL 
 20.4000    1    5.100   1.0000          evt1
 25.5000    0    1.700   1.0000          NULL 
 27.2000    2    5.100   1.0000          evt2
 32.3000    0    0.850   1.0000          NULL 
 33.1500    1    5.100   1.0000          evt1
 38.2500    0    4.250   1.0000          NULL 
 42.5000    4    5.100   1.0000          evt4
 47.6000    0    0.850   1.0000          NULL 
 48.4500    4    5.100   1.0000          evt4
 53.5500    0    1.700   1.0000          NULL 
 55.2500    1    5.100   1.0000          evt1
 60.3500    0    0.850   1.0000          NULL 
 61.2000    1    5.100   1.0000          evt1
 66.3000    0    1.700   1.0000          NULL 
 68.0000    6    5.100   1.0000          evt6
 73.1000    0    0.850   1.0000          NULL 
 73.9500    1    5.100   1.0000          evt1
 79.0500    0    2.550   1.0000          NULL 
 81.6000    3    5.100   1.0000          evt3
 86.7000    0    1.700   1.0000          NULL 
 88.4000    4    5.100   1.0000          evt4
 93.5000    0    3.400   1.0000          NULL 
 96.9000    3    5.100   1.0000          evt3
102.0000    0    2.550   1.0000          NULL 
104.5499    3    5.100   1.0000          evt3
109.6499    0    1.700   1.0000          NULL 
111.3499    4    5.100   1.0000          evt4
116.4499    0    0.850   1.0000          NULL 
117.2999    1    5.100   1.0000          evt1
122.3999    0    1.700   1.0000          NULL 
124.0999    5    5.100   1.0000          evt5
129.1999    0    0.850   1.0000          NULL 
130.0499    2    5.100   1.0000          evt2
135.1499    0    1.700   1.0000          NULL 
136.8500    1    5.100   1.0000          evt1
141.9500    0    0.850   1.0000          NULL 
142.8000    6    5.100   1.0000          evt6
147.9000    0    0.850   1.0000          NULL 
148.7500    3    5.100   1.0000          evt3
153.8500    0    0.850   1.0000          NULL 
154.7000    5    5.100   1.0000          evt5
159.8000    0    0.850   1.0000          NULL 
160.6500    3    5.100   1.0000          evt3
165.7500    0    0.850   1.0000          NULL 
166.6000    1    5.100   1.0000          evt1
171.7000    0    0.850   1.0000          NULL 
172.5500    1    5.100   1.0000          evt1
177.6500    0    0.850   1.0000          NULL 
178.5000    6    5.100   1.0000          evt6
183.6001    0    0.850   1.0000          NULL 
184.4501    1    5.100   1.0000          evt1
189.5501    0    0.850   1.0000          NULL 
190.4001    3    5.100   1.0000          evt3
195.5001    0    1.700   1.0000          NULL 
197.2001    4    5.100   1.0000          evt4
202.3001    0    2.550   1.0000          NULL 
204.8501    2    5.100   1.0000          evt2
209.9501    0    0.850   1.0000          NULL 
210.8001    6    5.100   1.0000          evt6
215.9001    0    0.850   1.0000          NULL 
216.7501    6    5.100   1.0000          evt6
221.8501    0    2.550   1.0000          NULL 
224.4002    4    5.100   1.0000          evt4
229.5002    0    1.700   1.0000          NULL 
231.2002    6    5.100   1.0000          evt6
236.3002    0    0.850   1.0000          NULL 
237.1502    6    5.100   1.0000          evt6
242.2502    0    1.700   1.0000          NULL 
243.9502    1    5.100   1.0000          evt1
249.0502    0    0.850   1.0000          NULL 
249.9002    2    5.100   1.0000          evt2
255.0002    0    3.400   1.0000          NULL 
258.4002    6    5.100   1.0000          evt6
263.5002    0    0.850   1.0000          NULL 
264.3503    6    5.100   1.0000          evt6
269.4503    0    0.850   1.0000          NULL 
270.3003    6    5.100   1.0000          evt6
275.4003    0    0.850   1.0000          NULL 
276.2503    3    5.100   1.0000          evt3
281.3503    0    3.400   1.0000          NULL 
284.7503    4    5.100   1.0000          evt4
289.8503    0    1.700   1.0000          NULL 
291.5503    4    5.100   1.0000          evt4
296.6503    0    0.850   1.0000          NULL 
297.5003    5    5.100   1.0000          evt5
302.6003    0    0.850   1.0000          NULL 
303.4503    6    5.100   1.0000          evt6
308.5504    0    0.850   1.0000          NULL 
309.4004    2    5.100   1.0000          evt2
314.5004    0    1.700   1.0000          NULL 
316.2004    3    5.100   1.0000          evt3
321.3004    0    5.100   1.0000          NULL 
326.4004    4    5.100   1.0000          evt4
331.5004    0    2.550   1.0000          NULL 
334.0504    5    5.100   1.0000          evt5
339.1505    0    2.550   1.0000          NULL 
341.7005    5    5.100   1.0000          evt5
346.8005    0    0.850   1.0000          NULL 
347.6505    3    5.100   1.0000          evt3
352.7505    0    0.850   1.0000          NULL 
353.6005    4    5.100   1.0000          evt4
358.7005    0    1.700   1.0000          NULL 
