  0.0000    2    5.100   1.0000          evt2
  5.1000    0    2.550   1.0000          NULL 
  7.6500    3    5.100   1.0000          evt3
 12.7500    0    1.700   1.0000          NULL 
 14.4500    1    5.100   1.0000          evt1
 19.5500    0    0.850   1.0000          NULL 
 20.4000    6    5.100   1.0000          evt6
 25.5000    0    0.850   1.0000          NULL 
 26.3500    1    5.100   1.0000          evt1
 31.4500    0    0.850   1.0000          NULL 
 32.3000    6    5.100   1.0000          evt6
 37.4000    0    1.700   1.0000          NULL 
 39.1000    6    5.100   1.0000          evt6
 44.2000    0    0.850   1.0000          NULL 
 45.0500    1    5.100   1.0000          evt1
 50.1500    0    2.550   1.0000          NULL 
 52.7000    2    5.100   1.0000          evt2
 57.8000    0    0.850   1.0000          NULL 
 58.6500    2    5.100   1.0000          evt2
 63.7500    0    0.850   1.0000          NULL 
 64.6000    5    5.100   1.0000          evt5
 69.7000    0    0.850   1.0000          NULL 
 70.5500    4    5.100   1.0000          evt4
 75.6500    0    1.700   1.0000          NULL 
 77.3500    1    5.100   1.0000          evt1
 82.4500    0    0.850   1.0000          NULL 
 83.3000    1    5.100   1.0000          evt1
 88.4000    0    0.850   1.0000          NULL 
 89.2500    4    5.100   1.0000          evt4
 94.3500    0    1.700   1.0000          NULL 
 96.0500    6    5.100   1.0000          evt6
101.1500    0    2.550   1.0000          NULL 
103.7000    3    5.100   1.0000          evt3
108.8000    0    0.850   1.0000          NULL 
109.6500    3    5.100   1.0000          evt3
114.7500    0    2.550   1.0000          NULL 
117.2999    4    5.100   1.0000          evt4
122.3999    0    2.550   1.0000          NULL 
124.9499    1    5.100   1.0000          evt1
130.0499    0    0.850   1.0000          NULL 
130.8999    3    5.100   1.0000          evt3
136.0000    0    0.850   1.0000          NULL 
136.8500    5    5.100   1.0000          evt5
141.9500    0    1.700   1.0000          NULL 
143.6500    6    5.100   1.0000          evt6
148.7500    0    1.700   1.0000          NULL 
150.4500    3    5.100   1.0000          evt3
155.5500    0    1.700   1.0000          NULL 
157.2500    6    5.100   1.0000          evt6
162.3500    0    0.850   1.0000          NULL 
163.2000    1    5.100   1.0000          evt1
168.3000    0    1.700   1.0000          NULL 
170.0000    4    5.100   1.0000          evt4
175.1001    0    0.850   1.0000          NULL 
175.9501    4    5.100   1.0000          evt4
181.0501    0    2.550   1.0000          NULL 
183.6001    6    5.100   1.0000          evt6
188.7001    0    0.850   1.0000          NULL 
189.5501    3    5.100   1.0000          evt3
194.6501    0    0.850   1.0000          NULL 
195.5001    1    5.100   1.0000          evt1
200.6001    0    0.850   1.0000          NULL 
201.4501    6    5.100   1.0000          evt6
206.5501    0    1.700   1.0000          NULL 
208.2501    4    5.100   1.0000          evt4
213.3501    0    0.850   1.0000          NULL 
214.2001    2    5.100   1.0000          evt2
219.3002    0    0.850   1.0000          NULL 
220.1502    5    5.100   1.0000          evt5
225.2502    0    0.850   1.0000          NULL 
226.1002    4    5.100   1.0000          evt4
231.2002    0    0.850   1.0000          NULL 
232.0502    3    5.100   1.0000          evt3
237.1502    0    0.850   1.0000          NULL 
238.0002    1    5.100   1.0000          evt1
243.1002    0    2.550   1.0000          NULL 
245.6502    6    5.100   1.0000          evt6
250.7502    0    0.850   1.0000          NULL 
251.6002    4    5.100   1.0000          evt4
256.7002    0    0.850   1.0000          NULL 
257.5502    5    5.100   1.0000          evt5
262.6502    0    0.850   1.0000          NULL 
263.5002    6    5.100   1.0000          evt6
268.6003    0    0.850   1.0000          NULL 
269.4503    6    5.100   1.0000          evt6
274.5503    0    0.850   1.0000          NULL 
275.4003    3    5.100   1.0000          evt3
280.5003    0    5.950   1.0000          NULL 
286.4503    5    5.100   1.0000          evt5
291.5503    0    1.700   1.0000          NULL 
293.2503    4    5.100   1.0000          evt4
298.3503    0    2.550   1.0000          NULL 
300.9004    2    5.100   1.0000          evt2
306.0004    0    7.650   1.0000          NULL 
313.6504    3    5.100   1.0000          evt3
318.7504    0    0.850   1.0000          NULL 
319.6004    3    5.100   1.0000          evt3
324.7004    0    0.850   1.0000          NULL 
325.5504    1    5.100   1.0000          evt1
330.6505    0    0.850   1.0000          NULL 
331.5005    4    5.100   1.0000          evt4
336.6005    0    2.550   1.0000          NULL 
339.1505    4    5.100   1.0000          evt4
344.2505    0    1.700   1.0000          NULL 
345.9505    3    5.100   1.0000          evt3
351.0505    0    1.700   1.0000          NULL 
352.7505    1    5.100   1.0000          evt1
357.8505    0    2.549   1.0000          NULL 
