  0.0000    3    5.100   1.0000          evt3
  5.1000    0    1.700   1.0000          NULL 
  6.8000    1    5.100   1.0000          evt1
 11.9000    0    1.700   1.0000          NULL 
 13.6000    4    5.100   1.0000          evt4
 18.7000    0    1.700   1.0000          NULL 
 20.4000    6    5.100   1.0000          evt6
 25.5000    0    0.850   1.0000          NULL 
 26.3500    3    5.100   1.0000          evt3
 31.4500    0    3.400   1.0000          NULL 
 34.8500    1    5.100   1.0000          evt1
 39.9500    0    1.700   1.0000          NULL 
 41.6500    6    5.100   1.0000          evt6
 46.7500    0    3.400   1.0000          NULL 
 50.1500    3    5.100   1.0000          evt3
 55.2500    0    0.850   1.0000          NULL 
 56.1000    4    5.100   1.0000          evt4
 61.2000    0    0.850   1.0000          NULL 
 62.0500    3    5.100   1.0000          evt3
 67.1500    0    0.850   1.0000          NULL 
 68.0000    6    5.100   1.0000          evt6
 73.1000    0    0.850   1.0000          NULL 
 73.9500    1    5.100   1.0000          evt1
 79.0500    0    3.400   1.0000          NULL 
 82.4500    1    5.100   1.0000          evt1
 87.5500    0    0.850   1.0000          NULL 
 88.4000    1    5.100   1.0000          evt1
 93.5000    0    1.700   1.0000          NULL 
 95.2000    6    5.100   1.0000          evt6
100.3000    0    0.850   1.0000          NULL 
101.1500    5    5.100   1.0000          evt5
106.2500    0    0.850   1.0000          NULL 
107.1000    6    5.100   1.0000          evt6
112.2000    0    0.850   1.0000          NULL 
113.0499    5    5.100   1.0000          evt5
118.1499    0    0.850   1.0000          NULL 
118.9999    2    5.100   1.0000          evt2
124.0999    0    1.700   1.0000          NULL 
125.7999    5    5.100   1.0000          evt5
130.8999    0    0.850   1.0000          NULL 
131.7500    2    5.100   1.0000          evt2
136.8500    0    1.700   1.0000          NULL 
138.5500    5    5.100   1.0000          evt5
143.6500    0    0.850   1.0000          NULL 
144.5000    3    5.100   1.0000          evt3
149.6000    0    0.850   1.0000          NULL 
150.4500    1    5.100   1.0000          evt1
155.5500    0    3.400   1.0000          NULL 
158.9500    3    5.100   1.0000          evt3
164.0500    0    1.700   1.0000          NULL 
165.7500    4    5.100   1.0000          evt4
170.8501    0    0.850   1.0000          NULL 
171.7001    2    5.100   1.0000          evt2
176.8001    0    1.700   1.0000          NULL 
178.5001    2    5.100   1.0000          evt2
183.6001    0    1.700   1.0000          NULL 
185.3001    1    5.100   1.0000          evt1
190.4001    0    0.850   1.0000          NULL 
191.2501    4    5.100   1.0000          evt4
196.3501    0    2.550   1.0000          NULL 
198.9001    4    5.100   1.0000          evt4
204.0001    0    0.850   1.0000          NULL 
204.8501    4    5.100   1.0000          evt4
209.9501    0    0.850   1.0000          NULL 
210.8002    1    5.100   1.0000          evt1
215.9002    0    0.850   1.0000          NULL 
216.7502    1    5.100   1.0000          evt1
221.8502    0    0.850   1.0000          NULL 
222.7002    4    5.100   1.0000          evt4
227.8002    0    1.700   1.0000          NULL 
229.5002    3    5.100   1.0000          evt3
234.6002    0    2.550   1.0000          NULL 
237.1502    4    5.100   1.0000          evt4
242.2502    0    1.700   1.0000          NULL 
243.9502    6    5.100   1.0000          evt6
249.0502    0    0.850   1.0000          NULL 
249.9003    1    5.100   1.0000          evt1
255.0003    0    1.700   1.0000          NULL 
256.7003    1    5.100   1.0000          evt1
261.8003    0    1.700   1.0000          NULL 
263.5003    4    5.100   1.0000          evt4
268.6003    0    0.850   1.0000          NULL 
269.4503    4    5.100   1.0000          evt4
274.5503    0    1.700   1.0000          NULL 
276.2503    5    5.100   1.0000          evt5
281.3503    0    1.700   1.0000          NULL 
283.0503    3    5.100   1.0000          evt3
288.1503    0    1.700   1.0000          NULL 
289.8503    6    5.100   1.0000          evt6
294.9503    0    0.850   1.0000          NULL 
295.8004    6    5.100   1.0000          evt6
300.9004    0    1.700   1.0000          NULL 
302.6004    3    5.100   1.0000          evt3
307.7004    0    0.850   1.0000          NULL 
308.5504    6    5.100   1.0000          evt6
313.6504    0    0.850   1.0000          NULL 
314.5004    4    5.100   1.0000          evt4
319.6004    0    0.850   1.0000          NULL 
320.4504    6    5.100   1.0000          evt6
325.5504    0    2.550   1.0000          NULL 
328.1004    2    5.100   1.0000          evt2
333.2004    0    1.700   1.0000          NULL 
334.9005    6    5.100   1.0000          evt6
340.0005    0    4.250   1.0000          NULL 
344.2505    3    5.100   1.0000          evt3
349.3505    0    5.100   1.0000          NULL 
354.4505    3    5.100   1.0000          evt3
359.5505    0    0.849   1.0000          NULL 
