  0.0000    1    5.100   1.0000          evt1
  5.1000    3    5.100   1.0000          evt3
 10.2000    0    2.550   1.0000          NULL 
 12.7500    4    5.100   1.0000          evt4
 17.8500    3    5.100   1.0000          evt3
 22.9500    0    3.400   1.0000          NULL 
 26.3500    3    5.100   1.0000          evt3
 31.4500    0    0.850   1.0000          NULL 
 32.3000    5    5.100   1.0000          evt5
 37.4000    0    1.700   1.0000          NULL 
 39.1000    4    5.100   1.0000          evt4
 44.2000    0    0.850   1.0000          NULL 
 45.0500    3    5.100   1.0000          evt3
 50.1500    0    3.400   1.0000          NULL 
 53.5500    3    5.100   1.0000          evt3
 58.6500    0    3.400   1.0000          NULL 
 62.0500    1    5.100   1.0000          evt1
 67.1500    0    0.850   1.0000          NULL 
 68.0000    2    5.100   1.0000          evt2
 73.1000    0    3.400   1.0000          NULL 
 76.5000    6    5.100   1.0000          evt6
 81.6000    0    1.700   1.0000          NULL 
 83.3000    6    5.100   1.0000          evt6
 88.4000    0    1.700   1.0000          NULL 
 90.1000    1    5.100   1.0000          evt1
 95.2000    0    4.250   1.0000          NULL 
 99.4500    6    5.100   1.0000          evt6
104.5499    0    1.700   1.0000          NULL 
106.2499    3    5.100   1.0000          evt3
111.3499    0    7.650   1.0000          NULL 
118.9999    3    5.100   1.0000          evt3
124.0999    6    5.100   1.0000          evt6
129.1999    5    5.100   1.0000          evt5
134.2999    0    0.850   1.0000          NULL 
135.1499    6    5.100   1.0000          evt6
140.2500    0    0.850   1.0000          NULL 
141.1000    4    5.100   1.0000          evt4
146.2000    0    1.700   1.0000          NULL 
147.9000    2    5.100   1.0000          evt2
153.0000    0    0.850   1.0000          NULL 
153.8500    5    5.100   1.0000          evt5
158.9500    2    5.100   1.0000          evt2
164.0500    0    2.550   1.0000          NULL 
166.6000    6    5.100   1.0000          evt6
171.7000    0    0.850   1.0000          NULL 
172.5500    4    5.100   1.0000          evt4
177.6500    0    0.850   1.0000          NULL 
178.5000    3    5.100   1.0000          evt3
183.6001    1    5.100   1.0000          evt1
188.7001    1    5.100   1.0000          evt1
193.8001    4    5.100   1.0000          evt4
198.9001    5    5.100   1.0000          evt5
204.0001    0    1.700   1.0000          NULL 
205.7001    2    5.100   1.0000          evt2
210.8001    0    0.850   1.0000          NULL 
211.6501    4    5.100   1.0000          evt4
216.7501    0    4.250   1.0000          NULL 
221.0001    6    5.100   1.0000          evt6
226.1001    5    5.100   1.0000          evt5
231.2001    0    4.250   1.0000          NULL 
235.4502    6    5.100   1.0000          evt6
240.5502    0    1.700   1.0000          NULL 
242.2502    6    5.100   1.0000          evt6
247.3502    1    5.100   1.0000          evt1
252.4502    0    4.250   1.0000          NULL 
256.7002    3    5.100   1.0000          evt3
261.8002    2    5.100   1.0000          evt2
266.9002    0    3.400   1.0000          NULL 
270.3003    4    5.100   1.0000          evt4
275.4003    0    0.850   1.0000          NULL 
276.2503    1    5.100   1.0000          evt1
281.3503    1    5.100   1.0000          evt1
286.4503    0    3.400   1.0000          NULL 
289.8503    3    5.100   1.0000          evt3
294.9503    0    0.850   1.0000          NULL 
295.8003    6    5.100   1.0000          evt6
300.9003    4    5.100   1.0000          evt4
306.0003    0    1.700   1.0000          NULL 
307.7003    4    5.100   1.0000          evt4
312.8004    0    4.250   1.0000          NULL 
317.0504    1    5.100   1.0000          evt1
322.1504    0    0.850   1.0000          NULL 
323.0004    1    5.100   1.0000          evt1
328.1004    0    2.550   1.0000          NULL 
330.6504    6    5.100   1.0000          evt6
335.7504    0    1.700   1.0000          NULL 
337.4504    4    5.100   1.0000          evt4
342.5504    0    1.700   1.0000          NULL 
344.2505    4    5.100   1.0000          evt4
349.3505    0    0.850   1.0000          NULL 
350.2005    3    5.100   1.0000          evt3
355.3005    1    5.100   1.0000          evt1
