  0.0000    4    5.100   1.0000          evt4
  5.1000    0    1.700   1.0000          NULL 
  6.8000    3    5.100   1.0000          evt3
 11.9000    0    0.850   1.0000          NULL 
 12.7500    1    5.100   1.0000          evt1
 17.8500    0    0.850   1.0000          NULL 
 18.7000    6    5.100   1.0000          evt6
 23.8000    0    3.400   1.0000          NULL 
 27.2000    3    5.100   1.0000          evt3
 32.3000    0    0.850   1.0000          NULL 
 33.1500    6    5.100   1.0000          evt6
 38.2500    0    0.850   1.0000          NULL 
 39.1000    5    5.100   1.0000          evt5
 44.2000    3    5.100   1.0000          evt3
 49.3000    0    2.550   1.0000          NULL 
 51.8500    4    5.100   1.0000          evt4
 56.9500    4    5.100   1.0000          evt4
 62.0500    6    5.100   1.0000          evt6
 67.1500    3    5.100   1.0000          evt3
 72.2500    0    2.550   1.0000          NULL 
 74.8000    4    5.100   1.0000          evt4
 79.9000    0    0.850   1.0000          NULL 
 80.7500    4    5.100   1.0000          evt4
 85.8500    0    0.850   1.0000          NULL 
 86.7000    5    5.100   1.0000          evt5
 91.8000    0    4.250   1.0000          NULL 
 96.0500    6    5.100   1.0000          evt6
101.1500    0    2.550   1.0000          NULL 
103.7000    1    5.100   1.0000          evt1
108.8000    0    0.850   1.0000          NULL 
109.6500    2    5.100   1.0000          evt2
114.7500    0    1.700   1.0000          NULL 
116.4500    3    5.100   1.0000          evt3
121.5499    0    0.850   1.0000          NULL 
122.3999    6    5.100   1.0000          evt6
127.4999    0    1.700   1.0000          NULL 
129.2000    4    5.100   1.0000          evt4
134.3000    0    3.400   1.0000          NULL 
137.7000    4    5.100   1.0000          evt4
142.8000    0    0.850   1.0000          NULL 
143.6500    4    5.100   1.0000          evt4
148.7500    1    5.100   1.0000          evt1
153.8500    0    0.850   1.0000          NULL 
154.7000    3    5.100   1.0000          evt3
159.8000    0    1.700   1.0000          NULL 
161.5000    6    5.100   1.0000          evt6
166.6000    0    5.100   1.0000          NULL 
171.7001    1    5.100   1.0000          evt1
176.8001    0    1.700   1.0000          NULL 
178.5001    5    5.100   1.0000          evt5
183.6001    1    5.100   1.0000          evt1
188.7001    1    5.100   1.0000          evt1
193.8001    0    2.550   1.0000          NULL 
196.3501    6    5.100   1.0000          evt6
201.4501    1    5.100   1.0000          evt1
206.5501    6    5.100   1.0000          evt6
211.6501    0    3.400   1.0000          NULL 
215.0502    6    5.100   1.0000          evt6
220.1502    0    0.850   1.0000          NULL 
221.0002    4    5.100   1.0000          evt4
226.1002    3    5.100   1.0000          evt3
231.2002    0    0.850   1.0000          NULL 
232.0502    3    5.100   1.0000          evt3
237.1502    0    1.700   1.0000          NULL 
238.8502    4    5.100   1.0000          evt4
243.9502    3    5.100   1.0000          evt3
249.0502    4    5.100   1.0000          evt4
254.1502    0    6.800   1.0000          NULL 
260.9503    1    5.100   1.0000          evt1
266.0503    3    5.100   1.0000          evt3
271.1503    5    5.100   1.0000          evt5
276.2503    0    5.950   1.0000          NULL 
282.2003    2    5.100   1.0000          evt2
287.3004    0    0.850   1.0000          NULL 
288.1504    3    5.100   1.0000          evt3
293.2504    0    1.700   1.0000          NULL 
294.9504    6    5.100   1.0000          evt6
300.0504    5    5.100   1.0000          evt5
305.1504    0    3.400   1.0000          NULL 
308.5504    2    5.100   1.0000          evt2
313.6504    0    7.650   1.0000          NULL 
321.3005    1    5.100   1.0000          evt1
326.4005    2    5.100   1.0000          evt2
331.5005    1    5.100   1.0000          evt1
336.6005    0    0.850   1.0000          NULL 
337.4505    6    5.100   1.0000          evt6
342.5505    0    7.650   1.0000          NULL 
350.2006    2    5.100   1.0000          evt2
355.3006    1    5.100   1.0000          evt1
