  0.0000    3    5.100   1.0000          evt3
  5.1000    0    0.850   1.0000          NULL 
  5.9500    1    5.100   1.0000          evt1
 11.0500    0    1.700   1.0000          NULL 
 12.7500    1    5.100   1.0000          evt1
 17.8500    6    5.100   1.0000          evt6
 22.9500    0    1.700   1.0000          NULL 
 24.6500    4    5.100   1.0000          evt4
 29.7500    0    2.550   1.0000          NULL 
 32.3000    1    5.100   1.0000          evt1
 37.4000    0    0.850   1.0000          NULL 
 38.2500    3    5.100   1.0000          evt3
 43.3500    0    4.250   1.0000          NULL 
 47.6000    3    5.100   1.0000          evt3
 52.7000    0    3.400   1.0000          NULL 
 56.1000    1    5.100   1.0000          evt1
 61.2000    0    1.700   1.0000          NULL 
 62.9000    3    5.100   1.0000          evt3
 68.0000    3    5.100   1.0000          evt3
 73.1000    0    5.100   1.0000          NULL 
 78.2000    5    5.100   1.0000          evt5
 83.3000    1    5.100   1.0000          evt1
 88.4000    1    5.100   1.0000          evt1
 93.5000    4    5.100   1.0000          evt4
 98.6000    0    4.250   1.0000          NULL 
102.8500    6    5.100   1.0000          evt6
107.9500    1    5.100   1.0000          evt1
113.0499    4    5.100   1.0000          evt4
118.1499    0    5.100   1.0000          NULL 
123.2499    4    5.100   1.0000          evt4
128.3499    0    0.850   1.0000          NULL 
129.2000    2    5.100   1.0000          evt2
134.3000    0    0.850   1.0000          NULL 
135.1500    3    5.100   1.0000          evt3
140.2500    0    1.700   1.0000          NULL 
141.9500    4    5.100   1.0000          evt4
147.0500    0    2.550   1.0000          NULL 
149.6000    5    5.100   1.0000          evt5
154.7000    0    0.850   1.0000          NULL 
155.5500    4    5.100   1.0000          evt4
160.6500    0    1.700   1.0000          NULL 
162.3500    4    5.100   1.0000          evt4
167.4500    5    5.100   1.0000          evt5
172.5500    0    1.700   1.0000          NULL 
174.2501    2    5.100   1.0000          evt2
179.3501    2    5.100   1.0000          evt2
184.4501    0    0.850   1.0000          NULL 
185.3001    3    5.100   1.0000          evt3
190.4001    6    5.100   1.0000          evt6
195.5001    0    0.850   1.0000          NULL 
196.3501    1    5.100   1.0000          evt1
201.4501    4    5.100   1.0000          evt4
206.5501    0    4.250   1.0000          NULL 
210.8001    2    5.100   1.0000          evt2
215.9001    0    3.400   1.0000          NULL 
219.3002    6    5.100   1.0000          evt6
224.4002    2    5.100   1.0000          evt2
229.5002    0    1.700   1.0000          NULL 
231.2002    6    5.100   1.0000          evt6
236.3002    0    0.850   1.0000          NULL 
237.1502    6    5.100   1.0000          evt6
242.2502    6    5.100   1.0000          evt6
247.3502    0    0.850   1.0000          NULL 
248.2002    6    5.100   1.0000          evt6
253.3002    6    5.100   1.0000          evt6
258.4002    0    6.800   1.0000          NULL 
265.2003    5    5.100   1.0000          evt5
270.3003    0    0.850   1.0000          NULL 
271.1503    3    5.100   1.0000          evt3
276.2503    3    5.100   1.0000          evt3
281.3503    0    0.850   1.0000          NULL 
282.2003    5    5.100   1.0000          evt5
287.3003    0    1.700   1.0000          NULL 
289.0003    4    5.100   1.0000          evt4
294.1003    0    1.700   1.0000          NULL 
295.8004    1    5.100   1.0000          evt1
300.9004    0    3.400   1.0000          NULL 
304.3004    4    5.100   1.0000          evt4
309.4004    3    5.100   1.0000          evt3
314.5004    0    8.500   1.0000          NULL 
323.0005    1    5.100   1.0000          evt1
328.1005    6    5.100   1.0000          evt6
333.2005    6    5.100   1.0000          evt6
338.3005    0    4.250   1.0000          NULL 
342.5505    1    5.100   1.0000          evt1
347.6505    0    1.700   1.0000          NULL 
349.3505    4    5.100   1.0000          evt4
354.4505    0    0.850   1.0000          NULL 
355.3005    3    5.100   1.0000          evt3
