  0.0000    6    5.100   1.0000          evt6
  5.1000    0    3.400   1.0000          NULL 
  8.5000    3    5.100   1.0000          evt3
 13.6000    0    1.700   1.0000          NULL 
 15.3000    3    5.100   1.0000          evt3
 20.4000    0    0.850   1.0000          NULL 
 21.2500    1    5.100   1.0000          evt1
 26.3500    0    1.700   1.0000          NULL 
 28.0500    4    5.100   1.0000          evt4
 33.1500    0    3.400   1.0000          NULL 
 36.5500    4    5.100   1.0000          evt4
 41.6500    0    0.850   1.0000          NULL 
 42.5000    6    5.100   1.0000          evt6
 47.6000    0    0.850   1.0000          NULL 
 48.4500    1    5.100   1.0000          evt1
 53.5500    0    0.850   1.0000          NULL 
 54.4000    6    5.100   1.0000          evt6
 59.5000    0    0.850   1.0000          NULL 
 60.3500    3    5.100   1.0000          evt3
 65.4500    0    1.700   1.0000          NULL 
 67.1500    3    5.100   1.0000          evt3
 72.2500    0    0.850   1.0000          NULL 
 73.1000    3    5.100   1.0000          evt3
 78.2000    0    0.850   1.0000          NULL 
 79.0500    3    5.100   1.0000          evt3
 84.1500    0    0.850   1.0000          NULL 
 85.0000    6    5.100   1.0000          evt6
 90.1000    0    0.850   1.0000          NULL 
 90.9500    3    5.100   1.0000          evt3
 96.0500    0    1.700   1.0000          NULL 
 97.7500    4    5.100   1.0000          evt4
102.8500    0    2.550   1.0000          NULL 
105.4000    1    5.100   1.0000          evt1
110.5000    0    1.700   1.0000          NULL 
112.2000    6    5.100   1.0000          evt6
117.2999    0    1.700   1.0000          NULL 
118.9999    2    5.100   1.0000          evt2
124.0999    0    0.850   1.0000          NULL 
124.9499    4    5.100   1.0000          evt4
130.0499    0    0.850   1.0000          NULL 
130.8999    4    5.100   1.0000          evt4
136.0000    0    1.700   1.0000          NULL 
137.7000    1    5.100   1.0000          evt1
142.8000    0    0.850   1.0000          NULL 
143.6500    1    5.100   1.0000          evt1
148.7500    0    3.400   1.0000          NULL 
152.1500    1    5.100   1.0000          evt1
157.2500    0    1.700   1.0000          NULL 
158.9500    3    5.100   1.0000          evt3
164.0500    0    0.850   1.0000          NULL 
164.9000    4    5.100   1.0000          evt4
170.0000    0    0.850   1.0000          NULL 
170.8501    4    5.100   1.0000          evt4
175.9501    0    0.850   1.0000          NULL 
176.8001    6    5.100   1.0000          evt6
181.9001    0    0.850   1.0000          NULL 
182.7501    1    5.100   1.0000          evt1
187.8501    0    2.550   1.0000          NULL 
190.4001    4    5.100   1.0000          evt4
195.5001    0    4.250   1.0000          NULL 
199.7501    5    5.100   1.0000          evt5
204.8501    0    1.700   1.0000          NULL 
206.5502    6    5.100   1.0000          evt6
211.6502    0    5.100   1.0000          NULL 
216.7502    2    5.100   1.0000          evt2
221.8502    0    2.550   1.0000          NULL 
224.4002    4    5.100   1.0000          evt4
229.5002    0    0.850   1.0000          NULL 
230.3502    3    5.100   1.0000          evt3
235.4502    0    2.550   1.0000          NULL 
238.0003    2    5.100   1.0000          evt2
243.1003    0    0.850   1.0000          NULL 
243.9503    5    5.100   1.0000          evt5
249.0503    0    0.850   1.0000          NULL 
249.9003    6    5.100   1.0000          evt6
255.0003    0    0.850   1.0000          NULL 
255.8503    5    5.100   1.0000          evt5
260.9503    0    0.850   1.0000          NULL 
261.8003    3    5.100   1.0000          evt3
266.9003    0    0.850   1.0000          NULL 
267.7503    1    5.100   1.0000          evt1
272.8503    0    0.850   1.0000          NULL 
273.7003    4    5.100   1.0000          evt4
278.8003    0    0.850   1.0000          NULL 
279.6503    1    5.100   1.0000          evt1
284.7503    0    1.700   1.0000          NULL 
286.4503    5    5.100   1.0000          evt5
291.5504    0    1.700   1.0000          NULL 
293.2504    6    5.100   1.0000          evt6
298.3504    0    0.850   1.0000          NULL 
299.2004    3    5.100   1.0000          evt3
304.3004    0    0.850   1.0000          NULL 
305.1504    2    5.100   1.0000          evt2
310.2504    0    0.850   1.0000          NULL 
311.1004    2    5.100   1.0000          evt2
316.2004    0    4.250   1.0000          NULL 
320.4504    1    5.100   1.0000          evt1
325.5504    0    0.850   1.0000          NULL 
326.4005    6    5.100   1.0000          evt6
331.5005    0    0.850   1.0000          NULL 
332.3505    4    5.100   1.0000          evt4
337.4505    0    3.400   1.0000          NULL 
340.8505    6    5.100   1.0000          evt6
345.9505    0    2.550   1.0000          NULL 
348.5005    5    5.100   1.0000          evt5
353.6005    0    0.850   1.0000          NULL 
354.4505    1    5.100   1.0000          evt1
359.5505    0    0.849   1.0000          NULL 
