  0.0000    6    5.100   1.0000          evt6
  5.1000    0    0.850   1.0000          NULL 
  5.9500    3    5.100   1.0000          evt3
 11.0500    0    0.850   1.0000          NULL 
 11.9000    1    5.100   1.0000          evt1
 17.0000    0    0.850   1.0000          NULL 
 17.8500    1    5.100   1.0000          evt1
 22.9500    0    4.250   1.0000          NULL 
 27.2000    6    5.100   1.0000          evt6
 32.3000    0    0.850   1.0000          NULL 
 33.1500    1    5.100   1.0000          evt1
 38.2500    0    5.100   1.0000          NULL 
 43.3500    1    5.100   1.0000          evt1
 48.4500    0    1.700   1.0000          NULL 
 50.1500    4    5.100   1.0000          evt4
 55.2500    0    0.850   1.0000          NULL 
 56.1000    4    5.100   1.0000          evt4
 61.2000    0    0.850   1.0000          NULL 
 62.0500    6    5.100   1.0000          evt6
 67.1500    0    0.850   1.0000          NULL 
 68.0000    3    5.100   1.0000          evt3
 73.1000    0    0.850   1.0000          NULL 
 73.9500    3    5.100   1.0000          evt3
 79.0500    0    2.550   1.0000          NULL 
 81.6000    6    5.100   1.0000          evt6
 86.7000    0    0.850   1.0000          NULL 
 87.5500    6    5.100   1.0000          evt6
 92.6500    0    1.700   1.0000          NULL 
 94.3500    1    5.100   1.0000          evt1
 99.4500    0    0.850   1.0000          NULL 
100.3000    4    5.100   1.0000          evt4
105.4000    0    0.850   1.0000          NULL 
106.2500    6    5.100   1.0000          evt6
111.3500    0    3.400   1.0000          NULL 
114.7499    4    5.100   1.0000          evt4
119.8499    0    2.550   1.0000          NULL 
122.3999    3    5.100   1.0000          evt3
127.4999    0    0.850   1.0000          NULL 
128.3499    2    5.100   1.0000          evt2
133.4500    0    0.850   1.0000          NULL 
134.3000    6    5.100   1.0000          evt6
139.4000    0    0.850   1.0000          NULL 
140.2500    4    5.100   1.0000          evt4
145.3500    0    0.850   1.0000          NULL 
146.2000    6    5.100   1.0000          evt6
151.3000    0    1.700   1.0000          NULL 
153.0000    5    5.100   1.0000          evt5
158.1000    0    1.700   1.0000          NULL 
159.8000    5    5.100   1.0000          evt5
164.9000    0    3.400   1.0000          NULL 
168.3000    1    5.100   1.0000          evt1
173.4001    0    0.850   1.0000          NULL 
174.2501    5    5.100   1.0000          evt5
179.3501    0    0.850   1.0000          NULL 
180.2001    2    5.100   1.0000          evt2
185.3001    0    2.550   1.0000          NULL 
187.8501    2    5.100   1.0000          evt2
192.9501    0    1.700   1.0000          NULL 
194.6501    3    5.100   1.0000          evt3
199.7501    0    0.850   1.0000          NULL 
200.6001    3    5.100   1.0000          evt3
205.7001    0    0.850   1.0000          NULL 
206.5501    1    5.100   1.0000          evt1
211.6501    0    0.850   1.0000          NULL 
212.5002    4    5.100   1.0000          evt4
217.6002    0    1.700   1.0000          NULL 
219.3002    1    5.100   1.0000          evt1
224.4002    0    2.550   1.0000          NULL 
226.9502    2    5.100   1.0000          evt2
232.0502    0    1.700   1.0000          NULL 
233.7502    6    5.100   1.0000          evt6
238.8502    0    0.850   1.0000          NULL 
239.7002    1    5.100   1.0000          evt1
244.8002    0    1.700   1.0000          NULL 
246.5002    5    5.100   1.0000          evt5
251.6003    0    0.850   1.0000          NULL 
252.4503    4    5.100   1.0000          evt4
257.5503    0    1.700   1.0000          NULL 
259.2503    4    5.100   1.0000          evt4
264.3503    0    1.700   1.0000          NULL 
266.0503    6    5.100   1.0000          evt6
271.1503    0    2.550   1.0000          NULL 
273.7003    3    5.100   1.0000          evt3
278.8003    0    0.850   1.0000          NULL 
279.6503    4    5.100   1.0000          evt4
284.7503    0    0.850   1.0000          NULL 
285.6003    1    5.100   1.0000          evt1
290.7003    0    0.850   1.0000          NULL 
291.5504    3    5.100   1.0000          evt3
296.6504    0    0.850   1.0000          NULL 
297.5004    1    5.100   1.0000          evt1
302.6004    0    0.850   1.0000          NULL 
303.4504    3    5.100   1.0000          evt3
308.5504    0    0.850   1.0000          NULL 
309.4004    4    5.100   1.0000          evt4
314.5004    0    5.950   1.0000          NULL 
320.4504    6    5.100   1.0000          evt6
325.5504    0    2.550   1.0000          NULL 
328.1005    4    5.100   1.0000          evt4
333.2005    0    0.850   1.0000          NULL 
334.0505    2    5.100   1.0000          evt2
339.1505    0    3.400   1.0000          NULL 
342.5505    3    5.100   1.0000          evt3
347.6505    0    0.850   1.0000          NULL 
348.5005    5    5.100   1.0000          evt5
353.6005    0    0.850   1.0000          NULL 
354.4505    3    5.100   1.0000          evt3
359.5505    0    0.849   1.0000          NULL 
