  0.0000    3    5.100   1.0000          evt3
  5.1000    0    1.700   1.0000          NULL 
  6.8000    6    5.100   1.0000          evt6
 11.9000    0    0.850   1.0000          NULL 
 12.7500    4    5.100   1.0000          evt4
 17.8500    0    0.850   1.0000          NULL 
 18.7000    3    5.100   1.0000          evt3
 23.8000    0    0.850   1.0000          NULL 
 24.6500    6    5.100   1.0000          evt6
 29.7500    0    0.850   1.0000          NULL 
 30.6000    3    5.100   1.0000          evt3
 35.7000    0    0.850   1.0000          NULL 
 36.5500    4    5.100   1.0000          evt4
 41.6500    0    1.700   1.0000          NULL 
 43.3500    3    5.100   1.0000          evt3
 48.4500    0    1.700   1.0000          NULL 
 50.1500    1    5.100   1.0000          evt1
 55.2500    0    0.850   1.0000          NULL 
 56.1000    4    5.100   1.0000          evt4
 61.2000    0    0.850   1.0000          NULL 
 62.0500    4    5.100   1.0000          evt4
 67.1500    0    1.700   1.0000          NULL 
 68.8500    1    5.100   1.0000          evt1
 73.9500    0    1.700   1.0000          NULL 
 75.6500    1    5.100   1.0000          evt1
 80.7500    0    2.550   1.0000          NULL 
 83.3000    1    5.100   1.0000          evt1
 88.4000    0    0.850   1.0000          NULL 
 89.2500    5    5.100   1.0000          evt5
 94.3500    0    2.550   1.0000          NULL 
 96.9000    2    5.100   1.0000          evt2
102.0000    0    0.850   1.0000          NULL 
102.8500    2    5.100   1.0000          evt2
107.9500    0    0.850   1.0000          NULL 
108.8000    3    5.100   1.0000          evt3
113.9000    0    3.400   1.0000          NULL 
117.2999    1    5.100   1.0000          evt1
122.3999    0    1.700   1.0000          NULL 
124.0999    1    5.100   1.0000          evt1
129.2000    0    1.700   1.0000          NULL 
130.9000    6    5.100   1.0000          evt6
136.0000    0    3.400   1.0000          NULL 
139.4000    4    5.100   1.0000          evt4
144.5000    0    0.850   1.0000          NULL 
145.3500    3    5.100   1.0000          evt3
150.4500    0    1.700   1.0000          NULL 
152.1500    6    5.100   1.0000          evt6
157.2500    0    0.850   1.0000          NULL 
158.1000    4    5.100   1.0000          evt4
163.2000    0    0.850   1.0000          NULL 
164.0500    6    5.100   1.0000          evt6
169.1501    0    0.850   1.0000          NULL 
170.0001    4    5.100   1.0000          evt4
175.1001    0    2.550   1.0000          NULL 
177.6501    3    5.100   1.0000          evt3
182.7501    0    0.850   1.0000          NULL 
183.6001    3    5.100   1.0000          evt3
188.7001    0    0.850   1.0000          NULL 
189.5501    2    5.100   1.0000          evt2
194.6501    0    2.550   1.0000          NULL 
197.2001    5    5.100   1.0000          evt5
202.3001    0    0.850   1.0000          NULL 
203.1501    5    5.100   1.0000          evt5
208.2502    0    0.850   1.0000          NULL 
209.1002    6    5.100   1.0000          evt6
214.2002    0    1.700   1.0000          NULL 
215.9002    2    5.100   1.0000          evt2
221.0002    0    4.250   1.0000          NULL 
225.2502    5    5.100   1.0000          evt5
230.3502    0    0.850   1.0000          NULL 
231.2002    6    5.100   1.0000          evt6
236.3002    0    1.700   1.0000          NULL 
238.0002    3    5.100   1.0000          evt3
243.1003    0    1.700   1.0000          NULL 
244.8003    1    5.100   1.0000          evt1
249.9003    0    0.850   1.0000          NULL 
250.7503    4    5.100   1.0000          evt4
255.8503    0    0.850   1.0000          NULL 
256.7003    1    5.100   1.0000          evt1
261.8003    0    1.700   1.0000          NULL 
263.5003    6    5.100   1.0000          evt6
268.6003    0    5.950   1.0000          NULL 
274.5504    3    5.100   1.0000          evt3
279.6504    0    0.850   1.0000          NULL 
280.5004    4    5.100   1.0000          evt4
285.6004    0    1.700   1.0000          NULL 
287.3004    6    5.100   1.0000          evt6
292.4004    0    2.550   1.0000          NULL 
294.9504    1    5.100   1.0000          evt1
300.0504    0    0.850   1.0000          NULL 
300.9004    6    5.100   1.0000          evt6
306.0004    0    0.850   1.0000          NULL 
306.8504    2    5.100   1.0000          evt2
311.9504    0    0.850   1.0000          NULL 
312.8004    4    5.100   1.0000          evt4
317.9005    0    2.550   1.0000          NULL 
320.4505    6    5.100   1.0000          evt6
325.5505    0    1.700   1.0000          NULL 
327.2505    1    5.100   1.0000          evt1
332.3505    0    1.700   1.0000          NULL 
334.0505    1    5.100   1.0000          evt1
339.1505    0    0.850   1.0000          NULL 
340.0005    4    5.100   1.0000          evt4
345.1005    0    0.850   1.0000          NULL 
345.9505    3    5.100   1.0000          evt3
351.0505    0    2.550   1.0000          NULL 
353.6006    5    5.100   1.0000          evt5
358.7006    0    1.699   1.0000          NULL 
