  0.0000    1    5.100   1.0000          evt1
  5.1000    0    1.700   1.0000          NULL 
  6.8000    4    5.100   1.0000          evt4
 11.9000    0    1.700   1.0000          NULL 
 13.6000    3    5.100   1.0000          evt3
 18.7000    0    1.700   1.0000          NULL 
 20.4000    3    5.100   1.0000          evt3
 25.5000    0    0.850   1.0000          NULL 
 26.3500    1    5.100   1.0000          evt1
 31.4500    0    3.400   1.0000          NULL 
 34.8500    6    5.100   1.0000          evt6
 39.9500    0    0.850   1.0000          NULL 
 40.8000    4    5.100   1.0000          evt4
 45.9000    0    1.700   1.0000          NULL 
 47.6000    5    5.100   1.0000          evt5
 52.7000    0    3.400   1.0000          NULL 
 56.1000    4    5.100   1.0000          evt4
 61.2000    0    1.700   1.0000          NULL 
 62.9000    6    5.100   1.0000          evt6
 68.0000    0    1.700   1.0000          NULL 
 69.7000    2    5.100   1.0000          evt2
 74.8000    0    1.700   1.0000          NULL 
 76.5000    3    5.100   1.0000          evt3
 81.6000    0    1.700   1.0000          NULL 
 83.3000    1    5.100   1.0000          evt1
 88.4000    0    0.850   1.0000          NULL 
 89.2500    6    5.100   1.0000          evt6
 94.3500    0    0.850   1.0000          NULL 
 95.2000    2    5.100   1.0000          evt2
100.3000    0    1.700   1.0000          NULL 
102.0000    3    5.100   1.0000          evt3
107.1000    0    1.700   1.0000          NULL 
108.7999    4    5.100   1.0000          evt4
113.8999    0    1.700   1.0000          NULL 
115.5999    6    5.100   1.0000          evt6
120.6999    0    1.700   1.0000          NULL 
122.3999    4    5.100   1.0000          evt4
127.4999    0    0.850   1.0000          NULL 
128.3499    6    5.100   1.0000          evt6
133.4500    0    0.850   1.0000          NULL 
134.3000    5    5.100   1.0000          evt5
139.4000    0    0.850   1.0000          NULL 
140.2500    1    5.100   1.0000          evt1
145.3500    0    5.100   1.0000          NULL 
150.4500    3    5.100   1.0000          evt3
155.5500    0    3.400   1.0000          NULL 
158.9500    1    5.100   1.0000          evt1
164.0500    0    1.700   1.0000          NULL 
165.7501    6    5.100   1.0000          evt6
170.8501    0    1.700   1.0000          NULL 
172.5501    6    5.100   1.0000          evt6
177.6501    0    1.700   1.0000          NULL 
179.3501    2    5.100   1.0000          evt2
184.4501    0    0.850   1.0000          NULL 
185.3001    2    5.100   1.0000          evt2
190.4001    0    0.850   1.0000          NULL 
191.2501    5    5.100   1.0000          evt5
196.3501    0    0.850   1.0000          NULL 
197.2001    4    5.100   1.0000          evt4
202.3001    0    1.700   1.0000          NULL 
204.0002    4    5.100   1.0000          evt4
209.1002    0    0.850   1.0000          NULL 
209.9502    1    5.100   1.0000          evt1
215.0502    0    0.850   1.0000          NULL 
215.9002    4    5.100   1.0000          evt4
221.0002    0    1.700   1.0000          NULL 
222.7002    1    5.100   1.0000          evt1
227.8002    0    0.850   1.0000          NULL 
228.6502    3    5.100   1.0000          evt3
233.7502    0    0.850   1.0000          NULL 
234.6002    3    5.100   1.0000          evt3
239.7002    0    0.850   1.0000          NULL 
240.5502    1    5.100   1.0000          evt1
245.6502    0    0.850   1.0000          NULL 
246.5002    3    5.100   1.0000          evt3
251.6003    0    2.550   1.0000          NULL 
254.1503    3    5.100   1.0000          evt3
259.2503    0    0.850   1.0000          NULL 
260.1003    3    5.100   1.0000          evt3
265.2003    0    6.800   1.0000          NULL 
272.0003    6    5.100   1.0000          evt6
277.1003    0    1.700   1.0000          NULL 
278.8004    5    5.100   1.0000          evt5
283.9004    0    1.700   1.0000          NULL 
285.6004    1    5.100   1.0000          evt1
290.7004    0    0.850   1.0000          NULL 
291.5504    6    5.100   1.0000          evt6
296.6504    0    0.850   1.0000          NULL 
297.5004    4    5.100   1.0000          evt4
302.6004    0    0.850   1.0000          NULL 
303.4504    1    5.100   1.0000          evt1
308.5504    0    0.850   1.0000          NULL 
309.4004    1    5.100   1.0000          evt1
314.5004    0    0.850   1.0000          NULL 
315.3504    6    5.100   1.0000          evt6
320.4504    0    2.550   1.0000          NULL 
323.0005    6    5.100   1.0000          evt6
328.1005    0    1.700   1.0000          NULL 
329.8005    4    5.100   1.0000          evt4
334.9005    0    1.700   1.0000          NULL 
336.6005    5    5.100   1.0000          evt5
341.7005    0    0.850   1.0000          NULL 
342.5505    4    5.100   1.0000          evt4
347.6505    0    0.850   1.0000          NULL 
348.5005    2    5.100   1.0000          evt2
353.6005    0    0.850   1.0000          NULL 
354.4505    3    5.100   1.0000          evt3
359.5505    0    0.849   1.0000          NULL 
