  0.0000    4    5.100   1.0000          evt4
  5.1000    0    1.700   1.0000          NULL 
  6.8000    4    5.100   1.0000          evt4
 11.9000    0    0.850   1.0000          NULL 
 12.7500    6    5.100   1.0000          evt6
 17.8500    4    5.100   1.0000          evt4
 22.9500    3    5.100   1.0000          evt3
 28.0500    0    4.250   1.0000          NULL 
 32.3000    3    5.100   1.0000          evt3
 37.4000    0    1.700   1.0000          NULL 
 39.1000    2    5.100   1.0000          evt2
 44.2000    0    3.400   1.0000          NULL 
 47.6000    2    5.100   1.0000          evt2
 52.7000    5    5.100   1.0000          evt5
 57.8000    5    5.100   1.0000          evt5
 62.9000    0    0.850   1.0000          NULL 
 63.7500    4    5.100   1.0000          evt4
 68.8500    0    0.850   1.0000          NULL 
 69.7000    6    5.100   1.0000          evt6
 74.8000    4    5.100   1.0000          evt4
 79.9000    0    2.550   1.0000          NULL 
 82.4500    3    5.100   1.0000          evt3
 87.5500    0    2.550   1.0000          NULL 
 90.1000    6    5.100   1.0000          evt6
 95.2000    3    5.100   1.0000          evt3
100.3000    0    0.850   1.0000          NULL 
101.1500    6    5.100   1.0000          evt6
106.2500    6    5.100   1.0000          evt6
111.3500    6    5.100   1.0000          evt6
116.4500    0    2.550   1.0000          NULL 
119.0000    2    5.100   1.0000          evt2
124.1000    0    0.850   1.0000          NULL 
124.9500    1    5.100   1.0000          evt1
130.0500    0    6.800   1.0000          NULL 
136.8500    4    5.100   1.0000          evt4
141.9500    0    0.850   1.0000          NULL 
142.8000    3    5.100   1.0000          evt3
147.9000    0    3.400   1.0000          NULL 
151.3000    6    5.100   1.0000          evt6
156.4001    0    5.950   1.0000          NULL 
162.3501    4    5.100   1.0000          evt4
167.4501    6    5.100   1.0000          evt6
172.5501    0    1.700   1.0000          NULL 
174.2501    4    5.100   1.0000          evt4
179.3501    0    3.400   1.0000          NULL 
182.7502    3    5.100   1.0000          evt3
187.8502    3    5.100   1.0000          evt3
192.9502    0    2.550   1.0000          NULL 
195.5002    2    5.100   1.0000          evt2
200.6002    0    2.550   1.0000          NULL 
203.1502    1    5.100   1.0000          evt1
208.2502    0    1.700   1.0000          NULL 
209.9502    4    5.100   1.0000          evt4
215.0502    0    4.250   1.0000          NULL 
219.3003    1    5.100   1.0000          evt1
224.4003    5    5.100   1.0000          evt5
229.5003    0    1.700   1.0000          NULL 
231.2003    1    5.100   1.0000          evt1
236.3003    0    1.700   1.0000          NULL 
238.0003    1    5.100   1.0000          evt1
243.1003    0    3.400   1.0000          NULL 
246.5003    3    5.100   1.0000          evt3
251.6003    0    0.850   1.0000          NULL 
252.4503    3    5.100   1.0000          evt3
257.5504    2    5.100   1.0000          evt2
262.6504    5    5.100   1.0000          evt5
267.7504    0    0.850   1.0000          NULL 
268.6004    5    5.100   1.0000          evt5
273.7004    0    1.700   1.0000          NULL 
275.4004    1    5.100   1.0000          evt1
280.5004    0    1.700   1.0000          NULL 
282.2004    3    5.100   1.0000          evt3
287.3004    0    2.550   1.0000          NULL 
289.8504    1    5.100   1.0000          evt1
294.9504    4    5.100   1.0000          evt4
300.0504    0    0.850   1.0000          NULL 
300.9005    1    5.100   1.0000          evt1
306.0005    6    5.100   1.0000          evt6
311.1005    0    2.550   1.0000          NULL 
313.6505    6    5.100   1.0000          evt6
318.7505    4    5.100   1.0000          evt4
323.8505    0    0.850   1.0000          NULL 
324.7005    1    5.100   1.0000          evt1
329.8005    0    4.250   1.0000          NULL 
334.0505    1    5.100   1.0000          evt1
339.1505    0    2.550   1.0000          NULL 
341.7006    6    5.100   1.0000          evt6
346.8006    0    1.700   1.0000          NULL 
348.5006    3    5.100   1.0000          evt3
353.6006    1    5.100   1.0000          evt1
358.7006    0    1.699   1.0000          NULL 
