  0.0000    6    5.100   1.0000          evt6
  5.1000    6    5.100   1.0000          evt6
 10.2000    1    5.100   1.0000          evt1
 15.3000    1    5.100   1.0000          evt1
 20.4000    0    1.700   1.0000          NULL 
 22.1000    3    5.100   1.0000          evt3
 27.2000    0   11.050   1.0000          NULL 
 38.2500    1    5.100   1.0000          evt1
 43.3500    2    5.100   1.0000          evt2
 48.4500    3    5.100   1.0000          evt3
 53.5500    0    0.850   1.0000          NULL 
 54.4000    1    5.100   1.0000          evt1
 59.5000    3    5.100   1.0000          evt3
 64.6000    0    0.850   1.0000          NULL 
 65.4500    2    5.100   1.0000          evt2
 70.5500    0    2.550   1.0000          NULL 
 73.1000    1    5.100   1.0000          evt1
 78.2000    0    1.700   1.0000          NULL 
 79.9000    6    5.100   1.0000          evt6
 85.0000    6    5.100   1.0000          evt6
 90.1000    3    5.100   1.0000          evt3
 95.2000    4    5.100   1.0000          evt4
100.3000    0    2.550   1.0000          NULL 
102.8500    6    5.100   1.0000          evt6
107.9500    0    4.250   1.0000          NULL 
112.2000    1    5.100   1.0000          evt1
117.2999    2    5.100   1.0000          evt2
122.3999    0    3.400   1.0000          NULL 
125.7999    4    5.100   1.0000          evt4
130.8999    3    5.100   1.0000          evt3
136.0000    0    1.700   1.0000          NULL 
137.7000    1    5.100   1.0000          evt1
142.8000    0    1.700   1.0000          NULL 
144.5000    4    5.100   1.0000          evt4
149.6000    1    5.100   1.0000          evt1
154.7000    0    1.700   1.0000          NULL 
156.4000    6    5.100   1.0000          evt6
161.5000    6    5.100   1.0000          evt6
166.6000    0    6.800   1.0000          NULL 
173.4001    3    5.100   1.0000          evt3
178.5001    0   13.600   1.0000          NULL 
192.1002    4    5.100   1.0000          evt4
197.2002    0    3.400   1.0000          NULL 
200.6002    5    5.100   1.0000          evt5
205.7002    1    5.100   1.0000          evt1
210.8002    6    5.100   1.0000          evt6
215.9002    0    0.850   1.0000          NULL 
216.7502    3    5.100   1.0000          evt3
221.8502    0    2.550   1.0000          NULL 
224.4003    3    5.100   1.0000          evt3
229.5003    0    1.700   1.0000          NULL 
231.2003    4    5.100   1.0000          evt4
236.3003    5    5.100   1.0000          evt5
241.4003    5    5.100   1.0000          evt5
246.5003    0    4.250   1.0000          NULL 
250.7503    3    5.100   1.0000          evt3
255.8503    4    5.100   1.0000          evt4
260.9503    6    5.100   1.0000          evt6
266.0503    4    5.100   1.0000          evt4
271.1503    0    3.400   1.0000          NULL 
274.5504    2    5.100   1.0000          evt2
279.6504    4    5.100   1.0000          evt4
284.7504    4    5.100   1.0000          evt4
289.8504    0    4.250   1.0000          NULL 
294.1004    5    5.100   1.0000          evt5
299.2004    4    5.100   1.0000          evt4
304.3004    0    1.700   1.0000          NULL 
306.0004    3    5.100   1.0000          evt3
311.1004    0    0.850   1.0000          NULL 
311.9504    2    5.100   1.0000          evt2
317.0504    0    0.850   1.0000          NULL 
317.9005    3    5.100   1.0000          evt3
323.0005    1    5.100   1.0000          evt1
328.1005    0    1.700   1.0000          NULL 
329.8005    4    5.100   1.0000          evt4
334.9005    0    1.700   1.0000          NULL 
336.6005    5    5.100   1.0000          evt5
341.7005    1    5.100   1.0000          evt1
346.8005    0    1.700   1.0000          NULL 
348.5005    6    5.100   1.0000          evt6
353.6005    0    1.700   1.0000          NULL 
355.3005    6    5.100   1.0000          evt6
