  0.0000    3    5.100   1.0000          evt3
  5.1000    1    5.100   1.0000          evt1
 10.2000    0    1.700   1.0000          NULL 
 11.9000    2    5.100   1.0000          evt2
 17.0000    0    3.400   1.0000          NULL 
 20.4000    1    5.100   1.0000          evt1
 25.5000    5    5.100   1.0000          evt5
 30.6000    0    0.850   1.0000          NULL 
 31.4500    5    5.100   1.0000          evt5
 36.5500    1    5.100   1.0000          evt1
 41.6500    0    3.400   1.0000          NULL 
 45.0500    2    5.100   1.0000          evt2
 50.1500    0    2.550   1.0000          NULL 
 52.7000    4    5.100   1.0000          evt4
 57.8000    0   11.900   1.0000          NULL 
 69.7000    2    5.100   1.0000          evt2
 74.8000    4    5.100   1.0000          evt4
 79.9000    6    5.100   1.0000          evt6
 85.0000    0    0.850   1.0000          NULL 
 85.8500    4    5.100   1.0000          evt4
 90.9500    0    6.800   1.0000          NULL 
 97.7499    1    5.100   1.0000          evt1
102.8499    4    5.100   1.0000          evt4
107.9499    0    2.550   1.0000          NULL 
110.4999    3    5.100   1.0000          evt3
115.5999    6    5.100   1.0000          evt6
120.6999    0    0.850   1.0000          NULL 
121.5499    3    5.100   1.0000          evt3
126.6499    0    9.350   1.0000          NULL 
136.0000    3    5.100   1.0000          evt3
141.1000    6    5.100   1.0000          evt6
146.2000    0    0.850   1.0000          NULL 
147.0500    4    5.100   1.0000          evt4
152.1500    0    0.850   1.0000          NULL 
153.0000    4    5.100   1.0000          evt4
158.1000    0    5.100   1.0000          NULL 
163.2001    3    5.100   1.0000          evt3
168.3001    1    5.100   1.0000          evt1
173.4001    0    2.550   1.0000          NULL 
175.9501    3    5.100   1.0000          evt3
181.0501    1    5.100   1.0000          evt1
186.1501    6    5.100   1.0000          evt6
191.2501    0    0.850   1.0000          NULL 
192.1001    1    5.100   1.0000          evt1
197.2001    5    5.100   1.0000          evt5
202.3001    0    1.700   1.0000          NULL 
204.0001    2    5.100   1.0000          evt2
209.1001    4    5.100   1.0000          evt4
214.2001    0    1.700   1.0000          NULL 
215.9002    1    5.100   1.0000          evt1
221.0002    0    1.700   1.0000          NULL 
222.7002    6    5.100   1.0000          evt6
227.8002    0    2.550   1.0000          NULL 
230.3502    6    5.100   1.0000          evt6
235.4502    0    1.700   1.0000          NULL 
237.1502    4    5.100   1.0000          evt4
242.2502    0    0.850   1.0000          NULL 
243.1002    3    5.100   1.0000          evt3
248.2002    0    0.850   1.0000          NULL 
249.0502    1    5.100   1.0000          evt1
254.1503    0    0.850   1.0000          NULL 
255.0003    1    5.100   1.0000          evt1
260.1003    4    5.100   1.0000          evt4
265.2003    0    1.700   1.0000          NULL 
266.9003    2    5.100   1.0000          evt2
272.0003    6    5.100   1.0000          evt6
277.1003    0    2.550   1.0000          NULL 
279.6503    4    5.100   1.0000          evt4
284.7503    0    1.700   1.0000          NULL 
286.4503    6    5.100   1.0000          evt6
291.5503    0    0.850   1.0000          NULL 
292.4003    6    5.100   1.0000          evt6
297.5003    0    0.850   1.0000          NULL 
298.3503    3    5.100   1.0000          evt3
303.4503    3    5.100   1.0000          evt3
308.5504    0    3.400   1.0000          NULL 
311.9504    6    5.100   1.0000          evt6
317.0504    0    2.550   1.0000          NULL 
319.6004    6    5.100   1.0000          evt6
324.7004    5    5.100   1.0000          evt5
329.8004    4    5.100   1.0000          evt4
334.9004    3    5.100   1.0000          evt3
340.0004    0    3.400   1.0000          NULL 
343.4005    1    5.100   1.0000          evt1
348.5005    0    0.850   1.0000          NULL 
349.3505    3    5.100   1.0000          evt3
354.4505    0    0.850   1.0000          NULL 
355.3005    5    5.100   1.0000          evt5
