  0.0000    3    5.100   1.0000          evt3
  5.1000    0    0.850   1.0000          NULL 
  5.9500    3    5.100   1.0000          evt3
 11.0500    0    0.850   1.0000          NULL 
 11.9000    2    5.100   1.0000          evt2
 17.0000    0    0.850   1.0000          NULL 
 17.8500    1    5.100   1.0000          evt1
 22.9500    0    1.700   1.0000          NULL 
 24.6500    1    5.100   1.0000          evt1
 29.7500    0    0.850   1.0000          NULL 
 30.6000    2    5.100   1.0000          evt2
 35.7000    0    0.850   1.0000          NULL 
 36.5500    6    5.100   1.0000          evt6
 41.6500    0    1.700   1.0000          NULL 
 43.3500    5    5.100   1.0000          evt5
 48.4500    0    0.850   1.0000          NULL 
 49.3000    5    5.100   1.0000          evt5
 54.4000    0    0.850   1.0000          NULL 
 55.2500    2    5.100   1.0000          evt2
 60.3500    0    3.400   1.0000          NULL 
 63.7500    4    5.100   1.0000          evt4
 68.8500    0    1.700   1.0000          NULL 
 70.5500    3    5.100   1.0000          evt3
 75.6500    0    0.850   1.0000          NULL 
 76.5000    2    5.100   1.0000          evt2
 81.6000    0    1.700   1.0000          NULL 
 83.3000    6    5.100   1.0000          evt6
 88.4000    0    0.850   1.0000          NULL 
 89.2500    6    5.100   1.0000          evt6
 94.3500    0    3.400   1.0000          NULL 
 97.7500    4    5.100   1.0000          evt4
102.8500    0    0.850   1.0000          NULL 
103.7000    3    5.100   1.0000          evt3
108.8000    0    0.850   1.0000          NULL 
109.6500    4    5.100   1.0000          evt4
114.7500    0    0.850   1.0000          NULL 
115.6000    1    5.100   1.0000          evt1
120.7000    0    0.850   1.0000          NULL 
121.5499    4    5.100   1.0000          evt4
126.6499    0    2.550   1.0000          NULL 
129.2000    2    5.100   1.0000          evt2
134.3000    0    0.850   1.0000          NULL 
135.1500    3    5.100   1.0000          evt3
140.2500    0    0.850   1.0000          NULL 
141.1000    3    5.100   1.0000          evt3
146.2000    0    0.850   1.0000          NULL 
147.0500    5    5.100   1.0000          evt5
152.1500    0    0.850   1.0000          NULL 
153.0000    3    5.100   1.0000          evt3
158.1000    0    1.700   1.0000          NULL 
159.8000    1    5.100   1.0000          evt1
164.9000    0    3.400   1.0000          NULL 
168.3000    4    5.100   1.0000          evt4
173.4001    0    2.550   1.0000          NULL 
175.9501    4    5.100   1.0000          evt4
181.0501    0    2.550   1.0000          NULL 
183.6001    6    5.100   1.0000          evt6
188.7001    0    0.850   1.0000          NULL 
189.5501    1    5.100   1.0000          evt1
194.6501    0    0.850   1.0000          NULL 
195.5001    4    5.100   1.0000          evt4
200.6001    0    0.850   1.0000          NULL 
201.4501    3    5.100   1.0000          evt3
206.5501    0    1.700   1.0000          NULL 
208.2502    6    5.100   1.0000          evt6
213.3502    0    2.550   1.0000          NULL 
215.9002    1    5.100   1.0000          evt1
221.0002    0    2.550   1.0000          NULL 
223.5502    5    5.100   1.0000          evt5
228.6502    0    0.850   1.0000          NULL 
229.5002    6    5.100   1.0000          evt6
234.6002    0    2.550   1.0000          NULL 
237.1502    5    5.100   1.0000          evt5
242.2502    0    0.850   1.0000          NULL 
243.1003    1    5.100   1.0000          evt1
248.2003    0    0.850   1.0000          NULL 
249.0503    3    5.100   1.0000          evt3
254.1503    0    0.850   1.0000          NULL 
255.0003    4    5.100   1.0000          evt4
260.1003    0    0.850   1.0000          NULL 
260.9503    6    5.100   1.0000          evt6
266.0503    0    1.700   1.0000          NULL 
267.7503    1    5.100   1.0000          evt1
272.8503    0    3.400   1.0000          NULL 
276.2503    6    5.100   1.0000          evt6
281.3503    0    0.850   1.0000          NULL 
282.2003    6    5.100   1.0000          evt6
287.3004    0    0.850   1.0000          NULL 
288.1504    4    5.100   1.0000          evt4
293.2504    0    2.550   1.0000          NULL 
295.8004    6    5.100   1.0000          evt6
300.9004    0    5.950   1.0000          NULL 
306.8504    3    5.100   1.0000          evt3
311.9504    0    1.700   1.0000          NULL 
313.6505    3    5.100   1.0000          evt3
318.7505    0    0.850   1.0000          NULL 
319.6005    6    5.100   1.0000          evt6
324.7005    0    0.850   1.0000          NULL 
325.5505    4    5.100   1.0000          evt4
330.6505    0    4.250   1.0000          NULL 
334.9005    1    5.100   1.0000          evt1
340.0005    0    0.850   1.0000          NULL 
340.8505    1    5.100   1.0000          evt1
345.9505    0    2.550   1.0000          NULL 
348.5005    1    5.100   1.0000          evt1
353.6006    0    0.850   1.0000          NULL 
354.4506    4    5.100   1.0000          evt4
359.5506    0    0.849   1.0000          NULL 
