  0.0000    1    5.100   1.0000          evt1
  5.1000    0    4.250   1.0000          NULL 
  9.3500    3    5.100   1.0000          evt3
 14.4500    0    4.250   1.0000          NULL 
 18.7000    1    5.100   1.0000          evt1
 23.8000    0    1.700   1.0000          NULL 
 25.5000    3    5.100   1.0000          evt3
 30.6000    1    5.100   1.0000          evt1
 35.7000    0    4.250   1.0000          NULL 
 39.9500    6    5.100   1.0000          evt6
 45.0500    3    5.100   1.0000          evt3
 50.1500    0    5.100   1.0000          NULL 
 55.2500    5    5.100   1.0000          evt5
 60.3500    6    5.100   1.0000          evt6
 65.4500    0    0.850   1.0000          NULL 
 66.3000    6    5.100   1.0000          evt6
 71.4000    4    5.100   1.0000          evt4
 76.5000    4    5.100   1.0000          evt4
 81.6000    3    5.100   1.0000          evt3
 86.7000    0    0.850   1.0000          NULL 
 87.5500    5    5.100   1.0000          evt5
 92.6500    6    5.100   1.0000          evt6
 97.7500    2    5.100   1.0000          evt2
102.8500    3    5.100   1.0000          evt3
107.9500    0    2.550   1.0000          NULL 
110.5000    5    5.100   1.0000          evt5
115.6000    0    0.850   1.0000          NULL 
116.4500    6    5.100   1.0000          evt6
121.5500    4    5.100   1.0000          evt4
126.6500    3    5.100   1.0000          evt3
131.7500    0    4.250   1.0000          NULL 
136.0000    3    5.100   1.0000          evt3
141.1000    2    5.100   1.0000          evt2
146.2000    1    5.100   1.0000          evt1
151.3000    2    5.100   1.0000          evt2
156.4000    0    0.850   1.0000          NULL 
157.2500    1    5.100   1.0000          evt1
162.3500    0    1.700   1.0000          NULL 
164.0500    3    5.100   1.0000          evt3
169.1500    5    5.100   1.0000          evt5
174.2500    0    2.550   1.0000          NULL 
176.8001    1    5.100   1.0000          evt1
181.9001    2    5.100   1.0000          evt2
187.0001    0    0.850   1.0000          NULL 
187.8501    3    5.100   1.0000          evt3
192.9501    0    1.700   1.0000          NULL 
194.6501    4    5.100   1.0000          evt4
199.7501    1    5.100   1.0000          evt1
204.8501    0    4.250   1.0000          NULL 
209.1001    2    5.100   1.0000          evt2
214.2001    0   11.900   1.0000          NULL 
226.1002    4    5.100   1.0000          evt4
231.2002    0    1.700   1.0000          NULL 
232.9003    6    5.100   1.0000          evt6
238.0003    0    1.700   1.0000          NULL 
239.7003    3    5.100   1.0000          evt3
244.8003    0    3.400   1.0000          NULL 
248.2003    1    5.100   1.0000          evt1
253.3003    4    5.100   1.0000          evt4
258.4003    0    0.850   1.0000          NULL 
259.2503    6    5.100   1.0000          evt6
264.3503    0    2.550   1.0000          NULL 
266.9003    4    5.100   1.0000          evt4
272.0003    0    4.250   1.0000          NULL 
276.2504    4    5.100   1.0000          evt4
281.3504    0    0.850   1.0000          NULL 
282.2004    6    5.100   1.0000          evt6
287.3004    4    5.100   1.0000          evt4
292.4004    0    0.850   1.0000          NULL 
293.2504    6    5.100   1.0000          evt6
298.3504    0    1.700   1.0000          NULL 
300.0504    5    5.100   1.0000          evt5
305.1504    1    5.100   1.0000          evt1
310.2504    3    5.100   1.0000          evt3
315.3504    4    5.100   1.0000          evt4
320.4504    0    3.400   1.0000          NULL 
323.8505    1    5.100   1.0000          evt1
328.9505    0    0.850   1.0000          NULL 
329.8005    6    5.100   1.0000          evt6
334.9005    0    5.950   1.0000          NULL 
340.8505    4    5.100   1.0000          evt4
345.9505    0    1.700   1.0000          NULL 
347.6505    6    5.100   1.0000          evt6
352.7505    0    1.700   1.0000          NULL 
354.4506    1    5.100   1.0000          evt1
359.5506    0    0.849   1.0000          NULL 
