  0.0000    4    5.100   1.0000          evt4
  5.1000    0    2.550   1.0000          NULL 
  7.6500    3    5.100   1.0000          evt3
 12.7500    0    2.550   1.0000          NULL 
 15.3000    2    5.100   1.0000          evt2
 20.4000    1    5.100   1.0000          evt1
 25.5000    2    5.100   1.0000          evt2
 30.6000    4    5.100   1.0000          evt4
 35.7000    0    1.700   1.0000          NULL 
 37.4000    5    5.100   1.0000          evt5
 42.5000    1    5.100   1.0000          evt1
 47.6000    0    1.700   1.0000          NULL 
 49.3000    5    5.100   1.0000          evt5
 54.4000    6    5.100   1.0000          evt6
 59.5000    0    0.850   1.0000          NULL 
 60.3500    3    5.100   1.0000          evt3
 65.4500    0    5.950   1.0000          NULL 
 71.4000    5    5.100   1.0000          evt5
 76.5000    6    5.100   1.0000          evt6
 81.6000    0    0.850   1.0000          NULL 
 82.4500    1    5.100   1.0000          evt1
 87.5500    0    5.100   1.0000          NULL 
 92.6500    3    5.100   1.0000          evt3
 97.7500    4    5.100   1.0000          evt4
102.8500    6    5.100   1.0000          evt6
107.9500    0    1.700   1.0000          NULL 
109.6500    3    5.100   1.0000          evt3
114.7500    6    5.100   1.0000          evt6
119.8500    0    9.350   1.0000          NULL 
129.2000    3    5.100   1.0000          evt3
134.3000    0    7.650   1.0000          NULL 
141.9500    3    5.100   1.0000          evt3
147.0500    0    0.850   1.0000          NULL 
147.9000    6    5.100   1.0000          evt6
153.0000    0    2.550   1.0000          NULL 
155.5500    6    5.100   1.0000          evt6
160.6501    1    5.100   1.0000          evt1
165.7501    0    0.850   1.0000          NULL 
166.6001    5    5.100   1.0000          evt5
171.7001    0    4.250   1.0000          NULL 
175.9501    1    5.100   1.0000          evt1
181.0501    0    0.850   1.0000          NULL 
181.9001    1    5.100   1.0000          evt1
187.0001    0    1.700   1.0000          NULL 
188.7001    6    5.100   1.0000          evt6
193.8001    3    5.100   1.0000          evt3
198.9001    0    2.550   1.0000          NULL 
201.4502    5    5.100   1.0000          evt5
206.5502    2    5.100   1.0000          evt2
211.6502    0    0.850   1.0000          NULL 
212.5002    4    5.100   1.0000          evt4
217.6002    1    5.100   1.0000          evt1
222.7002    0    1.700   1.0000          NULL 
224.4002    3    5.100   1.0000          evt3
229.5002    0    1.700   1.0000          NULL 
231.2002    4    5.100   1.0000          evt4
236.3002    0    1.700   1.0000          NULL 
238.0002    1    5.100   1.0000          evt1
243.1003    0    5.100   1.0000          NULL 
248.2003    6    5.100   1.0000          evt6
253.3003    3    5.100   1.0000          evt3
258.4003    0    0.850   1.0000          NULL 
259.2503    4    5.100   1.0000          evt4
264.3503    0    0.850   1.0000          NULL 
265.2003    1    5.100   1.0000          evt1
270.3003    6    5.100   1.0000          evt6
275.4003    0    0.850   1.0000          NULL 
276.2503    6    5.100   1.0000          evt6
281.3503    0    3.400   1.0000          NULL 
284.7504    4    5.100   1.0000          evt4
289.8504    0    0.850   1.0000          NULL 
290.7004    2    5.100   1.0000          evt2
295.8004    4    5.100   1.0000          evt4
300.9004    0    0.850   1.0000          NULL 
301.7504    3    5.100   1.0000          evt3
306.8504    0    0.850   1.0000          NULL 
307.7004    3    5.100   1.0000          evt3
312.8004    0    1.700   1.0000          NULL 
314.5004    1    5.100   1.0000          evt1
319.6004    1    5.100   1.0000          evt1
324.7004    0    7.650   1.0000          NULL 
332.3505    4    5.100   1.0000          evt4
337.4505    0    1.700   1.0000          NULL 
339.1505    4    5.100   1.0000          evt4
344.2505    6    5.100   1.0000          evt6
349.3505    0    0.850   1.0000          NULL 
350.2005    4    5.100   1.0000          evt4
355.3005    2    5.100   1.0000          evt2
