  0.0000    6    5.100   1.0000          evt6
  5.1000    0    0.850   1.0000          NULL 
  5.9500    1    5.100   1.0000          evt1
 11.0500    0    0.850   1.0000          NULL 
 11.9000    4    5.100   1.0000          evt4
 17.0000    0    0.850   1.0000          NULL 
 17.8500    1    5.100   1.0000          evt1
 22.9500    0    0.850   1.0000          NULL 
 23.8000    5    5.100   1.0000          evt5
 28.9000    0    1.700   1.0000          NULL 
 30.6000    4    5.100   1.0000          evt4
 35.7000    0    1.700   1.0000          NULL 
 37.4000    6    5.100   1.0000          evt6
 42.5000    0    1.700   1.0000          NULL 
 44.2000    2    5.100   1.0000          evt2
 49.3000    0    0.850   1.0000          NULL 
 50.1500    4    5.100   1.0000          evt4
 55.2500    0    1.700   1.0000          NULL 
 56.9500    4    5.100   1.0000          evt4
 62.0500    0    1.700   1.0000          NULL 
 63.7500    6    5.100   1.0000          evt6
 68.8500    0    0.850   1.0000          NULL 
 69.7000    3    5.100   1.0000          evt3
 74.8000    0    0.850   1.0000          NULL 
 75.6500    3    5.100   1.0000          evt3
 80.7500    0    1.700   1.0000          NULL 
 82.4500    3    5.100   1.0000          evt3
 87.5500    0    1.700   1.0000          NULL 
 89.2500    6    5.100   1.0000          evt6
 94.3500    0    0.850   1.0000          NULL 
 95.2000    5    5.100   1.0000          evt5
100.3000    0    1.700   1.0000          NULL 
102.0000    1    5.100   1.0000          evt1
107.1000    0    0.850   1.0000          NULL 
107.9500    4    5.100   1.0000          evt4
113.0500    0    0.850   1.0000          NULL 
113.9000    2    5.100   1.0000          evt2
119.0000    0    3.400   1.0000          NULL 
122.3999    4    5.100   1.0000          evt4
127.4999    0    0.850   1.0000          NULL 
128.3499    3    5.100   1.0000          evt3
133.4500    0    4.250   1.0000          NULL 
137.7000    6    5.100   1.0000          evt6
142.8000    0    0.850   1.0000          NULL 
143.6500    1    5.100   1.0000          evt1
148.7500    0    0.850   1.0000          NULL 
149.6000    3    5.100   1.0000          evt3
154.7000    0    0.850   1.0000          NULL 
155.5500    4    5.100   1.0000          evt4
160.6500    0    1.700   1.0000          NULL 
162.3500    3    5.100   1.0000          evt3
167.4500    0    1.700   1.0000          NULL 
169.1501    4    5.100   1.0000          evt4
174.2501    0    0.850   1.0000          NULL 
175.1001    3    5.100   1.0000          evt3
180.2001    0    1.700   1.0000          NULL 
181.9001    6    5.100   1.0000          evt6
187.0001    0    3.400   1.0000          NULL 
190.4001    2    5.100   1.0000          evt2
195.5001    0    1.700   1.0000          NULL 
197.2001    1    5.100   1.0000          evt1
202.3001    0    2.550   1.0000          NULL 
204.8502    6    5.100   1.0000          evt6
209.9502    0    1.700   1.0000          NULL 
211.6502    1    5.100   1.0000          evt1
216.7502    0    2.550   1.0000          NULL 
219.3002    1    5.100   1.0000          evt1
224.4002    0    1.700   1.0000          NULL 
226.1002    1    5.100   1.0000          evt1
231.2002    0    1.700   1.0000          NULL 
232.9002    4    5.100   1.0000          evt4
238.0002    0    3.400   1.0000          NULL 
241.4003    2    5.100   1.0000          evt2
246.5003    0    0.850   1.0000          NULL 
247.3503    6    5.100   1.0000          evt6
252.4503    0    0.850   1.0000          NULL 
253.3003    5    5.100   1.0000          evt5
258.4003    0    2.550   1.0000          NULL 
260.9503    2    5.100   1.0000          evt2
266.0503    0    1.700   1.0000          NULL 
267.7503    5    5.100   1.0000          evt5
272.8503    0    0.850   1.0000          NULL 
273.7003    3    5.100   1.0000          evt3
278.8004    0    3.400   1.0000          NULL 
282.2004    3    5.100   1.0000          evt3
287.3004    0    0.850   1.0000          NULL 
288.1504    1    5.100   1.0000          evt1
293.2504    0    1.700   1.0000          NULL 
294.9504    4    5.100   1.0000          evt4
300.0504    0    0.850   1.0000          NULL 
300.9004    1    5.100   1.0000          evt1
306.0004    0    1.700   1.0000          NULL 
307.7004    1    5.100   1.0000          evt1
312.8004    0    1.700   1.0000          NULL 
314.5005    6    5.100   1.0000          evt6
319.6005    0    2.550   1.0000          NULL 
322.1505    3    5.100   1.0000          evt3
327.2505    0    0.850   1.0000          NULL 
328.1005    5    5.100   1.0000          evt5
333.2005    0    2.550   1.0000          NULL 
335.7505    6    5.100   1.0000          evt6
340.8505    0    1.700   1.0000          NULL 
342.5505    6    5.100   1.0000          evt6
347.6505    0    0.850   1.0000          NULL 
348.5005    4    5.100   1.0000          evt4
353.6006    0    0.850   1.0000          NULL 
354.4506    3    5.100   1.0000          evt3
359.5506    0    0.849   1.0000          NULL 
