  0.0000    3    5.100   1.0000          evt3
  5.1000    0    3.400   1.0000          NULL 
  8.5000    4    5.100   1.0000          evt4
 13.6000    0    2.550   1.0000          NULL 
 16.1500    6    5.100   1.0000          evt6
 21.2500    0    0.850   1.0000          NULL 
 22.1000    1    5.100   1.0000          evt1
 27.2000    0    1.700   1.0000          NULL 
 28.9000    5    5.100   1.0000          evt5
 34.0000    0    0.850   1.0000          NULL 
 34.8500    2    5.100   1.0000          evt2
 39.9500    0    0.850   1.0000          NULL 
 40.8000    3    5.100   1.0000          evt3
 45.9000    0    2.550   1.0000          NULL 
 48.4500    2    5.100   1.0000          evt2
 53.5500    0    0.850   1.0000          NULL 
 54.4000    1    5.100   1.0000          evt1
 59.5000    0    1.700   1.0000          NULL 
 61.2000    6    5.100   1.0000          evt6
 66.3000    0    0.850   1.0000          NULL 
 67.1500    3    5.100   1.0000          evt3
 72.2500    0    1.700   1.0000          NULL 
 73.9500    5    5.100   1.0000          evt5
 79.0500    0    2.550   1.0000          NULL 
 81.6000    2    5.100   1.0000          evt2
 86.7000    0    0.850   1.0000          NULL 
 87.5500    3    5.100   1.0000          evt3
 92.6500    0    0.850   1.0000          NULL 
 93.5000    6    5.100   1.0000          evt6
 98.6000    0    0.850   1.0000          NULL 
 99.4500    1    5.100   1.0000          evt1
104.5500    0    1.700   1.0000          NULL 
106.2500    1    5.100   1.0000          evt1
111.3500    0    0.850   1.0000          NULL 
112.2000    6    5.100   1.0000          evt6
117.3000    0    0.850   1.0000          NULL 
118.1500    6    5.100   1.0000          evt6
123.2500    0    0.850   1.0000          NULL 
124.1000    3    5.100   1.0000          evt3
129.2000    0    0.850   1.0000          NULL 
130.0500    4    5.100   1.0000          evt4
135.1500    0    1.700   1.0000          NULL 
136.8500    3    5.100   1.0000          evt3
141.9500    0    1.700   1.0000          NULL 
143.6500    4    5.100   1.0000          evt4
148.7500    0    1.700   1.0000          NULL 
150.4500    4    5.100   1.0000          evt4
155.5500    0    3.400   1.0000          NULL 
158.9500    4    5.100   1.0000          evt4
164.0500    0    3.400   1.0000          NULL 
167.4501    1    5.100   1.0000          evt1
172.5501    0    1.700   1.0000          NULL 
174.2501    1    5.100   1.0000          evt1
179.3501    0    0.850   1.0000          NULL 
180.2001    1    5.100   1.0000          evt1
185.3001    0    0.850   1.0000          NULL 
186.1501    1    5.100   1.0000          evt1
191.2501    0    0.850   1.0000          NULL 
192.1001    1    5.100   1.0000          evt1
197.2001    0    1.700   1.0000          NULL 
198.9001    5    5.100   1.0000          evt5
204.0002    0    0.850   1.0000          NULL 
204.8502    2    5.100   1.0000          evt2
209.9502    0    2.550   1.0000          NULL 
212.5002    5    5.100   1.0000          evt5
217.6002    0    0.850   1.0000          NULL 
218.4502    4    5.100   1.0000          evt4
223.5502    0    0.850   1.0000          NULL 
224.4002    3    5.100   1.0000          evt3
229.5002    0    1.700   1.0000          NULL 
231.2002    4    5.100   1.0000          evt4
236.3002    0    2.550   1.0000          NULL 
238.8503    2    5.100   1.0000          evt2
243.9503    0    0.850   1.0000          NULL 
244.8003    6    5.100   1.0000          evt6
249.9003    0    3.400   1.0000          NULL 
253.3003    4    5.100   1.0000          evt4
258.4003    0    0.850   1.0000          NULL 
259.2503    4    5.100   1.0000          evt4
264.3503    0    0.850   1.0000          NULL 
265.2003    3    5.100   1.0000          evt3
270.3003    0    0.850   1.0000          NULL 
271.1503    1    5.100   1.0000          evt1
276.2503    0    0.850   1.0000          NULL 
277.1003    6    5.100   1.0000          evt6
282.2003    0    1.700   1.0000          NULL 
283.9004    3    5.100   1.0000          evt3
289.0004    0    1.700   1.0000          NULL 
290.7004    6    5.100   1.0000          evt6
295.8004    0    1.700   1.0000          NULL 
297.5004    4    5.100   1.0000          evt4
302.6004    0    0.850   1.0000          NULL 
303.4504    3    5.100   1.0000          evt3
308.5504    0    2.550   1.0000          NULL 
311.1004    4    5.100   1.0000          evt4
316.2004    0    0.850   1.0000          NULL 
317.0504    3    5.100   1.0000          evt3
322.1505    0    1.700   1.0000          NULL 
323.8505    6    5.100   1.0000          evt6
328.9505    0    0.850   1.0000          NULL 
329.8005    6    5.100   1.0000          evt6
334.9005    0    1.700   1.0000          NULL 
336.6005    5    5.100   1.0000          evt5
341.7005    0    0.850   1.0000          NULL 
342.5505    6    5.100   1.0000          evt6
347.6505    0    5.950   1.0000          NULL 
353.6006    1    5.100   1.0000          evt1
358.7006    0    1.699   1.0000          NULL 
