  0.0000    4    5.100   1.0000          evt4
  5.1000    0    0.850   1.0000          NULL 
  5.9500    1    5.100   1.0000          evt1
 11.0500    0    0.850   1.0000          NULL 
 11.9000    5    5.100   1.0000          evt5
 17.0000    0    1.700   1.0000          NULL 
 18.7000    4    5.100   1.0000          evt4
 23.8000    0    0.850   1.0000          NULL 
 24.6500    4    5.100   1.0000          evt4
 29.7500    0    1.700   1.0000          NULL 
 31.4500    2    5.100   1.0000          evt2
 36.5500    0    0.850   1.0000          NULL 
 37.4000    1    5.100   1.0000          evt1
 42.5000    0    0.850   1.0000          NULL 
 43.3500    6    5.100   1.0000          evt6
 48.4500    0    1.700   1.0000          NULL 
 50.1500    2    5.100   1.0000          evt2
 55.2500    0    0.850   1.0000          NULL 
 56.1000    3    5.100   1.0000          evt3
 61.2000    0    1.700   1.0000          NULL 
 62.9000    3    5.100   1.0000          evt3
 68.0000    0    0.850   1.0000          NULL 
 68.8500    1    5.100   1.0000          evt1
 73.9500    0    0.850   1.0000          NULL 
 74.8000    3    5.100   1.0000          evt3
 79.9000    0    0.850   1.0000          NULL 
 80.7500    6    5.100   1.0000          evt6
 85.8500    0    1.700   1.0000          NULL 
 87.5500    6    5.100   1.0000          evt6
 92.6500    0    4.250   1.0000          NULL 
 96.9000    4    5.100   1.0000          evt4
102.0000    0    0.850   1.0000          NULL 
102.8500    3    5.100   1.0000          evt3
107.9500    0    0.850   1.0000          NULL 
108.8000    5    5.100   1.0000          evt5
113.9000    0    3.400   1.0000          NULL 
117.2999    1    5.100   1.0000          evt1
122.3999    0    4.250   1.0000          NULL 
126.6499    1    5.100   1.0000          evt1
131.7499    0    0.850   1.0000          NULL 
132.5999    4    5.100   1.0000          evt4
137.7000    0    2.550   1.0000          NULL 
140.2500    2    5.100   1.0000          evt2
145.3500    0    2.550   1.0000          NULL 
147.9000    6    5.100   1.0000          evt6
153.0000    0    0.850   1.0000          NULL 
153.8500    3    5.100   1.0000          evt3
158.9500    0    1.700   1.0000          NULL 
160.6500    2    5.100   1.0000          evt2
165.7500    0    0.850   1.0000          NULL 
166.6000    2    5.100   1.0000          evt2
171.7000    0    0.850   1.0000          NULL 
172.5500    5    5.100   1.0000          evt5
177.6501    0    0.850   1.0000          NULL 
178.5001    5    5.100   1.0000          evt5
183.6001    0    0.850   1.0000          NULL 
184.4501    1    5.100   1.0000          evt1
189.5501    0    0.850   1.0000          NULL 
190.4001    6    5.100   1.0000          evt6
195.5001    0    0.850   1.0000          NULL 
196.3501    4    5.100   1.0000          evt4
201.4501    0    3.400   1.0000          NULL 
204.8501    1    5.100   1.0000          evt1
209.9501    0    0.850   1.0000          NULL 
210.8001    1    5.100   1.0000          evt1
215.9001    0    3.400   1.0000          NULL 
219.3002    1    5.100   1.0000          evt1
224.4002    0    1.700   1.0000          NULL 
226.1002    3    5.100   1.0000          evt3
231.2002    0    2.550   1.0000          NULL 
233.7502    6    5.100   1.0000          evt6
238.8502    0    0.850   1.0000          NULL 
239.7002    3    5.100   1.0000          evt3
244.8002    0    4.250   1.0000          NULL 
249.0503    1    5.100   1.0000          evt1
254.1503    0    3.400   1.0000          NULL 
257.5503    4    5.100   1.0000          evt4
262.6503    0    1.700   1.0000          NULL 
264.3503    1    5.100   1.0000          evt1
269.4503    0    0.850   1.0000          NULL 
270.3003    3    5.100   1.0000          evt3
275.4003    0    1.700   1.0000          NULL 
277.1003    6    5.100   1.0000          evt6
282.2003    0    0.850   1.0000          NULL 
283.0504    4    5.100   1.0000          evt4
288.1504    0    0.850   1.0000          NULL 
289.0004    5    5.100   1.0000          evt5
294.1004    0    0.850   1.0000          NULL 
294.9504    4    5.100   1.0000          evt4
300.0504    0    0.850   1.0000          NULL 
300.9004    6    5.100   1.0000          evt6
306.0004    0    0.850   1.0000          NULL 
306.8504    3    5.100   1.0000          evt3
311.9504    0    2.550   1.0000          NULL 
314.5004    4    5.100   1.0000          evt4
319.6004    0    0.850   1.0000          NULL 
320.4504    3    5.100   1.0000          evt3
325.5504    0    0.850   1.0000          NULL 
326.4005    3    5.100   1.0000          evt3
331.5005    0    0.850   1.0000          NULL 
332.3505    6    5.100   1.0000          evt6
337.4505    0    0.850   1.0000          NULL 
338.3005    6    5.100   1.0000          evt6
343.4005    0    0.850   1.0000          NULL 
344.2505    6    5.100   1.0000          evt6
349.3505    0    3.400   1.0000          NULL 
352.7505    4    5.100   1.0000          evt4
357.8505    0    2.549   1.0000          NULL 
