  0.0000    1    5.100   1.0000          evt1
  5.1000    0    0.850   1.0000          NULL 
  5.9500    1    5.100   1.0000          evt1
 11.0500    3    5.100   1.0000          evt3
 16.1500    0    4.250   1.0000          NULL 
 20.4000    5    5.100   1.0000          evt5
 25.5000    0    1.700   1.0000          NULL 
 27.2000    5    5.100   1.0000          evt5
 32.3000    6    5.100   1.0000          evt6
 37.4000    6    5.100   1.0000          evt6
 42.5000    0    1.700   1.0000          NULL 
 44.2000    5    5.100   1.0000          evt5
 49.3000    1    5.100   1.0000          evt1
 54.4000    0    1.700   1.0000          NULL 
 56.1000    4    5.100   1.0000          evt4
 61.2000    0    3.400   1.0000          NULL 
 64.6000    4    5.100   1.0000          evt4
 69.7000    0    1.700   1.0000          NULL 
 71.4000    6    5.100   1.0000          evt6
 76.5000    0    4.250   1.0000          NULL 
 80.7500    3    5.100   1.0000          evt3
 85.8500    0    5.950   1.0000          NULL 
 91.8000    2    5.100   1.0000          evt2
 96.9000    4    5.100   1.0000          evt4
102.0000    4    5.100   1.0000          evt4
107.1000    0    0.850   1.0000          NULL 
107.9500    5    5.100   1.0000          evt5
113.0499    0    0.850   1.0000          NULL 
113.8999    6    5.100   1.0000          evt6
118.9999    0    0.850   1.0000          NULL 
119.8499    1    5.100   1.0000          evt1
124.9499    0    3.400   1.0000          NULL 
128.3499    4    5.100   1.0000          evt4
133.4500    2    5.100   1.0000          evt2
138.5500    0    4.250   1.0000          NULL 
142.8000    4    5.100   1.0000          evt4
147.9000    0    2.550   1.0000          NULL 
150.4500    4    5.100   1.0000          evt4
155.5500    6    5.100   1.0000          evt6
160.6500    0    1.700   1.0000          NULL 
162.3500    6    5.100   1.0000          evt6
167.4500    3    5.100   1.0000          evt3
172.5500    0    3.400   1.0000          NULL 
175.9501    6    5.100   1.0000          evt6
181.0501    0    1.700   1.0000          NULL 
182.7501    1    5.100   1.0000          evt1
187.8501    0    0.850   1.0000          NULL 
188.7001    1    5.100   1.0000          evt1
193.8001    0    5.950   1.0000          NULL 
199.7502    4    5.100   1.0000          evt4
204.8502    0    1.700   1.0000          NULL 
206.5502    2    5.100   1.0000          evt2
211.6502    0    3.400   1.0000          NULL 
215.0502    3    5.100   1.0000          evt3
220.1502    0    0.850   1.0000          NULL 
221.0002    3    5.100   1.0000          evt3
226.1002    0    0.850   1.0000          NULL 
226.9502    1    5.100   1.0000          evt1
232.0502    0    0.850   1.0000          NULL 
232.9002    4    5.100   1.0000          evt4
238.0002    6    5.100   1.0000          evt6
243.1003    5    5.100   1.0000          evt5
248.2003    0    1.700   1.0000          NULL 
249.9003    1    5.100   1.0000          evt1
255.0003    3    5.100   1.0000          evt3
260.1003    3    5.100   1.0000          evt3
265.2003    0    1.700   1.0000          NULL 
266.9003    3    5.100   1.0000          evt3
272.0003    0    1.700   1.0000          NULL 
273.7003    1    5.100   1.0000          evt1
278.8003    0    6.800   1.0000          NULL 
285.6004    1    5.100   1.0000          evt1
290.7004    0    1.700   1.0000          NULL 
292.4004    6    5.100   1.0000          evt6
297.5004    3    5.100   1.0000          evt3
302.6004    3    5.100   1.0000          evt3
307.7004    0    5.950   1.0000          NULL 
313.6505    3    5.100   1.0000          evt3
318.7505    2    5.100   1.0000          evt2
323.8505    0    1.700   1.0000          NULL 
325.5505    6    5.100   1.0000          evt6
330.6505    0    2.550   1.0000          NULL 
333.2005    4    5.100   1.0000          evt4
338.3005    0    0.850   1.0000          NULL 
339.1505    6    5.100   1.0000          evt6
344.2505    1    5.100   1.0000          evt1
349.3505    2    5.100   1.0000          evt2
354.4505    4    5.100   1.0000          evt4
359.5505    0    0.849   1.0000          NULL 
