  0.0000    1    5.100   1.0000          evt1
  5.1000    0    0.850   1.0000          NULL 
  5.9500    3    5.100   1.0000          evt3
 11.0500    0    0.850   1.0000          NULL 
 11.9000    5    5.100   1.0000          evt5
 17.0000    0    1.700   1.0000          NULL 
 18.7000    1    5.100   1.0000          evt1
 23.8000    0    0.850   1.0000          NULL 
 24.6500    2    5.100   1.0000          evt2
 29.7500    0    4.250   1.0000          NULL 
 34.0000    1    5.100   1.0000          evt1
 39.1000    0    0.850   1.0000          NULL 
 39.9500    6    5.100   1.0000          evt6
 45.0500    0    3.400   1.0000          NULL 
 48.4500    1    5.100   1.0000          evt1
 53.5500    0    1.700   1.0000          NULL 
 55.2500    1    5.100   1.0000          evt1
 60.3500    0    2.550   1.0000          NULL 
 62.9000    5    5.100   1.0000          evt5
 68.0000    0    2.550   1.0000          NULL 
 70.5500    4    5.100   1.0000          evt4
 75.6500    0    0.850   1.0000          NULL 
 76.5000    3    5.100   1.0000          evt3
 81.6000    0    0.850   1.0000          NULL 
 82.4500    4    5.100   1.0000          evt4
 87.5500    0    0.850   1.0000          NULL 
 88.4000    4    5.100   1.0000          evt4
 93.5000    0    0.850   1.0000          NULL 
 94.3500    1    5.100   1.0000          evt1
 99.4500    0    0.850   1.0000          NULL 
100.3000    6    5.100   1.0000          evt6
105.4000    0    0.850   1.0000          NULL 
106.2500    6    5.100   1.0000          evt6
111.3500    0    0.850   1.0000          NULL 
112.2000    3    5.100   1.0000          evt3
117.2999    0    3.400   1.0000          NULL 
120.6999    4    5.100   1.0000          evt4
125.7999    0    0.850   1.0000          NULL 
126.6499    6    5.100   1.0000          evt6
131.7499    0    1.700   1.0000          NULL 
133.4500    4    5.100   1.0000          evt4
138.5500    0    1.700   1.0000          NULL 
140.2500    6    5.100   1.0000          evt6
145.3500    0    0.850   1.0000          NULL 
146.2000    5    5.100   1.0000          evt5
151.3000    0    1.700   1.0000          NULL 
153.0000    6    5.100   1.0000          evt6
158.1000    0    3.400   1.0000          NULL 
161.5000    2    5.100   1.0000          evt2
166.6000    0    0.850   1.0000          NULL 
167.4500    5    5.100   1.0000          evt5
172.5500    0    1.700   1.0000          NULL 
174.2501    3    5.100   1.0000          evt3
179.3501    0    0.850   1.0000          NULL 
180.2001    5    5.100   1.0000          evt5
185.3001    0    2.550   1.0000          NULL 
187.8501    4    5.100   1.0000          evt4
192.9501    0    4.250   1.0000          NULL 
197.2001    3    5.100   1.0000          evt3
202.3001    0    0.850   1.0000          NULL 
203.1501    6    5.100   1.0000          evt6
208.2502    0    0.850   1.0000          NULL 
209.1002    6    5.100   1.0000          evt6
214.2002    0    0.850   1.0000          NULL 
215.0502    2    5.100   1.0000          evt2
220.1502    0    1.700   1.0000          NULL 
221.8502    1    5.100   1.0000          evt1
226.9502    0    0.850   1.0000          NULL 
227.8002    3    5.100   1.0000          evt3
232.9002    0    1.700   1.0000          NULL 
234.6002    6    5.100   1.0000          evt6
239.7002    0    0.850   1.0000          NULL 
240.5502    4    5.100   1.0000          evt4
245.6502    0    1.700   1.0000          NULL 
247.3503    3    5.100   1.0000          evt3
252.4503    0    0.850   1.0000          NULL 
253.3003    1    5.100   1.0000          evt1
258.4003    0    0.850   1.0000          NULL 
259.2503    6    5.100   1.0000          evt6
264.3503    0    1.700   1.0000          NULL 
266.0503    1    5.100   1.0000          evt1
271.1503    0    0.850   1.0000          NULL 
272.0003    1    5.100   1.0000          evt1
277.1003    0    4.250   1.0000          NULL 
281.3503    3    5.100   1.0000          evt3
286.4503    0    2.550   1.0000          NULL 
289.0004    4    5.100   1.0000          evt4
294.1004    0    0.850   1.0000          NULL 
294.9504    3    5.100   1.0000          evt3
300.0504    0    0.850   1.0000          NULL 
300.9004    1    5.100   1.0000          evt1
306.0004    0    0.850   1.0000          NULL 
306.8504    3    5.100   1.0000          evt3
311.9504    0    0.850   1.0000          NULL 
312.8004    4    5.100   1.0000          evt4
317.9004    0    0.850   1.0000          NULL 
318.7504    4    5.100   1.0000          evt4
323.8504    0    0.850   1.0000          NULL 
324.7004    4    5.100   1.0000          evt4
329.8004    0    0.850   1.0000          NULL 
330.6505    2    5.100   1.0000          evt2
335.7505    0    1.700   1.0000          NULL 
337.4505    3    5.100   1.0000          evt3
342.5505    0    2.550   1.0000          NULL 
345.1005    6    5.100   1.0000          evt6
350.2005    0    4.250   1.0000          NULL 
354.4505    2    5.100   1.0000          evt2
359.5505    0    0.849   1.0000          NULL 
