  0.0000    5    5.100   1.0000          evt5
  5.1000    0    0.850   1.0000          NULL 
  5.9500    2    5.100   1.0000          evt2
 11.0500    0    1.700   1.0000          NULL 
 12.7500    6    5.100   1.0000          evt6
 17.8500    0    0.850   1.0000          NULL 
 18.7000    3    5.100   1.0000          evt3
 23.8000    0    0.850   1.0000          NULL 
 24.6500    4    5.100   1.0000          evt4
 29.7500    0    4.250   1.0000          NULL 
 34.0000    3    5.100   1.0000          evt3
 39.1000    0    0.850   1.0000          NULL 
 39.9500    1    5.100   1.0000          evt1
 45.0500    0    0.850   1.0000          NULL 
 45.9000    3    5.100   1.0000          evt3
 51.0000    0    2.550   1.0000          NULL 
 53.5500    4    5.100   1.0000          evt4
 58.6500    0    0.850   1.0000          NULL 
 59.5000    4    5.100   1.0000          evt4
 64.6000    0    0.850   1.0000          NULL 
 65.4500    1    5.100   1.0000          evt1
 70.5500    0    0.850   1.0000          NULL 
 71.4000    6    5.100   1.0000          evt6
 76.5000    0    0.850   1.0000          NULL 
 77.3500    4    5.100   1.0000          evt4
 82.4500    0    1.700   1.0000          NULL 
 84.1500    3    5.100   1.0000          evt3
 89.2500    0    2.550   1.0000          NULL 
 91.8000    2    5.100   1.0000          evt2
 96.9000    0    3.400   1.0000          NULL 
100.3000    2    5.100   1.0000          evt2
105.4000    0    0.850   1.0000          NULL 
106.2500    6    5.100   1.0000          evt6
111.3500    0    1.700   1.0000          NULL 
113.0499    3    5.100   1.0000          evt3
118.1499    0    0.850   1.0000          NULL 
118.9999    4    5.100   1.0000          evt4
124.0999    0    1.700   1.0000          NULL 
125.7999    6    5.100   1.0000          evt6
130.8999    0    0.850   1.0000          NULL 
131.7500    3    5.100   1.0000          evt3
136.8500    0    2.550   1.0000          NULL 
139.4000    1    5.100   1.0000          evt1
144.5000    0    0.850   1.0000          NULL 
145.3500    5    5.100   1.0000          evt5
150.4500    0    0.850   1.0000          NULL 
151.3000    3    5.100   1.0000          evt3
156.4000    0    0.850   1.0000          NULL 
157.2500    5    5.100   1.0000          evt5
162.3500    0    0.850   1.0000          NULL 
163.2000    4    5.100   1.0000          evt4
168.3000    0    2.550   1.0000          NULL 
170.8501    3    5.100   1.0000          evt3
175.9501    0    0.850   1.0000          NULL 
176.8001    6    5.100   1.0000          evt6
181.9001    0    0.850   1.0000          NULL 
182.7501    5    5.100   1.0000          evt5
187.8501    0    4.250   1.0000          NULL 
192.1001    2    5.100   1.0000          evt2
197.2001    0    2.550   1.0000          NULL 
199.7501    4    5.100   1.0000          evt4
204.8501    0    1.700   1.0000          NULL 
206.5502    4    5.100   1.0000          evt4
211.6502    0    0.850   1.0000          NULL 
212.5002    4    5.100   1.0000          evt4
217.6002    0    1.700   1.0000          NULL 
219.3002    2    5.100   1.0000          evt2
224.4002    0    1.700   1.0000          NULL 
226.1002    6    5.100   1.0000          evt6
231.2002    0    0.850   1.0000          NULL 
232.0502    6    5.100   1.0000          evt6
237.1502    0    1.700   1.0000          NULL 
238.8502    1    5.100   1.0000          evt1
243.9502    0    0.850   1.0000          NULL 
244.8002    1    5.100   1.0000          evt1
249.9003    0    0.850   1.0000          NULL 
250.7503    6    5.100   1.0000          evt6
255.8503    0    0.850   1.0000          NULL 
256.7003    3    5.100   1.0000          evt3
261.8003    0    1.700   1.0000          NULL 
263.5003    1    5.100   1.0000          evt1
268.6003    0    0.850   1.0000          NULL 
269.4503    1    5.100   1.0000          evt1
274.5503    0    0.850   1.0000          NULL 
275.4003    3    5.100   1.0000          evt3
280.5003    0    3.400   1.0000          NULL 
283.9003    1    5.100   1.0000          evt1
289.0003    0    0.850   1.0000          NULL 
289.8503    5    5.100   1.0000          evt5
294.9503    0    1.700   1.0000          NULL 
296.6504    1    5.100   1.0000          evt1
301.7504    0    1.700   1.0000          NULL 
303.4504    6    5.100   1.0000          evt6
308.5504    0    2.550   1.0000          NULL 
311.1004    6    5.100   1.0000          evt6
316.2004    0    1.700   1.0000          NULL 
317.9004    4    5.100   1.0000          evt4
323.0004    0    0.850   1.0000          NULL 
323.8504    6    5.100   1.0000          evt6
328.9504    0    0.850   1.0000          NULL 
329.8004    4    5.100   1.0000          evt4
334.9005    0    0.850   1.0000          NULL 
335.7505    3    5.100   1.0000          evt3
340.8505    0    7.650   1.0000          NULL 
348.5005    1    5.100   1.0000          evt1
353.6005    0    0.850   1.0000          NULL 
354.4505    1    5.100   1.0000          evt1
359.5505    0    0.849   1.0000          NULL 
