  0.0000    6    5.100   1.0000          evt6
  5.1000    0    2.550   1.0000          NULL 
  7.6500    5    5.100   1.0000          evt5
 12.7500    0    1.700   1.0000          NULL 
 14.4500    2    5.100   1.0000          evt2
 19.5500    0    3.400   1.0000          NULL 
 22.9500    2    5.100   1.0000          evt2
 28.0500    0    4.250   1.0000          NULL 
 32.3000    2    5.100   1.0000          evt2
 37.4000    0    2.550   1.0000          NULL 
 39.9500    3    5.100   1.0000          evt3
 45.0500    0    0.850   1.0000          NULL 
 45.9000    6    5.100   1.0000          evt6
 51.0000    0    0.850   1.0000          NULL 
 51.8500    4    5.100   1.0000          evt4
 56.9500    0    2.550   1.0000          NULL 
 59.5000    6    5.100   1.0000          evt6
 64.6000    0    0.850   1.0000          NULL 
 65.4500    3    5.100   1.0000          evt3
 70.5500    0    3.400   1.0000          NULL 
 73.9500    1    5.100   1.0000          evt1
 79.0500    0    1.700   1.0000          NULL 
 80.7500    4    5.100   1.0000          evt4
 85.8500    0    0.850   1.0000          NULL 
 86.7000    1    5.100   1.0000          evt1
 91.8000    0    0.850   1.0000          NULL 
 92.6500    3    5.100   1.0000          evt3
 97.7500    0    0.850   1.0000          NULL 
 98.6000    4    5.100   1.0000          evt4
103.7000    0    0.850   1.0000          NULL 
104.5500    4    5.100   1.0000          evt4
109.6500    0    0.850   1.0000          NULL 
110.5000    3    5.100   1.0000          evt3
115.6000    0    2.550   1.0000          NULL 
118.1499    6    5.100   1.0000          evt6
123.2499    0    0.850   1.0000          NULL 
124.0999    5    5.100   1.0000          evt5
129.2000    0    0.850   1.0000          NULL 
130.0500    3    5.100   1.0000          evt3
135.1500    0    1.700   1.0000          NULL 
136.8500    3    5.100   1.0000          evt3
141.9500    0    0.850   1.0000          NULL 
142.8000    3    5.100   1.0000          evt3
147.9000    0    0.850   1.0000          NULL 
148.7500    3    5.100   1.0000          evt3
153.8500    0    0.850   1.0000          NULL 
154.7000    1    5.100   1.0000          evt1
159.8000    0    6.800   1.0000          NULL 
166.6001    6    5.100   1.0000          evt6
171.7001    0    2.550   1.0000          NULL 
174.2501    1    5.100   1.0000          evt1
179.3501    0    2.550   1.0000          NULL 
181.9001    4    5.100   1.0000          evt4
187.0001    0    1.700   1.0000          NULL 
188.7001    1    5.100   1.0000          evt1
193.8001    0    0.850   1.0000          NULL 
194.6501    1    5.100   1.0000          evt1
199.7502    0    0.850   1.0000          NULL 
200.6002    3    5.100   1.0000          evt3
205.7002    0    0.850   1.0000          NULL 
206.5502    4    5.100   1.0000          evt4
211.6502    0    0.850   1.0000          NULL 
212.5002    4    5.100   1.0000          evt4
217.6002    0    0.850   1.0000          NULL 
218.4502    1    5.100   1.0000          evt1
223.5502    0    0.850   1.0000          NULL 
224.4002    5    5.100   1.0000          evt5
229.5002    0    0.850   1.0000          NULL 
230.3502    6    5.100   1.0000          evt6
235.4502    0    0.850   1.0000          NULL 
236.3002    3    5.100   1.0000          evt3
241.4002    0    0.850   1.0000          NULL 
242.2502    6    5.100   1.0000          evt6
247.3503    0    0.850   1.0000          NULL 
248.2003    6    5.100   1.0000          evt6
253.3003    0    0.850   1.0000          NULL 
254.1503    6    5.100   1.0000          evt6
259.2503    0    1.700   1.0000          NULL 
260.9503    1    5.100   1.0000          evt1
266.0503    0    0.850   1.0000          NULL 
266.9003    4    5.100   1.0000          evt4
272.0003    0    0.850   1.0000          NULL 
272.8503    6    5.100   1.0000          evt6
277.9503    0    0.850   1.0000          NULL 
278.8003    1    5.100   1.0000          evt1
283.9003    0    0.850   1.0000          NULL 
284.7503    1    5.100   1.0000          evt1
289.8503    0    0.850   1.0000          NULL 
290.7003    4    5.100   1.0000          evt4
295.8004    0    0.850   1.0000          NULL 
296.6504    6    5.100   1.0000          evt6
301.7504    0    0.850   1.0000          NULL 
302.6004    4    5.100   1.0000          evt4
307.7004    0    0.850   1.0000          NULL 
308.5504    4    5.100   1.0000          evt4
313.6504    0    0.850   1.0000          NULL 
314.5004    1    5.100   1.0000          evt1
319.6004    0    1.700   1.0000          NULL 
321.3004    5    5.100   1.0000          evt5
326.4004    0    1.700   1.0000          NULL 
328.1004    2    5.100   1.0000          evt2
333.2004    0    4.250   1.0000          NULL 
337.4505    3    5.100   1.0000          evt3
342.5505    0    0.850   1.0000          NULL 
343.4005    2    5.100   1.0000          evt2
348.5005    0    5.950   1.0000          NULL 
354.4505    5    5.100   1.0000          evt5
359.5505    0    0.849   1.0000          NULL 
