  0.0000    1    5.100   1.0000          evt1
  5.1000    1    5.100   1.0000          evt1
 10.2000    0    1.700   1.0000          NULL 
 11.9000    6    5.100   1.0000          evt6
 17.0000    4    5.100   1.0000          evt4
 22.1000    2    5.100   1.0000          evt2
 27.2000    0    3.400   1.0000          NULL 
 30.6000    1    5.100   1.0000          evt1
 35.7000    6    5.100   1.0000          evt6
 40.8000    4    5.100   1.0000          evt4
 45.9000    0    9.350   1.0000          NULL 
 55.2500    3    5.100   1.0000          evt3
 60.3500    0    1.700   1.0000          NULL 
 62.0500    3    5.100   1.0000          evt3
 67.1500    0    0.850   1.0000          NULL 
 68.0000    6    5.100   1.0000          evt6
 73.1000    0    1.700   1.0000          NULL 
 74.8000    5    5.100   1.0000          evt5
 79.9000    0    3.400   1.0000          NULL 
 83.3000    3    5.100   1.0000          evt3
 88.4000    0    1.700   1.0000          NULL 
 90.1000    1    5.100   1.0000          evt1
 95.2000    0    8.500   1.0000          NULL 
103.6999    4    5.100   1.0000          evt4
108.7999    0    3.400   1.0000          NULL 
112.1999    5    5.100   1.0000          evt5
117.2999    0    1.700   1.0000          NULL 
118.9999    5    5.100   1.0000          evt5
124.0999    6    5.100   1.0000          evt6
129.1999    6    5.100   1.0000          evt6
134.2999    4    5.100   1.0000          evt4
139.3999    3    5.100   1.0000          evt3
144.5000    1    5.100   1.0000          evt1
149.6000    0    2.550   1.0000          NULL 
152.1500    1    5.100   1.0000          evt1
157.2500    0    0.850   1.0000          NULL 
158.1000    1    5.100   1.0000          evt1
163.2000    4    5.100   1.0000          evt4
168.3000    6    5.100   1.0000          evt6
173.4000    0    2.550   1.0000          NULL 
175.9500    3    5.100   1.0000          evt3
181.0500    0    0.850   1.0000          NULL 
181.9000    2    5.100   1.0000          evt2
187.0000    0    0.850   1.0000          NULL 
187.8501    2    5.100   1.0000          evt2
192.9501    0    4.250   1.0000          NULL 
197.2001    4    5.100   1.0000          evt4
202.3001    0    1.700   1.0000          NULL 
204.0001    6    5.100   1.0000          evt6
209.1001    0    2.550   1.0000          NULL 
211.6501    1    5.100   1.0000          evt1
216.7501    0    5.950   1.0000          NULL 
222.7002    3    5.100   1.0000          evt3
227.8002    0    1.700   1.0000          NULL 
229.5002    6    5.100   1.0000          evt6
234.6002    0    3.400   1.0000          NULL 
238.0002    4    5.100   1.0000          evt4
243.1002    0    0.850   1.0000          NULL 
243.9502    3    5.100   1.0000          evt3
249.0502    0    0.850   1.0000          NULL 
249.9003    3    5.100   1.0000          evt3
255.0003    0    5.100   1.0000          NULL 
260.1003    4    5.100   1.0000          evt4
265.2003    4    5.100   1.0000          evt4
270.3003    4    5.100   1.0000          evt4
275.4003    5    5.100   1.0000          evt5
280.5003    4    5.100   1.0000          evt4
285.6003    0    5.100   1.0000          NULL 
290.7003    1    5.100   1.0000          evt1
295.8004    5    5.100   1.0000          evt5
300.9004    0    1.700   1.0000          NULL 
302.6004    6    5.100   1.0000          evt6
307.7004    0    0.850   1.0000          NULL 
308.5504    1    5.100   1.0000          evt1
313.6504    2    5.100   1.0000          evt2
318.7504    0    0.850   1.0000          NULL 
319.6004    2    5.100   1.0000          evt2
324.7004    0    0.850   1.0000          NULL 
325.5504    6    5.100   1.0000          evt6
330.6504    0    1.700   1.0000          NULL 
332.3504    1    5.100   1.0000          evt1
337.4504    3    5.100   1.0000          evt3
342.5504    0    0.850   1.0000          NULL 
343.4005    3    5.100   1.0000          evt3
348.5005    3    5.100   1.0000          evt3
353.6005    6    5.100   1.0000          evt6
358.7005    0    1.700   1.0000          NULL 
