  0.0000    3    5.100   1.0000          evt3
  5.1000    0    0.850   1.0000          NULL 
  5.9500    1    5.100   1.0000          evt1
 11.0500    0    1.700   1.0000          NULL 
 12.7500    4    5.100   1.0000          evt4
 17.8500    0    0.850   1.0000          NULL 
 18.7000    4    5.100   1.0000          evt4
 23.8000    0    1.700   1.0000          NULL 
 25.5000    1    5.100   1.0000          evt1
 30.6000    0    0.850   1.0000          NULL 
 31.4500    1    5.100   1.0000          evt1
 36.5500    0    1.700   1.0000          NULL 
 38.2500    3    5.100   1.0000          evt3
 43.3500    0    0.850   1.0000          NULL 
 44.2000    3    5.100   1.0000          evt3
 49.3000    0    0.850   1.0000          NULL 
 50.1500    4    5.100   1.0000          evt4
 55.2500    0    1.700   1.0000          NULL 
 56.9500    3    5.100   1.0000          evt3
 62.0500    0    0.850   1.0000          NULL 
 62.9000    6    5.100   1.0000          evt6
 68.0000    0    0.850   1.0000          NULL 
 68.8500    1    5.100   1.0000          evt1
 73.9500    0    0.850   1.0000          NULL 
 74.8000    1    5.100   1.0000          evt1
 79.9000    0    0.850   1.0000          NULL 
 80.7500    5    5.100   1.0000          evt5
 85.8500    0    1.700   1.0000          NULL 
 87.5500    2    5.100   1.0000          evt2
 92.6500    0    0.850   1.0000          NULL 
 93.5000    4    5.100   1.0000          evt4
 98.6000    0    3.400   1.0000          NULL 
102.0000    1    5.100   1.0000          evt1
107.1000    0    1.700   1.0000          NULL 
108.8000    6    5.100   1.0000          evt6
113.9000    0    0.850   1.0000          NULL 
114.7500    3    5.100   1.0000          evt3
119.8500    0    0.850   1.0000          NULL 
120.7000    5    5.100   1.0000          evt5
125.7999    0    4.250   1.0000          NULL 
130.0500    6    5.100   1.0000          evt6
135.1500    0    0.850   1.0000          NULL 
136.0000    2    5.100   1.0000          evt2
141.1000    0    2.550   1.0000          NULL 
143.6500    4    5.100   1.0000          evt4
148.7500    0    5.100   1.0000          NULL 
153.8500    6    5.100   1.0000          evt6
158.9500    0    1.700   1.0000          NULL 
160.6501    6    5.100   1.0000          evt6
165.7501    0    2.550   1.0000          NULL 
168.3001    2    5.100   1.0000          evt2
173.4001    0    0.850   1.0000          NULL 
174.2501    3    5.100   1.0000          evt3
179.3501    0    1.700   1.0000          NULL 
181.0501    4    5.100   1.0000          evt4
186.1501    0    0.850   1.0000          NULL 
187.0001    4    5.100   1.0000          evt4
192.1001    0    0.850   1.0000          NULL 
192.9501    3    5.100   1.0000          evt3
198.0501    0    0.850   1.0000          NULL 
198.9001    5    5.100   1.0000          evt5
204.0002    0    2.550   1.0000          NULL 
206.5502    3    5.100   1.0000          evt3
211.6502    0    0.850   1.0000          NULL 
212.5002    1    5.100   1.0000          evt1
217.6002    0    1.700   1.0000          NULL 
219.3002    4    5.100   1.0000          evt4
224.4002    0    1.700   1.0000          NULL 
226.1002    6    5.100   1.0000          evt6
231.2002    0    0.850   1.0000          NULL 
232.0502    4    5.100   1.0000          evt4
237.1502    0    0.850   1.0000          NULL 
238.0002    6    5.100   1.0000          evt6
243.1003    0    0.850   1.0000          NULL 
243.9503    1    5.100   1.0000          evt1
249.0503    0    4.250   1.0000          NULL 
253.3003    4    5.100   1.0000          evt4
258.4003    0    1.700   1.0000          NULL 
260.1003    2    5.100   1.0000          evt2
265.2003    0    1.700   1.0000          NULL 
266.9003    3    5.100   1.0000          evt3
272.0003    0    1.700   1.0000          NULL 
273.7003    6    5.100   1.0000          evt6
278.8004    0    1.700   1.0000          NULL 
280.5004    2    5.100   1.0000          evt2
285.6004    0    0.850   1.0000          NULL 
286.4504    4    5.100   1.0000          evt4
291.5504    0    1.700   1.0000          NULL 
293.2504    1    5.100   1.0000          evt1
298.3504    0    0.850   1.0000          NULL 
299.2004    6    5.100   1.0000          evt6
304.3004    0    2.550   1.0000          NULL 
306.8504    1    5.100   1.0000          evt1
311.9504    0    0.850   1.0000          NULL 
312.8004    5    5.100   1.0000          evt5
317.9005    0    0.850   1.0000          NULL 
318.7505    6    5.100   1.0000          evt6
323.8505    0    2.550   1.0000          NULL 
326.4005    3    5.100   1.0000          evt3
331.5005    0    0.850   1.0000          NULL 
332.3505    6    5.100   1.0000          evt6
337.4505    0    1.700   1.0000          NULL 
339.1505    1    5.100   1.0000          evt1
344.2505    0    3.400   1.0000          NULL 
347.6505    5    5.100   1.0000          evt5
352.7505    0    0.850   1.0000          NULL 
353.6006    3    5.100   1.0000          evt3
358.7006    0    1.699   1.0000          NULL 
