  0.0000    1    5.100   1.0000          evt1
  5.1000    0    0.850   1.0000          NULL 
  5.9500    4    5.100   1.0000          evt4
 11.0500    0    1.700   1.0000          NULL 
 12.7500    6    5.100   1.0000          evt6
 17.8500    0    0.850   1.0000          NULL 
 18.7000    1    5.100   1.0000          evt1
 23.8000    0    3.400   1.0000          NULL 
 27.2000    6    5.100   1.0000          evt6
 32.3000    1    5.100   1.0000          evt1
 37.4000    0    5.100   1.0000          NULL 
 42.5000    3    5.100   1.0000          evt3
 47.6000    6    5.100   1.0000          evt6
 52.7000    3    5.100   1.0000          evt3
 57.8000    1    5.100   1.0000          evt1
 62.9000    0    2.550   1.0000          NULL 
 65.4500    4    5.100   1.0000          evt4
 70.5500    0    5.950   1.0000          NULL 
 76.5000    4    5.100   1.0000          evt4
 81.6000    3    5.100   1.0000          evt3
 86.7000    0    1.700   1.0000          NULL 
 88.4000    4    5.100   1.0000          evt4
 93.5000    0    0.850   1.0000          NULL 
 94.3500    4    5.100   1.0000          evt4
 99.4500    3    5.100   1.0000          evt3
104.5500    0    0.850   1.0000          NULL 
105.4000    6    5.100   1.0000          evt6
110.5000    0    2.550   1.0000          NULL 
113.0499    4    5.100   1.0000          evt4
118.1499    0    3.400   1.0000          NULL 
121.5499    3    5.100   1.0000          evt3
126.6499    5    5.100   1.0000          evt5
131.7499    0    1.700   1.0000          NULL 
133.4500    3    5.100   1.0000          evt3
138.5500    2    5.100   1.0000          evt2
143.6500    5    5.100   1.0000          evt5
148.7500    0    3.400   1.0000          NULL 
152.1500    1    5.100   1.0000          evt1
157.2500    0    1.700   1.0000          NULL 
158.9500    1    5.100   1.0000          evt1
164.0500    0    5.100   1.0000          NULL 
169.1501    4    5.100   1.0000          evt4
174.2501    0    6.800   1.0000          NULL 
181.0501    1    5.100   1.0000          evt1
186.1501    4    5.100   1.0000          evt4
191.2501    5    5.100   1.0000          evt5
196.3501    0    4.250   1.0000          NULL 
200.6002    4    5.100   1.0000          evt4
205.7002    4    5.100   1.0000          evt4
210.8002    0    2.550   1.0000          NULL 
213.3502    6    5.100   1.0000          evt6
218.4502    0    4.250   1.0000          NULL 
222.7002    5    5.100   1.0000          evt5
227.8002    2    5.100   1.0000          evt2
232.9002    0    1.700   1.0000          NULL 
234.6003    3    5.100   1.0000          evt3
239.7003    0    3.400   1.0000          NULL 
243.1003    6    5.100   1.0000          evt6
248.2003    3    5.100   1.0000          evt3
253.3003    0    0.850   1.0000          NULL 
254.1503    6    5.100   1.0000          evt6
259.2503    0    5.100   1.0000          NULL 
264.3503    5    5.100   1.0000          evt5
269.4503    2    5.100   1.0000          evt2
274.5504    0    1.700   1.0000          NULL 
276.2504    1    5.100   1.0000          evt1
281.3504    0    1.700   1.0000          NULL 
283.0504    1    5.100   1.0000          evt1
288.1504    0    1.700   1.0000          NULL 
289.8504    3    5.100   1.0000          evt3
294.9504    0    0.850   1.0000          NULL 
295.8004    6    5.100   1.0000          evt6
300.9004    0    2.550   1.0000          NULL 
303.4504    1    5.100   1.0000          evt1
308.5504    3    5.100   1.0000          evt3
313.6505    6    5.100   1.0000          evt6
318.7505    0    0.850   1.0000          NULL 
319.6005    1    5.100   1.0000          evt1
324.7005    3    5.100   1.0000          evt3
329.8005    6    5.100   1.0000          evt6
334.9005    0    0.850   1.0000          NULL 
335.7505    4    5.100   1.0000          evt4
340.8505    0    0.850   1.0000          NULL 
341.7005    6    5.100   1.0000          evt6
346.8005    0    0.850   1.0000          NULL 
347.6505    2    5.100   1.0000          evt2
352.7505    0    1.700   1.0000          NULL 
354.4505    2    5.100   1.0000          evt2
359.5505    0    0.849   1.0000          NULL 
