  0.0000    4    5.100   1.0000          evt4
  5.1000    0    0.850   1.0000          NULL 
  5.9500    1    5.100   1.0000          evt1
 11.0500    0    0.850   1.0000          NULL 
 11.9000    3    5.100   1.0000          evt3
 17.0000    0    4.250   1.0000          NULL 
 21.2500    6    5.100   1.0000          evt6
 26.3500    0    1.700   1.0000          NULL 
 28.0500    5    5.100   1.0000          evt5
 33.1500    0    0.850   1.0000          NULL 
 34.0000    3    5.100   1.0000          evt3
 39.1000    0    0.850   1.0000          NULL 
 39.9500    4    5.100   1.0000          evt4
 45.0500    0    2.550   1.0000          NULL 
 47.6000    4    5.100   1.0000          evt4
 52.7000    0    1.700   1.0000          NULL 
 54.4000    3    5.100   1.0000          evt3
 59.5000    0    0.850   1.0000          NULL 
 60.3500    6    5.100   1.0000          evt6
 65.4500    0    0.850   1.0000          NULL 
 66.3000    1    5.100   1.0000          evt1
 71.4000    0    0.850   1.0000          NULL 
 72.2500    2    5.100   1.0000          evt2
 77.3500    0    1.700   1.0000          NULL 
 79.0500    3    5.100   1.0000          evt3
 84.1500    0    0.850   1.0000          NULL 
 85.0000    4    5.100   1.0000          evt4
 90.1000    0    0.850   1.0000          NULL 
 90.9500    5    5.100   1.0000          evt5
 96.0500    0    0.850   1.0000          NULL 
 96.9000    4    5.100   1.0000          evt4
102.0000    0    1.700   1.0000          NULL 
103.7000    3    5.100   1.0000          evt3
108.8000    0    0.850   1.0000          NULL 
109.6500    1    5.100   1.0000          evt1
114.7500    0    1.700   1.0000          NULL 
116.4500    3    5.100   1.0000          evt3
121.5499    0    1.700   1.0000          NULL 
123.2499    1    5.100   1.0000          evt1
128.3499    0    0.850   1.0000          NULL 
129.2000    3    5.100   1.0000          evt3
134.3000    0    0.850   1.0000          NULL 
135.1500    5    5.100   1.0000          evt5
140.2500    0    1.700   1.0000          NULL 
141.9500    6    5.100   1.0000          evt6
147.0500    0    0.850   1.0000          NULL 
147.9000    2    5.100   1.0000          evt2
153.0000    0    0.850   1.0000          NULL 
153.8500    6    5.100   1.0000          evt6
158.9500    0    0.850   1.0000          NULL 
159.8000    4    5.100   1.0000          evt4
164.9000    0    0.850   1.0000          NULL 
165.7500    3    5.100   1.0000          evt3
170.8500    0    0.850   1.0000          NULL 
171.7000    1    5.100   1.0000          evt1
176.8000    0    0.850   1.0000          NULL 
177.6501    1    5.100   1.0000          evt1
182.7501    0    1.700   1.0000          NULL 
184.4501    3    5.100   1.0000          evt3
189.5501    0    5.100   1.0000          NULL 
194.6501    6    5.100   1.0000          evt6
199.7501    0    0.850   1.0000          NULL 
200.6001    2    5.100   1.0000          evt2
205.7001    0    1.700   1.0000          NULL 
207.4001    1    5.100   1.0000          evt1
212.5002    0    5.100   1.0000          NULL 
217.6002    3    5.100   1.0000          evt3
222.7002    0    0.850   1.0000          NULL 
223.5502    4    5.100   1.0000          evt4
228.6502    0    1.700   1.0000          NULL 
230.3502    6    5.100   1.0000          evt6
235.4502    0    0.850   1.0000          NULL 
236.3002    4    5.100   1.0000          evt4
241.4002    0    1.700   1.0000          NULL 
243.1003    1    5.100   1.0000          evt1
248.2003    0    0.850   1.0000          NULL 
249.0503    4    5.100   1.0000          evt4
254.1503    0    5.100   1.0000          NULL 
259.2503    6    5.100   1.0000          evt6
264.3503    0    1.700   1.0000          NULL 
266.0503    6    5.100   1.0000          evt6
271.1503    0    2.550   1.0000          NULL 
273.7003    1    5.100   1.0000          evt1
278.8004    0    0.850   1.0000          NULL 
279.6504    3    5.100   1.0000          evt3
284.7504    0    0.850   1.0000          NULL 
285.6004    1    5.100   1.0000          evt1
290.7004    0    0.850   1.0000          NULL 
291.5504    6    5.100   1.0000          evt6
296.6504    0    2.550   1.0000          NULL 
299.2004    6    5.100   1.0000          evt6
304.3004    0    0.850   1.0000          NULL 
305.1504    2    5.100   1.0000          evt2
310.2504    0    6.800   1.0000          NULL 
317.0505    6    5.100   1.0000          evt6
322.1505    0    0.850   1.0000          NULL 
323.0005    1    5.100   1.0000          evt1
328.1005    0    0.850   1.0000          NULL 
328.9505    5    5.100   1.0000          evt5
334.0505    0    0.850   1.0000          NULL 
334.9005    4    5.100   1.0000          evt4
340.0005    0    0.850   1.0000          NULL 
340.8505    4    5.100   1.0000          evt4
345.9505    0    0.850   1.0000          NULL 
346.8005    5    5.100   1.0000          evt5
351.9005    0    2.550   1.0000          NULL 
354.4506    2    5.100   1.0000          evt2
359.5506    0    0.849   1.0000          NULL 
