  0.0000    2    5.100   1.0000          evt2
  5.1000    5    5.100   1.0000          evt5
 10.2000    6    5.100   1.0000          evt6
 15.3000    4    5.100   1.0000          evt4
 20.4000    4    5.100   1.0000          evt4
 25.5000    0    2.550   1.0000          NULL 
 28.0500    3    5.100   1.0000          evt3
 33.1500    5    5.100   1.0000          evt5
 38.2500    0    3.400   1.0000          NULL 
 41.6500    6    5.100   1.0000          evt6
 46.7500    2    5.100   1.0000          evt2
 51.8500    0    0.850   1.0000          NULL 
 52.7000    6    5.100   1.0000          evt6
 57.8000    0    0.850   1.0000          NULL 
 58.6500    2    5.100   1.0000          evt2
 63.7500    0    3.400   1.0000          NULL 
 67.1500    1    5.100   1.0000          evt1
 72.2500    0    0.850   1.0000          NULL 
 73.1000    1    5.100   1.0000          evt1
 78.2000    4    5.100   1.0000          evt4
 83.3000    0    0.850   1.0000          NULL 
 84.1500    4    5.100   1.0000          evt4
 89.2500    0    2.550   1.0000          NULL 
 91.8000    1    5.100   1.0000          evt1
 96.9000    0    1.700   1.0000          NULL 
 98.6000    4    5.100   1.0000          evt4
103.7000    0    3.400   1.0000          NULL 
107.1000    4    5.100   1.0000          evt4
112.2000    0    3.400   1.0000          NULL 
115.5999    1    5.100   1.0000          evt1
120.6999    0    5.950   1.0000          NULL 
126.6499    1    5.100   1.0000          evt1
131.7499    5    5.100   1.0000          evt5
136.8499    3    5.100   1.0000          evt3
141.9500    0    1.700   1.0000          NULL 
143.6500    5    5.100   1.0000          evt5
148.7500    3    5.100   1.0000          evt3
153.8500    6    5.100   1.0000          evt6
158.9500    0    5.950   1.0000          NULL 
164.9000    3    5.100   1.0000          evt3
170.0000    4    5.100   1.0000          evt4
175.1000    0    0.850   1.0000          NULL 
175.9500    6    5.100   1.0000          evt6
181.0500    0    1.700   1.0000          NULL 
182.7501    3    5.100   1.0000          evt3
187.8501    0    6.800   1.0000          NULL 
194.6501    2    5.100   1.0000          evt2
199.7501    0    5.950   1.0000          NULL 
205.7002    4    5.100   1.0000          evt4
210.8002    0    0.850   1.0000          NULL 
211.6502    5    5.100   1.0000          evt5
216.7502    0    0.850   1.0000          NULL 
217.6002    6    5.100   1.0000          evt6
222.7002    6    5.100   1.0000          evt6
227.8002    0    5.100   1.0000          NULL 
232.9002    1    5.100   1.0000          evt1
238.0002    0    0.850   1.0000          NULL 
238.8503    1    5.100   1.0000          evt1
243.9503    0    2.550   1.0000          NULL 
246.5003    3    5.100   1.0000          evt3
251.6003    3    5.100   1.0000          evt3
256.7003    0    1.700   1.0000          NULL 
258.4003    6    5.100   1.0000          evt6
263.5003    0    2.550   1.0000          NULL 
266.0503    6    5.100   1.0000          evt6
271.1503    0    2.550   1.0000          NULL 
273.7003    1    5.100   1.0000          evt1
278.8004    0    1.700   1.0000          NULL 
280.5004    4    5.100   1.0000          evt4
285.6004    0    0.850   1.0000          NULL 
286.4504    1    5.100   1.0000          evt1
291.5504    6    5.100   1.0000          evt6
296.6504    0    8.500   1.0000          NULL 
305.1505    3    5.100   1.0000          evt3
310.2505    3    5.100   1.0000          evt3
315.3505    0    0.850   1.0000          NULL 
316.2005    1    5.100   1.0000          evt1
321.3005    0    0.850   1.0000          NULL 
322.1505    4    5.100   1.0000          evt4
327.2505    6    5.100   1.0000          evt6
332.3505    0    1.700   1.0000          NULL 
334.0505    3    5.100   1.0000          evt3
339.1505    3    5.100   1.0000          evt3
344.2505    4    5.100   1.0000          evt4
349.3505    1    5.100   1.0000          evt1
354.4505    2    5.100   1.0000          evt2
359.5505    0    0.849   1.0000          NULL 
