  0.0000    2    5.100   1.0000          evt2
  5.1000    0    1.700   1.0000          NULL 
  6.8000    4    5.100   1.0000          evt4
 11.9000    0    0.850   1.0000          NULL 
 12.7500    5    5.100   1.0000          evt5
 17.8500    0    0.850   1.0000          NULL 
 18.7000    1    5.100   1.0000          evt1
 23.8000    0    0.850   1.0000          NULL 
 24.6500    2    5.100   1.0000          evt2
 29.7500    0    0.850   1.0000          NULL 
 30.6000    5    5.100   1.0000          evt5
 35.7000    0    0.850   1.0000          NULL 
 36.5500    6    5.100   1.0000          evt6
 41.6500    0    1.700   1.0000          NULL 
 43.3500    3    5.100   1.0000          evt3
 48.4500    0    2.550   1.0000          NULL 
 51.0000    4    5.100   1.0000          evt4
 56.1000    0    0.850   1.0000          NULL 
 56.9500    3    5.100   1.0000          evt3
 62.0500    0    1.700   1.0000          NULL 
 63.7500    1    5.100   1.0000          evt1
 68.8500    0    1.700   1.0000          NULL 
 70.5500    2    5.100   1.0000          evt2
 75.6500    0    1.700   1.0000          NULL 
 77.3500    1    5.100   1.0000          evt1
 82.4500    0    2.550   1.0000          NULL 
 85.0000    5    5.100   1.0000          evt5
 90.1000    0    0.850   1.0000          NULL 
 90.9500    6    5.100   1.0000          evt6
 96.0500    0    0.850   1.0000          NULL 
 96.9000    1    5.100   1.0000          evt1
102.0000    0    3.400   1.0000          NULL 
105.4000    6    5.100   1.0000          evt6
110.5000    0    0.850   1.0000          NULL 
111.3500    2    5.100   1.0000          evt2
116.4500    0    1.700   1.0000          NULL 
118.1499    2    5.100   1.0000          evt2
123.2499    0    0.850   1.0000          NULL 
124.0999    4    5.100   1.0000          evt4
129.2000    0    0.850   1.0000          NULL 
130.0500    4    5.100   1.0000          evt4
135.1500    0    0.850   1.0000          NULL 
136.0000    3    5.100   1.0000          evt3
141.1000    0    0.850   1.0000          NULL 
141.9500    4    5.100   1.0000          evt4
147.0500    0    1.700   1.0000          NULL 
148.7500    4    5.100   1.0000          evt4
153.8500    0    0.850   1.0000          NULL 
154.7000    3    5.100   1.0000          evt3
159.8000    0    1.700   1.0000          NULL 
161.5000    6    5.100   1.0000          evt6
166.6000    0    0.850   1.0000          NULL 
167.4500    3    5.100   1.0000          evt3
172.5500    0    2.550   1.0000          NULL 
175.1001    1    5.100   1.0000          evt1
180.2001    0    0.850   1.0000          NULL 
181.0501    6    5.100   1.0000          evt6
186.1501    0    2.550   1.0000          NULL 
188.7001    3    5.100   1.0000          evt3
193.8001    0    0.850   1.0000          NULL 
194.6501    3    5.100   1.0000          evt3
199.7501    0    2.550   1.0000          NULL 
202.3001    4    5.100   1.0000          evt4
207.4001    0    0.850   1.0000          NULL 
208.2502    1    5.100   1.0000          evt1
213.3502    0    0.850   1.0000          NULL 
214.2002    1    5.100   1.0000          evt1
219.3002    0    2.550   1.0000          NULL 
221.8502    6    5.100   1.0000          evt6
226.9502    0    1.700   1.0000          NULL 
228.6502    6    5.100   1.0000          evt6
233.7502    0    2.550   1.0000          NULL 
236.3002    3    5.100   1.0000          evt3
241.4002    0    3.400   1.0000          NULL 
244.8003    4    5.100   1.0000          evt4
249.9003    0    1.700   1.0000          NULL 
251.6003    1    5.100   1.0000          evt1
256.7003    0    1.700   1.0000          NULL 
258.4003    1    5.100   1.0000          evt1
263.5003    0    1.700   1.0000          NULL 
265.2003    6    5.100   1.0000          evt6
270.3003    0    0.850   1.0000          NULL 
271.1503    1    5.100   1.0000          evt1
276.2503    0    1.700   1.0000          NULL 
277.9503    1    5.100   1.0000          evt1
283.0504    0    1.700   1.0000          NULL 
284.7504    3    5.100   1.0000          evt3
289.8504    0    0.850   1.0000          NULL 
290.7004    4    5.100   1.0000          evt4
295.8004    0    0.850   1.0000          NULL 
296.6504    3    5.100   1.0000          evt3
301.7504    0    1.700   1.0000          NULL 
303.4504    4    5.100   1.0000          evt4
308.5504    0    2.550   1.0000          NULL 
311.1004    6    5.100   1.0000          evt6
316.2004    0    2.550   1.0000          NULL 
318.7505    4    5.100   1.0000          evt4
323.8505    0    2.550   1.0000          NULL 
326.4005    5    5.100   1.0000          evt5
331.5005    0    3.400   1.0000          NULL 
334.9005    3    5.100   1.0000          evt3
340.0005    0    0.850   1.0000          NULL 
340.8505    6    5.100   1.0000          evt6
345.9505    0    0.850   1.0000          NULL 
346.8005    5    5.100   1.0000          evt5
351.9005    0    2.550   1.0000          NULL 
354.4506    6    5.100   1.0000          evt6
359.5506    0    0.849   1.0000          NULL 
