  0.0000    4    5.100   1.0000          evt4
  5.1000    0    0.850   1.0000          NULL 
  5.9500    4    5.100   1.0000          evt4
 11.0500    0    0.850   1.0000          NULL 
 11.9000    4    5.100   1.0000          evt4
 17.0000    0    0.850   1.0000          NULL 
 17.8500    4    5.100   1.0000          evt4
 22.9500    0    0.850   1.0000          NULL 
 23.8000    2    5.100   1.0000          evt2
 28.9000    0    3.400   1.0000          NULL 
 32.3000    3    5.100   1.0000          evt3
 37.4000    0    1.700   1.0000          NULL 
 39.1000    4    5.100   1.0000          evt4
 44.2000    0    1.700   1.0000          NULL 
 45.9000    1    5.100   1.0000          evt1
 51.0000    0    1.700   1.0000          NULL 
 52.7000    3    5.100   1.0000          evt3
 57.8000    0    1.700   1.0000          NULL 
 59.5000    1    5.100   1.0000          evt1
 64.6000    0    0.850   1.0000          NULL 
 65.4500    4    5.100   1.0000          evt4
 70.5500    0    0.850   1.0000          NULL 
 71.4000    4    5.100   1.0000          evt4
 76.5000    0    0.850   1.0000          NULL 
 77.3500    6    5.100   1.0000          evt6
 82.4500    0    0.850   1.0000          NULL 
 83.3000    6    5.100   1.0000          evt6
 88.4000    0    0.850   1.0000          NULL 
 89.2500    6    5.100   1.0000          evt6
 94.3500    0    0.850   1.0000          NULL 
 95.2000    2    5.100   1.0000          evt2
100.3000    0    1.700   1.0000          NULL 
102.0000    3    5.100   1.0000          evt3
107.1000    0    1.700   1.0000          NULL 
108.8000    5    5.100   1.0000          evt5
113.9000    0    4.250   1.0000          NULL 
118.1499    3    5.100   1.0000          evt3
123.2499    0    0.850   1.0000          NULL 
124.0999    3    5.100   1.0000          evt3
129.2000    0    0.850   1.0000          NULL 
130.0500    1    5.100   1.0000          evt1
135.1500    0    2.550   1.0000          NULL 
137.7000    3    5.100   1.0000          evt3
142.8000    0    1.700   1.0000          NULL 
144.5000    2    5.100   1.0000          evt2
149.6000    0    0.850   1.0000          NULL 
150.4500    1    5.100   1.0000          evt1
155.5500    0    1.700   1.0000          NULL 
157.2500    6    5.100   1.0000          evt6
162.3500    0    0.850   1.0000          NULL 
163.2000    1    5.100   1.0000          evt1
168.3000    0    2.550   1.0000          NULL 
170.8501    6    5.100   1.0000          evt6
175.9501    0    0.850   1.0000          NULL 
176.8001    1    5.100   1.0000          evt1
181.9001    0    0.850   1.0000          NULL 
182.7501    1    5.100   1.0000          evt1
187.8501    0    0.850   1.0000          NULL 
188.7001    3    5.100   1.0000          evt3
193.8001    0    0.850   1.0000          NULL 
194.6501    1    5.100   1.0000          evt1
199.7501    0    2.550   1.0000          NULL 
202.3001    6    5.100   1.0000          evt6
207.4001    0    0.850   1.0000          NULL 
208.2502    2    5.100   1.0000          evt2
213.3502    0    0.850   1.0000          NULL 
214.2002    5    5.100   1.0000          evt5
219.3002    0    2.550   1.0000          NULL 
221.8502    5    5.100   1.0000          evt5
226.9502    0    0.850   1.0000          NULL 
227.8002    3    5.100   1.0000          evt3
232.9002    0    2.550   1.0000          NULL 
235.4502    4    5.100   1.0000          evt4
240.5502    0    0.850   1.0000          NULL 
241.4002    6    5.100   1.0000          evt6
246.5002    0    6.800   1.0000          NULL 
253.3003    1    5.100   1.0000          evt1
258.4003    0    0.850   1.0000          NULL 
259.2503    3    5.100   1.0000          evt3
264.3503    0    0.850   1.0000          NULL 
265.2003    4    5.100   1.0000          evt4
270.3003    0    0.850   1.0000          NULL 
271.1503    6    5.100   1.0000          evt6
276.2503    0    1.700   1.0000          NULL 
277.9503    6    5.100   1.0000          evt6
283.0504    0    2.550   1.0000          NULL 
285.6004    6    5.100   1.0000          evt6
290.7004    0    1.700   1.0000          NULL 
292.4004    1    5.100   1.0000          evt1
297.5004    0    1.700   1.0000          NULL 
299.2004    3    5.100   1.0000          evt3
304.3004    0    5.950   1.0000          NULL 
310.2505    4    5.100   1.0000          evt4
315.3505    0    0.850   1.0000          NULL 
316.2005    3    5.100   1.0000          evt3
321.3005    0    0.850   1.0000          NULL 
322.1505    6    5.100   1.0000          evt6
327.2505    0    1.700   1.0000          NULL 
328.9505    1    5.100   1.0000          evt1
334.0505    0    0.850   1.0000          NULL 
334.9005    5    5.100   1.0000          evt5
340.0005    0    0.850   1.0000          NULL 
340.8505    2    5.100   1.0000          evt2
345.9505    0    0.850   1.0000          NULL 
346.8005    4    5.100   1.0000          evt4
351.9005    0    2.550   1.0000          NULL 
354.4506    5    5.100   1.0000          evt5
359.5506    0    0.849   1.0000          NULL 
