  0.0000    2    5.100   1.0000          evt2
  5.1000    0    2.550   1.0000          NULL 
  7.6500    2    5.100   1.0000          evt2
 12.7500    3    5.100   1.0000          evt3
 17.8500    0    3.400   1.0000          NULL 
 21.2500    1    5.100   1.0000          evt1
 26.3500    0    0.850   1.0000          NULL 
 27.2000    1    5.100   1.0000          evt1
 32.3000    0    0.850   1.0000          NULL 
 33.1500    3    5.100   1.0000          evt3
 38.2500    4    5.100   1.0000          evt4
 43.3500    4    5.100   1.0000          evt4
 48.4500    6    5.100   1.0000          evt6
 53.5500    0    1.700   1.0000          NULL 
 55.2500    6    5.100   1.0000          evt6
 60.3500    6    5.100   1.0000          evt6
 65.4500    3    5.100   1.0000          evt3
 70.5500    6    5.100   1.0000          evt6
 75.6500    0    5.100   1.0000          NULL 
 80.7500    4    5.100   1.0000          evt4
 85.8500    1    5.100   1.0000          evt1
 90.9500    0    0.850   1.0000          NULL 
 91.8000    3    5.100   1.0000          evt3
 96.9000    0    3.400   1.0000          NULL 
100.3000    3    5.100   1.0000          evt3
105.4000    1    5.100   1.0000          evt1
110.5000    0    0.850   1.0000          NULL 
111.3500    1    5.100   1.0000          evt1
116.4500    6    5.100   1.0000          evt6
121.5500    0    4.250   1.0000          NULL 
125.7999    4    5.100   1.0000          evt4
130.8999    0    0.850   1.0000          NULL 
131.7500    2    5.100   1.0000          evt2
136.8500    0    1.700   1.0000          NULL 
138.5500    5    5.100   1.0000          evt5
143.6500    2    5.100   1.0000          evt2
148.7500    0    5.100   1.0000          NULL 
153.8500    6    5.100   1.0000          evt6
158.9500    0    0.850   1.0000          NULL 
159.8000    1    5.100   1.0000          evt1
164.9000    6    5.100   1.0000          evt6
170.0000    0    1.700   1.0000          NULL 
171.7001    1    5.100   1.0000          evt1
176.8001    0    1.700   1.0000          NULL 
178.5001    3    5.100   1.0000          evt3
183.6001    0    0.850   1.0000          NULL 
184.4501    3    5.100   1.0000          evt3
189.5501    0    0.850   1.0000          NULL 
190.4001    5    5.100   1.0000          evt5
195.5001    0    0.850   1.0000          NULL 
196.3501    3    5.100   1.0000          evt3
201.4501    0    2.550   1.0000          NULL 
204.0001    3    5.100   1.0000          evt3
209.1001    4    5.100   1.0000          evt4
214.2001    0    0.850   1.0000          NULL 
215.0502    4    5.100   1.0000          evt4
220.1502    0    1.700   1.0000          NULL 
221.8502    4    5.100   1.0000          evt4
226.9502    0    0.850   1.0000          NULL 
227.8002    5    5.100   1.0000          evt5
232.9002    0    0.850   1.0000          NULL 
233.7502    5    5.100   1.0000          evt5
238.8502    0    0.850   1.0000          NULL 
239.7002    6    5.100   1.0000          evt6
244.8002    4    5.100   1.0000          evt4
249.9002    0    3.400   1.0000          NULL 
253.3002    3    5.100   1.0000          evt3
258.4002    0    0.850   1.0000          NULL 
259.2502    1    5.100   1.0000          evt1
264.3503    0    0.850   1.0000          NULL 
265.2003    6    5.100   1.0000          evt6
270.3003    0    3.400   1.0000          NULL 
273.7003    6    5.100   1.0000          evt6
278.8003    0    0.850   1.0000          NULL 
279.6503    2    5.100   1.0000          evt2
284.7503    0    2.550   1.0000          NULL 
287.3003    5    5.100   1.0000          evt5
292.4003    0    2.550   1.0000          NULL 
294.9503    4    5.100   1.0000          evt4
300.0504    1    5.100   1.0000          evt1
305.1504    0    5.950   1.0000          NULL 
311.1004    4    5.100   1.0000          evt4
316.2004    6    5.100   1.0000          evt6
321.3004    0    0.850   1.0000          NULL 
322.1504    3    5.100   1.0000          evt3
327.2504    0    4.250   1.0000          NULL 
331.5005    1    5.100   1.0000          evt1
336.6005    0    7.650   1.0000          NULL 
344.2505    4    5.100   1.0000          evt4
349.3505    1    5.100   1.0000          evt1
354.4505    0    5.949   1.0000          NULL 
