  0.0000    3    5.100   1.0000          evt3
  5.1000    0    0.850   1.0000          NULL 
  5.9500    4    5.100   1.0000          evt4
 11.0500    0    0.850   1.0000          NULL 
 11.9000    1    5.100   1.0000          evt1
 17.0000    1    5.100   1.0000          evt1
 22.1000    0    1.700   1.0000          NULL 
 23.8000    2    5.100   1.0000          evt2
 28.9000    0    0.850   1.0000          NULL 
 29.7500    3    5.100   1.0000          evt3
 34.8500    3    5.100   1.0000          evt3
 39.9500    0    0.850   1.0000          NULL 
 40.8000    1    5.100   1.0000          evt1
 45.9000    0    8.500   1.0000          NULL 
 54.4000    3    5.100   1.0000          evt3
 59.5000    0    2.550   1.0000          NULL 
 62.0500    3    5.100   1.0000          evt3
 67.1500    0    3.400   1.0000          NULL 
 70.5500    1    5.100   1.0000          evt1
 75.6500    0    0.850   1.0000          NULL 
 76.5000    4    5.100   1.0000          evt4
 81.6000    0    1.700   1.0000          NULL 
 83.3000    6    5.100   1.0000          evt6
 88.4000    0    3.400   1.0000          NULL 
 91.8000    5    5.100   1.0000          evt5
 96.9000    0    0.850   1.0000          NULL 
 97.7500    1    5.100   1.0000          evt1
102.8500    3    5.100   1.0000          evt3
107.9500    0    5.950   1.0000          NULL 
113.8999    1    5.100   1.0000          evt1
118.9999    0    1.700   1.0000          NULL 
120.6999    3    5.100   1.0000          evt3
125.7999    6    5.100   1.0000          evt6
130.8999    1    5.100   1.0000          evt1
135.9999    0    0.850   1.0000          NULL 
136.8499    1    5.100   1.0000          evt1
141.9500    2    5.100   1.0000          evt2
147.0500    0    0.850   1.0000          NULL 
147.9000    6    5.100   1.0000          evt6
153.0000    0    4.250   1.0000          NULL 
157.2500    4    5.100   1.0000          evt4
162.3500    0    2.550   1.0000          NULL 
164.9000    4    5.100   1.0000          evt4
170.0000    4    5.100   1.0000          evt4
175.1000    4    5.100   1.0000          evt4
180.2000    0    4.250   1.0000          NULL 
184.4501    3    5.100   1.0000          evt3
189.5501    0    4.250   1.0000          NULL 
193.8001    3    5.100   1.0000          evt3
198.9001    0    4.250   1.0000          NULL 
203.1501    3    5.100   1.0000          evt3
208.2502    0    2.550   1.0000          NULL 
210.8002    5    5.100   1.0000          evt5
215.9002    0    7.650   1.0000          NULL 
223.5502    1    5.100   1.0000          evt1
228.6502    0    1.700   1.0000          NULL 
230.3503    4    5.100   1.0000          evt4
235.4503    0    2.550   1.0000          NULL 
238.0003    5    5.100   1.0000          evt5
243.1003    2    5.100   1.0000          evt2
248.2003    2    5.100   1.0000          evt2
253.3003    5    5.100   1.0000          evt5
258.4003    0    1.700   1.0000          NULL 
260.1003    6    5.100   1.0000          evt6
265.2003    0    1.700   1.0000          NULL 
266.9003    1    5.100   1.0000          evt1
272.0003    0    1.700   1.0000          NULL 
273.7003    5    5.100   1.0000          evt5
278.8004    0    1.700   1.0000          NULL 
280.5004    6    5.100   1.0000          evt6
285.6004    6    5.100   1.0000          evt6
290.7004    0    0.850   1.0000          NULL 
291.5504    3    5.100   1.0000          evt3
296.6504    1    5.100   1.0000          evt1
301.7504    0    0.850   1.0000          NULL 
302.6004    4    5.100   1.0000          evt4
307.7004    6    5.100   1.0000          evt6
312.8004    4    5.100   1.0000          evt4
317.9004    0    1.700   1.0000          NULL 
319.6004    4    5.100   1.0000          evt4
324.7004    6    5.100   1.0000          evt6
329.8004    0    2.550   1.0000          NULL 
332.3505    6    5.100   1.0000          evt6
337.4505    4    5.100   1.0000          evt4
342.5505    2    5.100   1.0000          evt2
347.6505    0    0.850   1.0000          NULL 
348.5005    6    5.100   1.0000          evt6
353.6005    0    1.700   1.0000          NULL 
355.3005    6    5.100   1.0000          evt6
