  0.0000    2    5.100   1.0000          evt2
  5.1000    0    0.850   1.0000          NULL 
  5.9500    6    5.100   1.0000          evt6
 11.0500    0    3.400   1.0000          NULL 
 14.4500    6    5.100   1.0000          evt6
 19.5500    0    2.550   1.0000          NULL 
 22.1000    3    5.100   1.0000          evt3
 27.2000    4    5.100   1.0000          evt4
 32.3000    0    3.400   1.0000          NULL 
 35.7000    3    5.100   1.0000          evt3
 40.8000    3    5.100   1.0000          evt3
 45.9000    0    1.700   1.0000          NULL 
 47.6000    6    5.100   1.0000          evt6
 52.7000    0    2.550   1.0000          NULL 
 55.2500    4    5.100   1.0000          evt4
 60.3500    1    5.100   1.0000          evt1
 65.4500    0    1.700   1.0000          NULL 
 67.1500    1    5.100   1.0000          evt1
 72.2500    4    5.100   1.0000          evt4
 77.3500    0    0.850   1.0000          NULL 
 78.2000    1    5.100   1.0000          evt1
 83.3000    4    5.100   1.0000          evt4
 88.4000    0    2.550   1.0000          NULL 
 90.9500    6    5.100   1.0000          evt6
 96.0500    1    5.100   1.0000          evt1
101.1500    3    5.100   1.0000          evt3
106.2500    0    3.400   1.0000          NULL 
109.6500    4    5.100   1.0000          evt4
114.7500    0    5.950   1.0000          NULL 
120.6999    6    5.100   1.0000          evt6
125.7999    0    1.700   1.0000          NULL 
127.4999    1    5.100   1.0000          evt1
132.5999    1    5.100   1.0000          evt1
137.7000    6    5.100   1.0000          evt6
142.8000    3    5.100   1.0000          evt3
147.9000    6    5.100   1.0000          evt6
153.0000    0    2.550   1.0000          NULL 
155.5500    3    5.100   1.0000          evt3
160.6500    4    5.100   1.0000          evt4
165.7500    0    0.850   1.0000          NULL 
166.6000    6    5.100   1.0000          evt6
171.7000    0    2.550   1.0000          NULL 
174.2500    5    5.100   1.0000          evt5
179.3500    0    3.400   1.0000          NULL 
182.7501    4    5.100   1.0000          evt4
187.8501    0    2.550   1.0000          NULL 
190.4001    2    5.100   1.0000          evt2
195.5001    0    2.550   1.0000          NULL 
198.0501    3    5.100   1.0000          evt3
203.1501    0    0.850   1.0000          NULL 
204.0001    5    5.100   1.0000          evt5
209.1001    0    2.550   1.0000          NULL 
211.6501    1    5.100   1.0000          evt1
216.7502    0    0.850   1.0000          NULL 
217.6002    4    5.100   1.0000          evt4
222.7002    0    1.700   1.0000          NULL 
224.4002    1    5.100   1.0000          evt1
229.5002    0    2.550   1.0000          NULL 
232.0502    5    5.100   1.0000          evt5
237.1502    0    5.100   1.0000          NULL 
242.2502    6    5.100   1.0000          evt6
247.3503    3    5.100   1.0000          evt3
252.4503    0    1.700   1.0000          NULL 
254.1503    1    5.100   1.0000          evt1
259.2503    4    5.100   1.0000          evt4
264.3503    0    2.550   1.0000          NULL 
266.9003    4    5.100   1.0000          evt4
272.0003    0    4.250   1.0000          NULL 
276.2503    4    5.100   1.0000          evt4
281.3503    0    3.400   1.0000          NULL 
284.7504    2    5.100   1.0000          evt2
289.8504    0    1.700   1.0000          NULL 
291.5504    6    5.100   1.0000          evt6
296.6504    2    5.100   1.0000          evt2
301.7504    0    0.850   1.0000          NULL 
302.6004    5    5.100   1.0000          evt5
307.7004    0    0.850   1.0000          NULL 
308.5504    2    5.100   1.0000          evt2
313.6504    0    2.550   1.0000          NULL 
316.2004    1    5.100   1.0000          evt1
321.3004    3    5.100   1.0000          evt3
326.4005    0    1.700   1.0000          NULL 
328.1005    5    5.100   1.0000          evt5
333.2005    3    5.100   1.0000          evt3
338.3005    0    5.100   1.0000          NULL 
343.4005    3    5.100   1.0000          evt3
348.5005    0    0.850   1.0000          NULL 
349.3505    1    5.100   1.0000          evt1
354.4505    0    0.850   1.0000          NULL 
355.3005    6    5.100   1.0000          evt6
