  0.0000    6    5.100   1.0000          evt6
  5.1000    0    0.850   1.0000          NULL 
  5.9500    1    5.100   1.0000          evt1
 11.0500    0    1.700   1.0000          NULL 
 12.7500    3    5.100   1.0000          evt3
 17.8500    0    2.550   1.0000          NULL 
 20.4000    1    5.100   1.0000          evt1
 25.5000    0    2.550   1.0000          NULL 
 28.0500    4    5.100   1.0000          evt4
 33.1500    0    0.850   1.0000          NULL 
 34.0000    3    5.100   1.0000          evt3
 39.1000    0    0.850   1.0000          NULL 
 39.9500    4    5.100   1.0000          evt4
 45.0500    0    0.850   1.0000          NULL 
 45.9000    3    5.100   1.0000          evt3
 51.0000    0    2.550   1.0000          NULL 
 53.5500    1    5.100   1.0000          evt1
 58.6500    0    3.400   1.0000          NULL 
 62.0500    3    5.100   1.0000          evt3
 67.1500    0    1.700   1.0000          NULL 
 68.8500    5    5.100   1.0000          evt5
 73.9500    0    0.850   1.0000          NULL 
 74.8000    6    5.100   1.0000          evt6
 79.9000    0    0.850   1.0000          NULL 
 80.7500    2    5.100   1.0000          evt2
 85.8500    0    0.850   1.0000          NULL 
 86.7000    5    5.100   1.0000          evt5
 91.8000    0    1.700   1.0000          NULL 
 93.5000    1    5.100   1.0000          evt1
 98.6000    0    2.550   1.0000          NULL 
101.1500    6    5.100   1.0000          evt6
106.2500    0    2.550   1.0000          NULL 
108.7999    1    5.100   1.0000          evt1
113.8999    0    1.700   1.0000          NULL 
115.5999    6    5.100   1.0000          evt6
120.6999    0    1.700   1.0000          NULL 
122.3999    2    5.100   1.0000          evt2
127.4999    0    0.850   1.0000          NULL 
128.3499    6    5.100   1.0000          evt6
133.4500    0    0.850   1.0000          NULL 
134.3000    3    5.100   1.0000          evt3
139.4000    0    1.700   1.0000          NULL 
141.1000    3    5.100   1.0000          evt3
146.2000    0    1.700   1.0000          NULL 
147.9000    4    5.100   1.0000          evt4
153.0000    0    1.700   1.0000          NULL 
154.7000    3    5.100   1.0000          evt3
159.8000    0    0.850   1.0000          NULL 
160.6500    4    5.100   1.0000          evt4
165.7500    0    5.100   1.0000          NULL 
170.8501    3    5.100   1.0000          evt3
175.9501    0    3.400   1.0000          NULL 
179.3501    4    5.100   1.0000          evt4
184.4501    0    0.850   1.0000          NULL 
185.3001    5    5.100   1.0000          evt5
190.4001    0    0.850   1.0000          NULL 
191.2501    4    5.100   1.0000          evt4
196.3501    0    0.850   1.0000          NULL 
197.2001    1    5.100   1.0000          evt1
202.3001    0    1.700   1.0000          NULL 
204.0002    2    5.100   1.0000          evt2
209.1002    0    0.850   1.0000          NULL 
209.9502    1    5.100   1.0000          evt1
215.0502    0    1.700   1.0000          NULL 
216.7502    4    5.100   1.0000          evt4
221.8502    0    1.700   1.0000          NULL 
223.5502    1    5.100   1.0000          evt1
228.6502    0    0.850   1.0000          NULL 
229.5002    5    5.100   1.0000          evt5
234.6002    0    0.850   1.0000          NULL 
235.4502    6    5.100   1.0000          evt6
240.5502    0    0.850   1.0000          NULL 
241.4002    3    5.100   1.0000          evt3
246.5002    0    1.700   1.0000          NULL 
248.2003    6    5.100   1.0000          evt6
253.3003    0    0.850   1.0000          NULL 
254.1503    4    5.100   1.0000          evt4
259.2503    0    0.850   1.0000          NULL 
260.1003    6    5.100   1.0000          evt6
265.2003    0    0.850   1.0000          NULL 
266.0503    3    5.100   1.0000          evt3
271.1503    0    1.700   1.0000          NULL 
272.8503    6    5.100   1.0000          evt6
277.9503    0    1.700   1.0000          NULL 
279.6503    2    5.100   1.0000          evt2
284.7503    0    1.700   1.0000          NULL 
286.4503    5    5.100   1.0000          evt5
291.5504    0    1.700   1.0000          NULL 
293.2504    4    5.100   1.0000          evt4
298.3504    0    0.850   1.0000          NULL 
299.2004    6    5.100   1.0000          evt6
304.3004    0    4.250   1.0000          NULL 
308.5504    6    5.100   1.0000          evt6
313.6504    0    0.850   1.0000          NULL 
314.5004    1    5.100   1.0000          evt1
319.6004    0    1.700   1.0000          NULL 
321.3004    4    5.100   1.0000          evt4
326.4005    0    0.850   1.0000          NULL 
327.2505    1    5.100   1.0000          evt1
332.3505    0    2.550   1.0000          NULL 
334.9005    4    5.100   1.0000          evt4
340.0005    0    0.850   1.0000          NULL 
340.8505    2    5.100   1.0000          evt2
345.9505    0    0.850   1.0000          NULL 
346.8005    1    5.100   1.0000          evt1
351.9005    0    2.550   1.0000          NULL 
354.4505    3    5.100   1.0000          evt3
359.5505    0    0.849   1.0000          NULL 
