  0.0000    3    5.100   1.0000          evt3
  5.1000    0    0.850   1.0000          NULL 
  5.9500    3    5.100   1.0000          evt3
 11.0500    0    0.850   1.0000          NULL 
 11.9000    6    5.100   1.0000          evt6
 17.0000    0    0.850   1.0000          NULL 
 17.8500    1    5.100   1.0000          evt1
 22.9500    0    4.250   1.0000          NULL 
 27.2000    1    5.100   1.0000          evt1
 32.3000    0    0.850   1.0000          NULL 
 33.1500    1    5.100   1.0000          evt1
 38.2500    0    0.850   1.0000          NULL 
 39.1000    1    5.100   1.0000          evt1
 44.2000    0    1.700   1.0000          NULL 
 45.9000    4    5.100   1.0000          evt4
 51.0000    0    0.850   1.0000          NULL 
 51.8500    4    5.100   1.0000          evt4
 56.9500    0    2.550   1.0000          NULL 
 59.5000    4    5.100   1.0000          evt4
 64.6000    0    0.850   1.0000          NULL 
 65.4500    1    5.100   1.0000          evt1
 70.5500    0    0.850   1.0000          NULL 
 71.4000    3    5.100   1.0000          evt3
 76.5000    0    4.250   1.0000          NULL 
 80.7500    6    5.100   1.0000          evt6
 85.8500    0    1.700   1.0000          NULL 
 87.5500    4    5.100   1.0000          evt4
 92.6500    0    0.850   1.0000          NULL 
 93.5000    3    5.100   1.0000          evt3
 98.6000    0    1.700   1.0000          NULL 
100.3000    4    5.100   1.0000          evt4
105.4000    0    2.550   1.0000          NULL 
107.9500    4    5.100   1.0000          evt4
113.0499    0    0.850   1.0000          NULL 
113.8999    4    5.100   1.0000          evt4
118.9999    0    0.850   1.0000          NULL 
119.8499    3    5.100   1.0000          evt3
124.9499    0    0.850   1.0000          NULL 
125.7999    1    5.100   1.0000          evt1
130.8999    0    0.850   1.0000          NULL 
131.7500    5    5.100   1.0000          evt5
136.8500    0    1.700   1.0000          NULL 
138.5500    3    5.100   1.0000          evt3
143.6500    0    0.850   1.0000          NULL 
144.5000    4    5.100   1.0000          evt4
149.6000    0    0.850   1.0000          NULL 
150.4500    6    5.100   1.0000          evt6
155.5500    0    1.700   1.0000          NULL 
157.2500    5    5.100   1.0000          evt5
162.3500    0    0.850   1.0000          NULL 
163.2000    4    5.100   1.0000          evt4
168.3000    0    0.850   1.0000          NULL 
169.1500    2    5.100   1.0000          evt2
174.2500    0    3.400   1.0000          NULL 
177.6501    1    5.100   1.0000          evt1
182.7501    0    0.850   1.0000          NULL 
183.6001    6    5.100   1.0000          evt6
188.7001    0    0.850   1.0000          NULL 
189.5501    1    5.100   1.0000          evt1
194.6501    0    0.850   1.0000          NULL 
195.5001    6    5.100   1.0000          evt6
200.6001    0    0.850   1.0000          NULL 
201.4501    6    5.100   1.0000          evt6
206.5501    0    0.850   1.0000          NULL 
207.4001    3    5.100   1.0000          evt3
212.5001    0    0.850   1.0000          NULL 
213.3501    4    5.100   1.0000          evt4
218.4501    0    0.850   1.0000          NULL 
219.3002    6    5.100   1.0000          evt6
224.4002    0    2.550   1.0000          NULL 
226.9502    2    5.100   1.0000          evt2
232.0502    0    2.550   1.0000          NULL 
234.6002    2    5.100   1.0000          evt2
239.7002    0    5.100   1.0000          NULL 
244.8002    5    5.100   1.0000          evt5
249.9003    0    0.850   1.0000          NULL 
250.7503    3    5.100   1.0000          evt3
255.8503    0    3.400   1.0000          NULL 
259.2503    2    5.100   1.0000          evt2
264.3503    0    0.850   1.0000          NULL 
265.2003    6    5.100   1.0000          evt6
270.3003    0    0.850   1.0000          NULL 
271.1503    5    5.100   1.0000          evt5
276.2503    0    1.700   1.0000          NULL 
277.9503    4    5.100   1.0000          evt4
283.0503    0    3.400   1.0000          NULL 
286.4503    3    5.100   1.0000          evt3
291.5504    0    0.850   1.0000          NULL 
292.4004    1    5.100   1.0000          evt1
297.5004    0    1.700   1.0000          NULL 
299.2004    6    5.100   1.0000          evt6
304.3004    0    0.850   1.0000          NULL 
305.1504    6    5.100   1.0000          evt6
310.2504    0    3.400   1.0000          NULL 
313.6504    5    5.100   1.0000          evt5
318.7504    0    2.550   1.0000          NULL 
321.3004    1    5.100   1.0000          evt1
326.4005    0    0.850   1.0000          NULL 
327.2505    3    5.100   1.0000          evt3
332.3505    0    0.850   1.0000          NULL 
333.2005    1    5.100   1.0000          evt1
338.3005    0    2.550   1.0000          NULL 
340.8505    2    5.100   1.0000          evt2
345.9505    0    2.550   1.0000          NULL 
348.5005    3    5.100   1.0000          evt3
353.6005    0    0.850   1.0000          NULL 
354.4505    6    5.100   1.0000          evt6
359.5505    0    0.849   1.0000          NULL 
