  0.0000    6    5.100   1.0000          evt6
  5.1000    2    5.100   1.0000          evt2
 10.2000    0    4.250   1.0000          NULL 
 14.4500    6    5.100   1.0000          evt6
 19.5500    0    5.100   1.0000          NULL 
 24.6500    6    5.100   1.0000          evt6
 29.7500    1    5.100   1.0000          evt1
 34.8500    3    5.100   1.0000          evt3
 39.9500    3    5.100   1.0000          evt3
 45.0500    0    0.850   1.0000          NULL 
 45.9000    6    5.100   1.0000          evt6
 51.0000    0    4.250   1.0000          NULL 
 55.2500    1    5.100   1.0000          evt1
 60.3500    0    3.400   1.0000          NULL 
 63.7500    3    5.100   1.0000          evt3
 68.8500    0    1.700   1.0000          NULL 
 70.5500    4    5.100   1.0000          evt4
 75.6500    3    5.100   1.0000          evt3
 80.7500    0    1.700   1.0000          NULL 
 82.4500    6    5.100   1.0000          evt6
 87.5500    0    0.850   1.0000          NULL 
 88.4000    6    5.100   1.0000          evt6
 93.5000    5    5.100   1.0000          evt5
 98.6000    0    4.250   1.0000          NULL 
102.8500    1    5.100   1.0000          evt1
107.9500    2    5.100   1.0000          evt2
113.0500    0    0.850   1.0000          NULL 
113.9000    5    5.100   1.0000          evt5
119.0000    0    1.700   1.0000          NULL 
120.7000    5    5.100   1.0000          evt5
125.7999    0    2.550   1.0000          NULL 
128.3499    1    5.100   1.0000          evt1
133.4500    2    5.100   1.0000          evt2
138.5500    1    5.100   1.0000          evt1
143.6500    0    1.700   1.0000          NULL 
145.3500    4    5.100   1.0000          evt4
150.4500    0    0.850   1.0000          NULL 
151.3000    3    5.100   1.0000          evt3
156.4000    0    3.400   1.0000          NULL 
159.8000    3    5.100   1.0000          evt3
164.9000    0    0.850   1.0000          NULL 
165.7500    3    5.100   1.0000          evt3
170.8500    5    5.100   1.0000          evt5
175.9500    0    1.700   1.0000          NULL 
177.6501    4    5.100   1.0000          evt4
182.7501    0    0.850   1.0000          NULL 
183.6001    6    5.100   1.0000          evt6
188.7001    0    0.850   1.0000          NULL 
189.5501    4    5.100   1.0000          evt4
194.6501    0    1.700   1.0000          NULL 
196.3501    4    5.100   1.0000          evt4
201.4501    0    1.700   1.0000          NULL 
203.1501    1    5.100   1.0000          evt1
208.2501    0    0.850   1.0000          NULL 
209.1001    4    5.100   1.0000          evt4
214.2001    0    0.850   1.0000          NULL 
215.0501    4    5.100   1.0000          evt4
220.1501    0    1.700   1.0000          NULL 
221.8502    2    5.100   1.0000          evt2
226.9502    0    0.850   1.0000          NULL 
227.8002    1    5.100   1.0000          evt1
232.9002    0    3.400   1.0000          NULL 
236.3002    6    5.100   1.0000          evt6
241.4002    0    4.250   1.0000          NULL 
245.6502    1    5.100   1.0000          evt1
250.7502    0    3.400   1.0000          NULL 
254.1503    5    5.100   1.0000          evt5
259.2503    0    0.850   1.0000          NULL 
260.1003    2    5.100   1.0000          evt2
265.2003    0    1.700   1.0000          NULL 
266.9003    6    5.100   1.0000          evt6
272.0003    0    0.850   1.0000          NULL 
272.8503    4    5.100   1.0000          evt4
277.9503    0    1.700   1.0000          NULL 
279.6503    3    5.100   1.0000          evt3
284.7503    0    3.400   1.0000          NULL 
288.1504    4    5.100   1.0000          evt4
293.2504    0    1.700   1.0000          NULL 
294.9504    3    5.100   1.0000          evt3
300.0504    0    1.700   1.0000          NULL 
301.7504    1    5.100   1.0000          evt1
306.8504    1    5.100   1.0000          evt1
311.9504    0    3.400   1.0000          NULL 
315.3504    4    5.100   1.0000          evt4
320.4504    0    0.850   1.0000          NULL 
321.3004    6    5.100   1.0000          evt6
326.4005    0    0.850   1.0000          NULL 
327.2505    1    5.100   1.0000          evt1
332.3505    0    1.700   1.0000          NULL 
334.0505    4    5.100   1.0000          evt4
339.1505    0    1.700   1.0000          NULL 
340.8505    3    5.100   1.0000          evt3
345.9505    0    1.700   1.0000          NULL 
347.6505    6    5.100   1.0000          evt6
352.7505    0    1.700   1.0000          NULL 
354.4505    3    5.100   1.0000          evt3
359.5505    0    0.849   1.0000          NULL 
