  0.0000    6    5.100   1.0000          evt6
  5.1000    0    1.700   1.0000          NULL 
  6.8000    1    5.100   1.0000          evt1
 11.9000    3    5.100   1.0000          evt3
 17.0000    0    3.400   1.0000          NULL 
 20.4000    4    5.100   1.0000          evt4
 25.5000    1    5.100   1.0000          evt1
 30.6000    0    1.700   1.0000          NULL 
 32.3000    6    5.100   1.0000          evt6
 37.4000    0    2.550   1.0000          NULL 
 39.9500    3    5.100   1.0000          evt3
 45.0500    0    0.850   1.0000          NULL 
 45.9000    2    5.100   1.0000          evt2
 51.0000    0    0.850   1.0000          NULL 
 51.8500    3    5.100   1.0000          evt3
 56.9500    0    3.400   1.0000          NULL 
 60.3500    3    5.100   1.0000          evt3
 65.4500    0    2.550   1.0000          NULL 
 68.0000    6    5.100   1.0000          evt6
 73.1000    0    1.700   1.0000          NULL 
 74.8000    3    5.100   1.0000          evt3
 79.9000    3    5.100   1.0000          evt3
 85.0000    0    0.850   1.0000          NULL 
 85.8500    1    5.100   1.0000          evt1
 90.9500    6    5.100   1.0000          evt6
 96.0500    3    5.100   1.0000          evt3
101.1500    1    5.100   1.0000          evt1
106.2500    1    5.100   1.0000          evt1
111.3500    3    5.100   1.0000          evt3
116.4500    0    0.850   1.0000          NULL 
117.3000    3    5.100   1.0000          evt3
122.4000    0    0.850   1.0000          NULL 
123.2500    4    5.100   1.0000          evt4
128.3500    0    0.850   1.0000          NULL 
129.2000    6    5.100   1.0000          evt6
134.3000    1    5.100   1.0000          evt1
139.4000    4    5.100   1.0000          evt4
144.5000    0    3.400   1.0000          NULL 
147.9000    6    5.100   1.0000          evt6
153.0000    0    0.850   1.0000          NULL 
153.8500    4    5.100   1.0000          evt4
158.9500    0    0.850   1.0000          NULL 
159.8000    4    5.100   1.0000          evt4
164.9000    0    0.850   1.0000          NULL 
165.7500    1    5.100   1.0000          evt1
170.8501    0    1.700   1.0000          NULL 
172.5501    4    5.100   1.0000          evt4
177.6501    1    5.100   1.0000          evt1
182.7501    0    0.850   1.0000          NULL 
183.6001    1    5.100   1.0000          evt1
188.7001    0    3.400   1.0000          NULL 
192.1001    5    5.100   1.0000          evt5
197.2001    0    1.700   1.0000          NULL 
198.9001    2    5.100   1.0000          evt2
204.0001    0    5.100   1.0000          NULL 
209.1002    2    5.100   1.0000          evt2
214.2002    0    0.850   1.0000          NULL 
215.0502    4    5.100   1.0000          evt4
220.1502    0    5.100   1.0000          NULL 
225.2502    6    5.100   1.0000          evt6
230.3502    0    0.850   1.0000          NULL 
231.2002    1    5.100   1.0000          evt1
236.3002    0    4.250   1.0000          NULL 
240.5503    6    5.100   1.0000          evt6
245.6503    0    5.100   1.0000          NULL 
250.7503    5    5.100   1.0000          evt5
255.8503    2    5.100   1.0000          evt2
260.9503    0    2.550   1.0000          NULL 
263.5003    4    5.100   1.0000          evt4
268.6003    3    5.100   1.0000          evt3
273.7003    0    2.550   1.0000          NULL 
276.2504    6    5.100   1.0000          evt6
281.3504    0    0.850   1.0000          NULL 
282.2004    4    5.100   1.0000          evt4
287.3004    4    5.100   1.0000          evt4
292.4004    0    2.550   1.0000          NULL 
294.9504    5    5.100   1.0000          evt5
300.0504    6    5.100   1.0000          evt6
305.1504    0    0.850   1.0000          NULL 
306.0004    3    5.100   1.0000          evt3
311.1004    5    5.100   1.0000          evt5
316.2004    2    5.100   1.0000          evt2
321.3004    0    1.700   1.0000          NULL 
323.0005    1    5.100   1.0000          evt1
328.1005    0    1.700   1.0000          NULL 
329.8005    4    5.100   1.0000          evt4
334.9005    0    1.700   1.0000          NULL 
336.6005    6    5.100   1.0000          evt6
341.7005    0    0.850   1.0000          NULL 
342.5505    5    5.100   1.0000          evt5
347.6505    0   12.750   1.0000          NULL 
