  0.0000    1    5.100   1.0000          evt1
  5.1000    0    0.850   1.0000          NULL 
  5.9500    6    5.100   1.0000          evt6
 11.0500    0    0.850   1.0000          NULL 
 11.9000    3    5.100   1.0000          evt3
 17.0000    6    5.100   1.0000          evt6
 22.1000    4    5.100   1.0000          evt4
 27.2000    1    5.100   1.0000          evt1
 32.3000    0    1.700   1.0000          NULL 
 34.0000    4    5.100   1.0000          evt4
 39.1000    0    0.850   1.0000          NULL 
 39.9500    6    5.100   1.0000          evt6
 45.0500    4    5.100   1.0000          evt4
 50.1500    0    0.850   1.0000          NULL 
 51.0000    2    5.100   1.0000          evt2
 56.1000    0    1.700   1.0000          NULL 
 57.8000    4    5.100   1.0000          evt4
 62.9000    0    0.850   1.0000          NULL 
 63.7500    2    5.100   1.0000          evt2
 68.8500    0    4.250   1.0000          NULL 
 73.1000    3    5.100   1.0000          evt3
 78.2000    0    0.850   1.0000          NULL 
 79.0500    4    5.100   1.0000          evt4
 84.1500    0    4.250   1.0000          NULL 
 88.4000    3    5.100   1.0000          evt3
 93.5000    0    0.850   1.0000          NULL 
 94.3500    3    5.100   1.0000          evt3
 99.4500    0    5.950   1.0000          NULL 
105.3999    5    5.100   1.0000          evt5
110.4999    0    0.850   1.0000          NULL 
111.3499    2    5.100   1.0000          evt2
116.4499    0    1.700   1.0000          NULL 
118.1499    1    5.100   1.0000          evt1
123.2499    6    5.100   1.0000          evt6
128.3499    0    0.850   1.0000          NULL 
129.2000    3    5.100   1.0000          evt3
134.3000    0    4.250   1.0000          NULL 
138.5500    3    5.100   1.0000          evt3
143.6500    0    0.850   1.0000          NULL 
144.5000    1    5.100   1.0000          evt1
149.6000    4    5.100   1.0000          evt4
154.7000    0    6.800   1.0000          NULL 
161.5001    1    5.100   1.0000          evt1
166.6001    4    5.100   1.0000          evt4
171.7001    0   11.900   1.0000          NULL 
183.6002    6    5.100   1.0000          evt6
188.7002    0    0.850   1.0000          NULL 
189.5502    4    5.100   1.0000          evt4
194.6502    0    4.250   1.0000          NULL 
198.9002    2    5.100   1.0000          evt2
204.0002    3    5.100   1.0000          evt3
209.1002    0    2.550   1.0000          NULL 
211.6502    2    5.100   1.0000          evt2
216.7502    0    1.700   1.0000          NULL 
218.4503    5    5.100   1.0000          evt5
223.5503    0    0.850   1.0000          NULL 
224.4003    1    5.100   1.0000          evt1
229.5003    0    3.400   1.0000          NULL 
232.9003    1    5.100   1.0000          evt1
238.0003    0    0.850   1.0000          NULL 
238.8503    1    5.100   1.0000          evt1
243.9503    5    5.100   1.0000          evt5
249.0503    5    5.100   1.0000          evt5
254.1503    0    2.550   1.0000          NULL 
256.7003    6    5.100   1.0000          evt6
261.8004    0    0.850   1.0000          NULL 
262.6504    6    5.100   1.0000          evt6
267.7504    0    0.850   1.0000          NULL 
268.6004    1    5.100   1.0000          evt1
273.7004    0    2.550   1.0000          NULL 
276.2504    3    5.100   1.0000          evt3
281.3504    4    5.100   1.0000          evt4
286.4504    4    5.100   1.0000          evt4
291.5504    6    5.100   1.0000          evt6
296.6504    0    5.950   1.0000          NULL 
302.6005    3    5.100   1.0000          evt3
307.7005    6    5.100   1.0000          evt6
312.8005    3    5.100   1.0000          evt3
317.9005    0    0.850   1.0000          NULL 
318.7505    6    5.100   1.0000          evt6
323.8505    5    5.100   1.0000          evt5
328.9505    0    3.400   1.0000          NULL 
332.3505    1    5.100   1.0000          evt1
337.4505    4    5.100   1.0000          evt4
342.5505    0    0.850   1.0000          NULL 
343.4005    6    5.100   1.0000          evt6
348.5005    0    1.700   1.0000          NULL 
350.2006    1    5.100   1.0000          evt1
355.3006    3    5.100   1.0000          evt3
