  0.0000    4    5.100   1.0000          evt4
  5.1000    0    5.100   1.0000          NULL 
 10.2000    1    5.100   1.0000          evt1
 15.3000    1    5.100   1.0000          evt1
 20.4000    3    5.100   1.0000          evt3
 25.5000    0    0.850   1.0000          NULL 
 26.3500    3    5.100   1.0000          evt3
 31.4500    6    5.100   1.0000          evt6
 36.5500    0    0.850   1.0000          NULL 
 37.4000    1    5.100   1.0000          evt1
 42.5000    5    5.100   1.0000          evt5
 47.6000    4    5.100   1.0000          evt4
 52.7000    2    5.100   1.0000          evt2
 57.8000    0    0.850   1.0000          NULL 
 58.6500    5    5.100   1.0000          evt5
 63.7500    0    0.850   1.0000          NULL 
 64.6000    6    5.100   1.0000          evt6
 69.7000    0    0.850   1.0000          NULL 
 70.5500    4    5.100   1.0000          evt4
 75.6500    0    2.550   1.0000          NULL 
 78.2000    1    5.100   1.0000          evt1
 83.3000    0    2.550   1.0000          NULL 
 85.8500    1    5.100   1.0000          evt1
 90.9500    2    5.100   1.0000          evt2
 96.0500    0    0.850   1.0000          NULL 
 96.9000    5    5.100   1.0000          evt5
102.0000    1    5.100   1.0000          evt1
107.1000    0    1.700   1.0000          NULL 
108.8000    6    5.100   1.0000          evt6
113.9000    0    1.700   1.0000          NULL 
115.6000    1    5.100   1.0000          evt1
120.7000    4    5.100   1.0000          evt4
125.8000    0    2.550   1.0000          NULL 
128.3500    2    5.100   1.0000          evt2
133.4500    0    0.850   1.0000          NULL 
134.3000    4    5.100   1.0000          evt4
139.4000    0    0.850   1.0000          NULL 
140.2500    4    5.100   1.0000          evt4
145.3500    0    1.700   1.0000          NULL 
147.0500    3    5.100   1.0000          evt3
152.1500    0   14.450   1.0000          NULL 
166.6001    6    5.100   1.0000          evt6
171.7001    0    4.250   1.0000          NULL 
175.9501    2    5.100   1.0000          evt2
181.0502    0    0.850   1.0000          NULL 
181.9002    6    5.100   1.0000          evt6
187.0002    3    5.100   1.0000          evt3
192.1002    0    2.550   1.0000          NULL 
194.6502    1    5.100   1.0000          evt1
199.7502    0    1.700   1.0000          NULL 
201.4502    6    5.100   1.0000          evt6
206.5502    1    5.100   1.0000          evt1
211.6502    0    4.250   1.0000          NULL 
215.9003    6    5.100   1.0000          evt6
221.0003    0    1.700   1.0000          NULL 
222.7003    5    5.100   1.0000          evt5
227.8003    0    0.850   1.0000          NULL 
228.6503    4    5.100   1.0000          evt4
233.7503    6    5.100   1.0000          evt6
238.8503    0    1.700   1.0000          NULL 
240.5503    2    5.100   1.0000          evt2
245.6503    0    1.700   1.0000          NULL 
247.3503    4    5.100   1.0000          evt4
252.4503    0    0.850   1.0000          NULL 
253.3003    1    5.100   1.0000          evt1
258.4003    3    5.100   1.0000          evt3
263.5003    0    5.100   1.0000          NULL 
268.6004    3    5.100   1.0000          evt3
273.7004    0    5.100   1.0000          NULL 
278.8004    6    5.100   1.0000          evt6
283.9004    0    2.550   1.0000          NULL 
286.4504    3    5.100   1.0000          evt3
291.5504    6    5.100   1.0000          evt6
296.6505    0    1.700   1.0000          NULL 
298.3505    4    5.100   1.0000          evt4
303.4505    3    5.100   1.0000          evt3
308.5505    4    5.100   1.0000          evt4
313.6505    3    5.100   1.0000          evt3
318.7505    4    5.100   1.0000          evt4
323.8505    0    0.850   1.0000          NULL 
324.7005    1    5.100   1.0000          evt1
329.8005    0    1.700   1.0000          NULL 
331.5005    6    5.100   1.0000          evt6
336.6005    0    3.400   1.0000          NULL 
340.0005    3    5.100   1.0000          evt3
345.1006    0    2.550   1.0000          NULL 
347.6506    3    5.100   1.0000          evt3
352.7506    0    0.850   1.0000          NULL 
353.6006    5    5.100   1.0000          evt5
358.7006    0    1.699   1.0000          NULL 
