  0.0000    1    5.100   1.0000          evt1
  5.1000    2    5.100   1.0000          evt2
 10.2000    5    5.100   1.0000          evt5
 15.3000    0    0.850   1.0000          NULL 
 16.1500    1    5.100   1.0000          evt1
 21.2500    6    5.100   1.0000          evt6
 26.3500    4    5.100   1.0000          evt4
 31.4500    0    2.550   1.0000          NULL 
 34.0000    5    5.100   1.0000          evt5
 39.1000    0    7.650   1.0000          NULL 
 46.7500    2    5.100   1.0000          evt2
 51.8500    0    2.550   1.0000          NULL 
 54.4000    1    5.100   1.0000          evt1
 59.5000    0    2.550   1.0000          NULL 
 62.0500    2    5.100   1.0000          evt2
 67.1500    0    1.700   1.0000          NULL 
 68.8500    2    5.100   1.0000          evt2
 73.9500    0    1.700   1.0000          NULL 
 75.6500    6    5.100   1.0000          evt6
 80.7500    0    0.850   1.0000          NULL 
 81.6000    4    5.100   1.0000          evt4
 86.7000    0    2.550   1.0000          NULL 
 89.2500    6    5.100   1.0000          evt6
 94.3500    0    0.850   1.0000          NULL 
 95.2000    6    5.100   1.0000          evt6
100.2999    4    5.100   1.0000          evt4
105.3999    0    0.850   1.0000          NULL 
106.2499    3    5.100   1.0000          evt3
111.3499    1    5.100   1.0000          evt1
116.4499    0    2.550   1.0000          NULL 
118.9999    4    5.100   1.0000          evt4
124.0999    0    4.250   1.0000          NULL 
128.3499    3    5.100   1.0000          evt3
133.4499    3    5.100   1.0000          evt3
138.5499    0    1.700   1.0000          NULL 
140.2500    3    5.100   1.0000          evt3
145.3500    0    0.850   1.0000          NULL 
146.2000    3    5.100   1.0000          evt3
151.3000    3    5.100   1.0000          evt3
156.4000    0    0.850   1.0000          NULL 
157.2500    4    5.100   1.0000          evt4
162.3500    0    1.700   1.0000          NULL 
164.0500    3    5.100   1.0000          evt3
169.1500    0    0.850   1.0000          NULL 
170.0000    6    5.100   1.0000          evt6
175.1000    0    0.850   1.0000          NULL 
175.9500    4    5.100   1.0000          evt4
181.0500    0    5.100   1.0000          NULL 
186.1501    5    5.100   1.0000          evt5
191.2501    0    0.850   1.0000          NULL 
192.1001    5    5.100   1.0000          evt5
197.2001    1    5.100   1.0000          evt1
202.3001    3    5.100   1.0000          evt3
207.4001    0    1.700   1.0000          NULL 
209.1001    6    5.100   1.0000          evt6
214.2001    0    5.100   1.0000          NULL 
219.3002    1    5.100   1.0000          evt1
224.4002    1    5.100   1.0000          evt1
229.5002    0    0.850   1.0000          NULL 
230.3502    2    5.100   1.0000          evt2
235.4502    4    5.100   1.0000          evt4
240.5502    3    5.100   1.0000          evt3
245.6502    0    2.550   1.0000          NULL 
248.2002    3    5.100   1.0000          evt3
253.3002    0    4.250   1.0000          NULL 
257.5502    1    5.100   1.0000          evt1
262.6502    0    0.850   1.0000          NULL 
263.5002    4    5.100   1.0000          evt4
268.6003    4    5.100   1.0000          evt4
273.7003    6    5.100   1.0000          evt6
278.8003    0    0.850   1.0000          NULL 
279.6503    6    5.100   1.0000          evt6
284.7503    0    7.650   1.0000          NULL 
292.4003    6    5.100   1.0000          evt6
297.5003    1    5.100   1.0000          evt1
302.6003    0    2.550   1.0000          NULL 
305.1504    1    5.100   1.0000          evt1
310.2504    6    5.100   1.0000          evt6
315.3504    6    5.100   1.0000          evt6
320.4504    4    5.100   1.0000          evt4
325.5504    0    5.100   1.0000          NULL 
330.6504    4    5.100   1.0000          evt4
335.7504    0    2.550   1.0000          NULL 
338.3004    3    5.100   1.0000          evt3
343.4005    0    4.250   1.0000          NULL 
347.6505    1    5.100   1.0000          evt1
352.7505    5    5.100   1.0000          evt5
357.8505    0    2.550   1.0000          NULL 
