  0.0000    5    5.100   1.0000          evt5
  5.1000    0    2.550   1.0000          NULL 
  7.6500    1    5.100   1.0000          evt1
 12.7500    0    0.850   1.0000          NULL 
 13.6000    4    5.100   1.0000          evt4
 18.7000    0    0.850   1.0000          NULL 
 19.5500    1    5.100   1.0000          evt1
 24.6500    0    3.400   1.0000          NULL 
 28.0500    4    5.100   1.0000          evt4
 33.1500    0    0.850   1.0000          NULL 
 34.0000    3    5.100   1.0000          evt3
 39.1000    0    1.700   1.0000          NULL 
 40.8000    1    5.100   1.0000          evt1
 45.9000    0    0.850   1.0000          NULL 
 46.7500    1    5.100   1.0000          evt1
 51.8500    0    3.400   1.0000          NULL 
 55.2500    3    5.100   1.0000          evt3
 60.3500    0    0.850   1.0000          NULL 
 61.2000    4    5.100   1.0000          evt4
 66.3000    0    0.850   1.0000          NULL 
 67.1500    6    5.100   1.0000          evt6
 72.2500    0    1.700   1.0000          NULL 
 73.9500    4    5.100   1.0000          evt4
 79.0500    0    1.700   1.0000          NULL 
 80.7500    6    5.100   1.0000          evt6
 85.8500    0    2.550   1.0000          NULL 
 88.4000    4    5.100   1.0000          evt4
 93.5000    0    1.700   1.0000          NULL 
 95.2000    4    5.100   1.0000          evt4
100.3000    0    1.700   1.0000          NULL 
102.0000    6    5.100   1.0000          evt6
107.1000    0    0.850   1.0000          NULL 
107.9500    3    5.100   1.0000          evt3
113.0499    0    0.850   1.0000          NULL 
113.8999    4    5.100   1.0000          evt4
118.9999    0    1.700   1.0000          NULL 
120.6999    6    5.100   1.0000          evt6
125.7999    0    1.700   1.0000          NULL 
127.4999    4    5.100   1.0000          evt4
132.5999    0    0.850   1.0000          NULL 
133.4500    4    5.100   1.0000          evt4
138.5500    0    0.850   1.0000          NULL 
139.4000    6    5.100   1.0000          evt6
144.5000    0    3.400   1.0000          NULL 
147.9000    6    5.100   1.0000          evt6
153.0000    0    0.850   1.0000          NULL 
153.8500    1    5.100   1.0000          evt1
158.9500    0    0.850   1.0000          NULL 
159.8000    5    5.100   1.0000          evt5
164.9000    0    0.850   1.0000          NULL 
165.7500    6    5.100   1.0000          evt6
170.8500    0    1.700   1.0000          NULL 
172.5500    2    5.100   1.0000          evt2
177.6501    0    0.850   1.0000          NULL 
178.5001    3    5.100   1.0000          evt3
183.6001    0    0.850   1.0000          NULL 
184.4501    3    5.100   1.0000          evt3
189.5501    0    0.850   1.0000          NULL 
190.4001    1    5.100   1.0000          evt1
195.5001    0    0.850   1.0000          NULL 
196.3501    5    5.100   1.0000          evt5
201.4501    0    0.850   1.0000          NULL 
202.3001    2    5.100   1.0000          evt2
207.4001    0    1.700   1.0000          NULL 
209.1001    3    5.100   1.0000          evt3
214.2001    0    2.550   1.0000          NULL 
216.7502    4    5.100   1.0000          evt4
221.8502    0    1.700   1.0000          NULL 
223.5502    1    5.100   1.0000          evt1
228.6502    0    0.850   1.0000          NULL 
229.5002    1    5.100   1.0000          evt1
234.6002    0    4.250   1.0000          NULL 
238.8502    1    5.100   1.0000          evt1
243.9502    0    0.850   1.0000          NULL 
244.8002    5    5.100   1.0000          evt5
249.9002    0    0.850   1.0000          NULL 
250.7502    6    5.100   1.0000          evt6
255.8503    0    0.850   1.0000          NULL 
256.7003    3    5.100   1.0000          evt3
261.8003    0    1.700   1.0000          NULL 
263.5003    4    5.100   1.0000          evt4
268.6003    0    6.800   1.0000          NULL 
275.4003    6    5.100   1.0000          evt6
280.5003    0    0.850   1.0000          NULL 
281.3503    3    5.100   1.0000          evt3
286.4503    0    1.700   1.0000          NULL 
288.1504    6    5.100   1.0000          evt6
293.2504    0    0.850   1.0000          NULL 
294.1004    1    5.100   1.0000          evt1
299.2004    0    0.850   1.0000          NULL 
300.0504    3    5.100   1.0000          evt3
305.1504    0    1.700   1.0000          NULL 
306.8504    2    5.100   1.0000          evt2
311.9504    0    0.850   1.0000          NULL 
312.8004    3    5.100   1.0000          evt3
317.9004    0    0.850   1.0000          NULL 
318.7504    2    5.100   1.0000          evt2
323.8504    0    2.550   1.0000          NULL 
326.4005    3    5.100   1.0000          evt3
331.5005    0    2.550   1.0000          NULL 
334.0505    1    5.100   1.0000          evt1
339.1505    0    3.400   1.0000          NULL 
342.5505    6    5.100   1.0000          evt6
347.6505    0    0.850   1.0000          NULL 
348.5005    5    5.100   1.0000          evt5
353.6005    0    0.850   1.0000          NULL 
354.4505    2    5.100   1.0000          evt2
359.5505    0    0.849   1.0000          NULL 
