  0.0000    1    5.100   1.0000          evt1
  5.1000    0    0.850   1.0000          NULL 
  5.9500    1    5.100   1.0000          evt1
 11.0500    0    1.700   1.0000          NULL 
 12.7500    4    5.100   1.0000          evt4
 17.8500    0    0.850   1.0000          NULL 
 18.7000    3    5.100   1.0000          evt3
 23.8000    0    0.850   1.0000          NULL 
 24.6500    4    5.100   1.0000          evt4
 29.7500    0    0.850   1.0000          NULL 
 30.6000    3    5.100   1.0000          evt3
 35.7000    0    0.850   1.0000          NULL 
 36.5500    5    5.100   1.0000          evt5
 41.6500    0    1.700   1.0000          NULL 
 43.3500    1    5.100   1.0000          evt1
 48.4500    0    1.700   1.0000          NULL 
 50.1500    4    5.100   1.0000          evt4
 55.2500    0    2.550   1.0000          NULL 
 57.8000    2    5.100   1.0000          evt2
 62.9000    0    0.850   1.0000          NULL 
 63.7500    3    5.100   1.0000          evt3
 68.8500    0    0.850   1.0000          NULL 
 69.7000    4    5.100   1.0000          evt4
 74.8000    0    0.850   1.0000          NULL 
 75.6500    5    5.100   1.0000          evt5
 80.7500    0    0.850   1.0000          NULL 
 81.6000    1    5.100   1.0000          evt1
 86.7000    0    0.850   1.0000          NULL 
 87.5500    6    5.100   1.0000          evt6
 92.6500    0    0.850   1.0000          NULL 
 93.5000    6    5.100   1.0000          evt6
 98.6000    0    0.850   1.0000          NULL 
 99.4500    1    5.100   1.0000          evt1
104.5500    0    0.850   1.0000          NULL 
105.4000    4    5.100   1.0000          evt4
110.5000    0    0.850   1.0000          NULL 
111.3500    5    5.100   1.0000          evt5
116.4500    0    0.850   1.0000          NULL 
117.3000    5    5.100   1.0000          evt5
122.4000    0    1.700   1.0000          NULL 
124.1000    1    5.100   1.0000          evt1
129.2000    0    0.850   1.0000          NULL 
130.0500    2    5.100   1.0000          evt2
135.1500    0    2.550   1.0000          NULL 
137.7000    6    5.100   1.0000          evt6
142.8000    0    1.700   1.0000          NULL 
144.5000    1    5.100   1.0000          evt1
149.6000    0    0.850   1.0000          NULL 
150.4500    3    5.100   1.0000          evt3
155.5500    0    6.800   1.0000          NULL 
162.3501    4    5.100   1.0000          evt4
167.4501    0    1.700   1.0000          NULL 
169.1501    3    5.100   1.0000          evt3
174.2501    0    2.550   1.0000          NULL 
176.8001    6    5.100   1.0000          evt6
181.9001    0    1.700   1.0000          NULL 
183.6001    2    5.100   1.0000          evt2
188.7001    0    1.700   1.0000          NULL 
190.4001    4    5.100   1.0000          evt4
195.5002    0    3.400   1.0000          NULL 
198.9002    1    5.100   1.0000          evt1
204.0002    0    1.700   1.0000          NULL 
205.7002    3    5.100   1.0000          evt3
210.8002    0    1.700   1.0000          NULL 
212.5002    3    5.100   1.0000          evt3
217.6002    0    2.550   1.0000          NULL 
220.1502    1    5.100   1.0000          evt1
225.2502    0    0.850   1.0000          NULL 
226.1003    6    5.100   1.0000          evt6
231.2003    0    1.700   1.0000          NULL 
232.9003    6    5.100   1.0000          evt6
238.0003    0    0.850   1.0000          NULL 
238.8503    4    5.100   1.0000          evt4
243.9503    0    0.850   1.0000          NULL 
244.8003    2    5.100   1.0000          evt2
249.9003    0    0.850   1.0000          NULL 
250.7503    4    5.100   1.0000          evt4
255.8503    0    0.850   1.0000          NULL 
256.7003    4    5.100   1.0000          evt4
261.8003    0    0.850   1.0000          NULL 
262.6503    6    5.100   1.0000          evt6
267.7503    0    2.550   1.0000          NULL 
270.3004    3    5.100   1.0000          evt3
275.4004    0    0.850   1.0000          NULL 
276.2504    6    5.100   1.0000          evt6
281.3504    0    0.850   1.0000          NULL 
282.2004    4    5.100   1.0000          evt4
287.3004    0    0.850   1.0000          NULL 
288.1504    6    5.100   1.0000          evt6
293.2504    0    0.850   1.0000          NULL 
294.1004    1    5.100   1.0000          evt1
299.2004    0    0.850   1.0000          NULL 
300.0504    3    5.100   1.0000          evt3
305.1504    0    0.850   1.0000          NULL 
306.0004    2    5.100   1.0000          evt2
311.1004    0    3.400   1.0000          NULL 
314.5005    6    5.100   1.0000          evt6
319.6005    0    0.850   1.0000          NULL 
320.4505    3    5.100   1.0000          evt3
325.5505    0    2.550   1.0000          NULL 
328.1005    3    5.100   1.0000          evt3
333.2005    0    7.650   1.0000          NULL 
340.8506    6    5.100   1.0000          evt6
345.9506    0    0.850   1.0000          NULL 
346.8006    5    5.100   1.0000          evt5
351.9006    0    0.850   1.0000          NULL 
352.7506    1    5.100   1.0000          evt1
357.8506    0    2.549   1.0000          NULL 
