  0.0000    3    5.100   1.0000          evt3
  5.1000    0    1.700   1.0000          NULL 
  6.8000    3    5.100   1.0000          evt3
 11.9000    0    0.850   1.0000          NULL 
 12.7500    5    5.100   1.0000          evt5
 17.8500    0    1.700   1.0000          NULL 
 19.5500    4    5.100   1.0000          evt4
 24.6500    0    1.700   1.0000          NULL 
 26.3500    4    5.100   1.0000          evt4
 31.4500    0    3.400   1.0000          NULL 
 34.8500    1    5.100   1.0000          evt1
 39.9500    0    1.700   1.0000          NULL 
 41.6500    6    5.100   1.0000          evt6
 46.7500    0    0.850   1.0000          NULL 
 47.6000    6    5.100   1.0000          evt6
 52.7000    0    1.700   1.0000          NULL 
 54.4000    6    5.100   1.0000          evt6
 59.5000    0    0.850   1.0000          NULL 
 60.3500    3    5.100   1.0000          evt3
 65.4500    0    0.850   1.0000          NULL 
 66.3000    6    5.100   1.0000          evt6
 71.4000    0    1.700   1.0000          NULL 
 73.1000    4    5.100   1.0000          evt4
 78.2000    0    1.700   1.0000          NULL 
 79.9000    3    5.100   1.0000          evt3
 85.0000    0    3.400   1.0000          NULL 
 88.4000    6    5.100   1.0000          evt6
 93.5000    0    0.850   1.0000          NULL 
 94.3500    3    5.100   1.0000          evt3
 99.4500    0    0.850   1.0000          NULL 
100.3000    2    5.100   1.0000          evt2
105.4000    0    0.850   1.0000          NULL 
106.2500    1    5.100   1.0000          evt1
111.3500    0    1.700   1.0000          NULL 
113.0499    3    5.100   1.0000          evt3
118.1499    0    2.550   1.0000          NULL 
120.6999    4    5.100   1.0000          evt4
125.7999    0    1.700   1.0000          NULL 
127.4999    6    5.100   1.0000          evt6
132.5999    0    0.850   1.0000          NULL 
133.4500    2    5.100   1.0000          evt2
138.5500    0    0.850   1.0000          NULL 
139.4000    5    5.100   1.0000          evt5
144.5000    0    1.700   1.0000          NULL 
146.2000    2    5.100   1.0000          evt2
151.3000    0    1.700   1.0000          NULL 
153.0000    6    5.100   1.0000          evt6
158.1000    0    0.850   1.0000          NULL 
158.9500    5    5.100   1.0000          evt5
164.0500    0    0.850   1.0000          NULL 
164.9000    4    5.100   1.0000          evt4
170.0000    0    5.100   1.0000          NULL 
175.1001    1    5.100   1.0000          evt1
180.2001    0    2.550   1.0000          NULL 
182.7501    1    5.100   1.0000          evt1
187.8501    0    2.550   1.0000          NULL 
190.4001    4    5.100   1.0000          evt4
195.5001    0    0.850   1.0000          NULL 
196.3501    6    5.100   1.0000          evt6
201.4501    0    1.700   1.0000          NULL 
203.1501    3    5.100   1.0000          evt3
208.2502    0    2.550   1.0000          NULL 
210.8002    2    5.100   1.0000          evt2
215.9002    0    0.850   1.0000          NULL 
216.7502    1    5.100   1.0000          evt1
221.8502    0    0.850   1.0000          NULL 
222.7002    1    5.100   1.0000          evt1
227.8002    0    0.850   1.0000          NULL 
228.6502    1    5.100   1.0000          evt1
233.7502    0    0.850   1.0000          NULL 
234.6002    6    5.100   1.0000          evt6
239.7002    0    1.700   1.0000          NULL 
241.4002    4    5.100   1.0000          evt4
246.5002    0    0.850   1.0000          NULL 
247.3503    4    5.100   1.0000          evt4
252.4503    0    0.850   1.0000          NULL 
253.3003    1    5.100   1.0000          evt1
258.4003    0    2.550   1.0000          NULL 
260.9503    6    5.100   1.0000          evt6
266.0503    0    0.850   1.0000          NULL 
266.9003    1    5.100   1.0000          evt1
272.0003    0    0.850   1.0000          NULL 
272.8503    6    5.100   1.0000          evt6
277.9503    0    0.850   1.0000          NULL 
278.8003    4    5.100   1.0000          evt4
283.9003    0    0.850   1.0000          NULL 
284.7503    5    5.100   1.0000          evt5
289.8503    0    0.850   1.0000          NULL 
290.7003    2    5.100   1.0000          evt2
295.8004    0    0.850   1.0000          NULL 
296.6504    3    5.100   1.0000          evt3
301.7504    0    3.400   1.0000          NULL 
305.1504    3    5.100   1.0000          evt3
310.2504    0    1.700   1.0000          NULL 
311.9504    3    5.100   1.0000          evt3
317.0504    0    1.700   1.0000          NULL 
318.7504    4    5.100   1.0000          evt4
323.8504    0    0.850   1.0000          NULL 
324.7004    3    5.100   1.0000          evt3
329.8004    0    0.850   1.0000          NULL 
330.6505    4    5.100   1.0000          evt4
335.7505    0    1.700   1.0000          NULL 
337.4505    1    5.100   1.0000          evt1
342.5505    0    2.550   1.0000          NULL 
345.1005    1    5.100   1.0000          evt1
350.2005    0    2.550   1.0000          NULL 
352.7505    5    5.100   1.0000          evt5
357.8505    0    2.549   1.0000          NULL 
