  0.0000    5    5.100   1.0000          evt5
  5.1000    0    0.850   1.0000          NULL 
  5.9500    1    5.100   1.0000          evt1
 11.0500    0    0.850   1.0000          NULL 
 11.9000    3    5.100   1.0000          evt3
 17.0000    0    2.550   1.0000          NULL 
 19.5500    4    5.100   1.0000          evt4
 24.6500    0    1.700   1.0000          NULL 
 26.3500    3    5.100   1.0000          evt3
 31.4500    0    0.850   1.0000          NULL 
 32.3000    1    5.100   1.0000          evt1
 37.4000    0    0.850   1.0000          NULL 
 38.2500    6    5.100   1.0000          evt6
 43.3500    0    1.700   1.0000          NULL 
 45.0500    1    5.100   1.0000          evt1
 50.1500    0    0.850   1.0000          NULL 
 51.0000    4    5.100   1.0000          evt4
 56.1000    0    0.850   1.0000          NULL 
 56.9500    2    5.100   1.0000          evt2
 62.0500    0    0.850   1.0000          NULL 
 62.9000    3    5.100   1.0000          evt3
 68.0000    0    1.700   1.0000          NULL 
 69.7000    1    5.100   1.0000          evt1
 74.8000    0    1.700   1.0000          NULL 
 76.5000    4    5.100   1.0000          evt4
 81.6000    0    0.850   1.0000          NULL 
 82.4500    1    5.100   1.0000          evt1
 87.5500    0    0.850   1.0000          NULL 
 88.4000    4    5.100   1.0000          evt4
 93.5000    0    6.800   1.0000          NULL 
100.3000    3    5.100   1.0000          evt3
105.4000    0    0.850   1.0000          NULL 
106.2500    6    5.100   1.0000          evt6
111.3500    0    1.700   1.0000          NULL 
113.0499    3    5.100   1.0000          evt3
118.1499    0    0.850   1.0000          NULL 
118.9999    2    5.100   1.0000          evt2
124.0999    0    0.850   1.0000          NULL 
124.9499    5    5.100   1.0000          evt5
130.0499    0    1.700   1.0000          NULL 
131.7500    1    5.100   1.0000          evt1
136.8500    0    0.850   1.0000          NULL 
137.7000    5    5.100   1.0000          evt5
142.8000    0    0.850   1.0000          NULL 
143.6500    3    5.100   1.0000          evt3
148.7500    0    1.700   1.0000          NULL 
150.4500    6    5.100   1.0000          evt6
155.5500    0    4.250   1.0000          NULL 
159.8000    1    5.100   1.0000          evt1
164.9000    0    4.250   1.0000          NULL 
169.1501    2    5.100   1.0000          evt2
174.2501    0    0.850   1.0000          NULL 
175.1001    4    5.100   1.0000          evt4
180.2001    0    0.850   1.0000          NULL 
181.0501    4    5.100   1.0000          evt4
186.1501    0    1.700   1.0000          NULL 
187.8501    6    5.100   1.0000          evt6
192.9501    0    0.850   1.0000          NULL 
193.8001    5    5.100   1.0000          evt5
198.9001    0    1.700   1.0000          NULL 
200.6001    3    5.100   1.0000          evt3
205.7001    0    1.700   1.0000          NULL 
207.4002    3    5.100   1.0000          evt3
212.5002    0    0.850   1.0000          NULL 
213.3502    4    5.100   1.0000          evt4
218.4502    0    4.250   1.0000          NULL 
222.7002    4    5.100   1.0000          evt4
227.8002    0    0.850   1.0000          NULL 
228.6502    6    5.100   1.0000          evt6
233.7502    0    0.850   1.0000          NULL 
234.6002    6    5.100   1.0000          evt6
239.7002    0    3.400   1.0000          NULL 
243.1003    6    5.100   1.0000          evt6
248.2003    0    0.850   1.0000          NULL 
249.0503    1    5.100   1.0000          evt1
254.1503    0    0.850   1.0000          NULL 
255.0003    1    5.100   1.0000          evt1
260.1003    0    4.250   1.0000          NULL 
264.3503    4    5.100   1.0000          evt4
269.4503    0    1.700   1.0000          NULL 
271.1503    6    5.100   1.0000          evt6
276.2503    0    0.850   1.0000          NULL 
277.1003    6    5.100   1.0000          evt6
282.2003    0    0.850   1.0000          NULL 
283.0504    3    5.100   1.0000          evt3
288.1504    0    1.700   1.0000          NULL 
289.8504    1    5.100   1.0000          evt1
294.9504    0    1.700   1.0000          NULL 
296.6504    2    5.100   1.0000          evt2
301.7504    0    0.850   1.0000          NULL 
302.6004    6    5.100   1.0000          evt6
307.7004    0    0.850   1.0000          NULL 
308.5504    2    5.100   1.0000          evt2
313.6504    0    0.850   1.0000          NULL 
314.5004    6    5.100   1.0000          evt6
319.6004    0    0.850   1.0000          NULL 
320.4504    3    5.100   1.0000          evt3
325.5504    0    0.850   1.0000          NULL 
326.4005    4    5.100   1.0000          evt4
331.5005    0    1.700   1.0000          NULL 
333.2005    5    5.100   1.0000          evt5
338.3005    0    1.700   1.0000          NULL 
340.0005    4    5.100   1.0000          evt4
345.1005    0    0.850   1.0000          NULL 
345.9505    1    5.100   1.0000          evt1
351.0505    0    1.700   1.0000          NULL 
352.7505    3    5.100   1.0000          evt3
357.8505    0    2.549   1.0000          NULL 
