  0.0000    4    5.100   1.0000          evt4
  5.1000    0    0.850   1.0000          NULL 
  5.9500    2    5.100   1.0000          evt2
 11.0500    0    3.400   1.0000          NULL 
 14.4500    1    5.100   1.0000          evt1
 19.5500    0    2.550   1.0000          NULL 
 22.1000    6    5.100   1.0000          evt6
 27.2000    0    0.850   1.0000          NULL 
 28.0500    2    5.100   1.0000          evt2
 33.1500    0    0.850   1.0000          NULL 
 34.0000    1    5.100   1.0000          evt1
 39.1000    0    1.700   1.0000          NULL 
 40.8000    1    5.100   1.0000          evt1
 45.9000    0    0.850   1.0000          NULL 
 46.7500    3    5.100   1.0000          evt3
 51.8500    0    1.700   1.0000          NULL 
 53.5500    6    5.100   1.0000          evt6
 58.6500    0    2.550   1.0000          NULL 
 61.2000    3    5.100   1.0000          evt3
 66.3000    0    0.850   1.0000          NULL 
 67.1500    3    5.100   1.0000          evt3
 72.2500    0    0.850   1.0000          NULL 
 73.1000    6    5.100   1.0000          evt6
 78.2000    0    0.850   1.0000          NULL 
 79.0500    1    5.100   1.0000          evt1
 84.1500    0    0.850   1.0000          NULL 
 85.0000    5    5.100   1.0000          evt5
 90.1000    0    0.850   1.0000          NULL 
 90.9500    4    5.100   1.0000          evt4
 96.0500    0    1.700   1.0000          NULL 
 97.7500    4    5.100   1.0000          evt4
102.8500    0    0.850   1.0000          NULL 
103.7000    4    5.100   1.0000          evt4
108.8000    0    0.850   1.0000          NULL 
109.6500    4    5.100   1.0000          evt4
114.7500    0    1.700   1.0000          NULL 
116.4500    3    5.100   1.0000          evt3
121.5499    0    1.700   1.0000          NULL 
123.2499    3    5.100   1.0000          evt3
128.3499    0    0.850   1.0000          NULL 
129.2000    6    5.100   1.0000          evt6
134.3000    0    1.700   1.0000          NULL 
136.0000    4    5.100   1.0000          evt4
141.1000    0    2.550   1.0000          NULL 
143.6500    3    5.100   1.0000          evt3
148.7500    0    5.100   1.0000          NULL 
153.8500    4    5.100   1.0000          evt4
158.9500    0    0.850   1.0000          NULL 
159.8000    6    5.100   1.0000          evt6
164.9001    0    2.550   1.0000          NULL 
167.4501    5    5.100   1.0000          evt5
172.5501    0    0.850   1.0000          NULL 
173.4001    2    5.100   1.0000          evt2
178.5001    0    0.850   1.0000          NULL 
179.3501    5    5.100   1.0000          evt5
184.4501    0    0.850   1.0000          NULL 
185.3001    1    5.100   1.0000          evt1
190.4001    0    1.700   1.0000          NULL 
192.1001    3    5.100   1.0000          evt3
197.2001    0    0.850   1.0000          NULL 
198.0501    4    5.100   1.0000          evt4
203.1501    0    0.850   1.0000          NULL 
204.0002    3    5.100   1.0000          evt3
209.1002    0    2.550   1.0000          NULL 
211.6502    3    5.100   1.0000          evt3
216.7502    0    0.850   1.0000          NULL 
217.6002    1    5.100   1.0000          evt1
222.7002    0    0.850   1.0000          NULL 
223.5502    1    5.100   1.0000          evt1
228.6502    0    1.700   1.0000          NULL 
230.3502    1    5.100   1.0000          evt1
235.4502    0    5.950   1.0000          NULL 
241.4003    6    5.100   1.0000          evt6
246.5003    0    0.850   1.0000          NULL 
247.3503    6    5.100   1.0000          evt6
252.4503    0    2.550   1.0000          NULL 
255.0003    5    5.100   1.0000          evt5
260.1003    0    0.850   1.0000          NULL 
260.9503    2    5.100   1.0000          evt2
266.0503    0    0.850   1.0000          NULL 
266.9003    4    5.100   1.0000          evt4
272.0003    0    1.700   1.0000          NULL 
273.7003    6    5.100   1.0000          evt6
278.8004    0    1.700   1.0000          NULL 
280.5004    4    5.100   1.0000          evt4
285.6004    0    0.850   1.0000          NULL 
286.4504    3    5.100   1.0000          evt3
291.5504    0    0.850   1.0000          NULL 
292.4004    5    5.100   1.0000          evt5
297.5004    0    0.850   1.0000          NULL 
298.3504    6    5.100   1.0000          evt6
303.4504    0    1.700   1.0000          NULL 
305.1504    4    5.100   1.0000          evt4
310.2504    0    1.700   1.0000          NULL 
311.9504    2    5.100   1.0000          evt2
317.0504    0    0.850   1.0000          NULL 
317.9005    6    5.100   1.0000          evt6
323.0005    0    1.700   1.0000          NULL 
324.7005    3    5.100   1.0000          evt3
329.8005    0    0.850   1.0000          NULL 
330.6505    1    5.100   1.0000          evt1
335.7505    0    1.700   1.0000          NULL 
337.4505    6    5.100   1.0000          evt6
342.5505    0    0.850   1.0000          NULL 
343.4005    1    5.100   1.0000          evt1
348.5005    0    0.850   1.0000          NULL 
349.3505    1    5.100   1.0000          evt1
354.4505    0    5.949   1.0000          NULL 
