  0.0000    1    5.100   1.0000          evt1
  5.1000    0    0.850   1.0000          NULL 
  5.9500    5    5.100   1.0000          evt5
 11.0500    0    0.850   1.0000          NULL 
 11.9000    6    5.100   1.0000          evt6
 17.0000    0    0.850   1.0000          NULL 
 17.8500    4    5.100   1.0000          evt4
 22.9500    0    0.850   1.0000          NULL 
 23.8000    5    5.100   1.0000          evt5
 28.9000    0    0.850   1.0000          NULL 
 29.7500    2    5.100   1.0000          evt2
 34.8500    0    2.550   1.0000          NULL 
 37.4000    1    5.100   1.0000          evt1
 42.5000    0    1.700   1.0000          NULL 
 44.2000    2    5.100   1.0000          evt2
 49.3000    0    0.850   1.0000          NULL 
 50.1500    6    5.100   1.0000          evt6
 55.2500    0    0.850   1.0000          NULL 
 56.1000    2    5.100   1.0000          evt2
 61.2000    0    0.850   1.0000          NULL 
 62.0500    3    5.100   1.0000          evt3
 67.1500    0    0.850   1.0000          NULL 
 68.0000    3    5.100   1.0000          evt3
 73.1000    0    2.550   1.0000          NULL 
 75.6500    3    5.100   1.0000          evt3
 80.7500    0    1.700   1.0000          NULL 
 82.4500    6    5.100   1.0000          evt6
 87.5500    0    1.700   1.0000          NULL 
 89.2500    4    5.100   1.0000          evt4
 94.3500    0    0.850   1.0000          NULL 
 95.2000    4    5.100   1.0000          evt4
100.3000    0    1.700   1.0000          NULL 
102.0000    4    5.100   1.0000          evt4
107.1000    0    0.850   1.0000          NULL 
107.9500    1    5.100   1.0000          evt1
113.0500    0    0.850   1.0000          NULL 
113.9000    3    5.100   1.0000          evt3
119.0000    0    1.700   1.0000          NULL 
120.7000    2    5.100   1.0000          evt2
125.7999    0    0.850   1.0000          NULL 
126.6499    5    5.100   1.0000          evt5
131.7500    0    0.850   1.0000          NULL 
132.6000    6    5.100   1.0000          evt6
137.7000    0    1.700   1.0000          NULL 
139.4000    1    5.100   1.0000          evt1
144.5000    0    0.850   1.0000          NULL 
145.3500    6    5.100   1.0000          evt6
150.4500    0    3.400   1.0000          NULL 
153.8500    6    5.100   1.0000          evt6
158.9500    0    0.850   1.0000          NULL 
159.8000    1    5.100   1.0000          evt1
164.9000    0    2.550   1.0000          NULL 
167.4501    4    5.100   1.0000          evt4
172.5501    0    2.550   1.0000          NULL 
175.1001    1    5.100   1.0000          evt1
180.2001    0    0.850   1.0000          NULL 
181.0501    3    5.100   1.0000          evt3
186.1501    0    2.550   1.0000          NULL 
188.7001    6    5.100   1.0000          evt6
193.8001    0    1.700   1.0000          NULL 
195.5001    3    5.100   1.0000          evt3
200.6001    0    3.400   1.0000          NULL 
204.0002    3    5.100   1.0000          evt3
209.1002    0    3.400   1.0000          NULL 
212.5002    1    5.100   1.0000          evt1
217.6002    0    1.700   1.0000          NULL 
219.3002    1    5.100   1.0000          evt1
224.4002    0    1.700   1.0000          NULL 
226.1002    4    5.100   1.0000          evt4
231.2002    0    0.850   1.0000          NULL 
232.0502    4    5.100   1.0000          evt4
237.1503    0    0.850   1.0000          NULL 
238.0003    4    5.100   1.0000          evt4
243.1003    0    0.850   1.0000          NULL 
243.9503    1    5.100   1.0000          evt1
249.0503    0    3.400   1.0000          NULL 
252.4503    1    5.100   1.0000          evt1
257.5503    0    1.700   1.0000          NULL 
259.2503    4    5.100   1.0000          evt4
264.3503    0    3.400   1.0000          NULL 
267.7503    5    5.100   1.0000          evt5
272.8503    0    2.550   1.0000          NULL 
275.4004    4    5.100   1.0000          evt4
280.5004    0    2.550   1.0000          NULL 
283.0504    3    5.100   1.0000          evt3
288.1504    0    0.850   1.0000          NULL 
289.0004    4    5.100   1.0000          evt4
294.1004    0    1.700   1.0000          NULL 
295.8004    6    5.100   1.0000          evt6
300.9004    0    0.850   1.0000          NULL 
301.7504    6    5.100   1.0000          evt6
306.8504    0    1.700   1.0000          NULL 
308.5504    3    5.100   1.0000          evt3
313.6505    0    0.850   1.0000          NULL 
314.5005    6    5.100   1.0000          evt6
319.6005    0    2.550   1.0000          NULL 
322.1505    6    5.100   1.0000          evt6
327.2505    0    0.850   1.0000          NULL 
328.1005    3    5.100   1.0000          evt3
333.2005    0    0.850   1.0000          NULL 
334.0505    3    5.100   1.0000          evt3
339.1505    0    1.700   1.0000          NULL 
340.8505    1    5.100   1.0000          evt1
345.9505    0    2.550   1.0000          NULL 
348.5005    2    5.100   1.0000          evt2
353.6006    0    0.850   1.0000          NULL 
354.4506    5    5.100   1.0000          evt5
359.5506    0    0.849   1.0000          NULL 
