  0.0000    5    5.100   1.0000          evt5
  5.1000    0    0.850   1.0000          NULL 
  5.9500    1    5.100   1.0000          evt1
 11.0500    0    0.850   1.0000          NULL 
 11.9000    5    5.100   1.0000          evt5
 17.0000    2    5.100   1.0000          evt2
 22.1000    0    4.250   1.0000          NULL 
 26.3500    1    5.100   1.0000          evt1
 31.4500    0    2.550   1.0000          NULL 
 34.0000    2    5.100   1.0000          evt2
 39.1000    0    5.950   1.0000          NULL 
 45.0500    2    5.100   1.0000          evt2
 50.1500    0    0.850   1.0000          NULL 
 51.0000    1    5.100   1.0000          evt1
 56.1000    1    5.100   1.0000          evt1
 61.2000    0    7.650   1.0000          NULL 
 68.8500    5    5.100   1.0000          evt5
 73.9500    0    1.700   1.0000          NULL 
 75.6500    3    5.100   1.0000          evt3
 80.7500    0    0.850   1.0000          NULL 
 81.6000    2    5.100   1.0000          evt2
 86.7000    0    3.400   1.0000          NULL 
 90.1000    5    5.100   1.0000          evt5
 95.2000    3    5.100   1.0000          evt3
100.2999    6    5.100   1.0000          evt6
105.3999    0    0.850   1.0000          NULL 
106.2499    4    5.100   1.0000          evt4
111.3499    0    1.700   1.0000          NULL 
113.0499    6    5.100   1.0000          evt6
118.1499    3    5.100   1.0000          evt3
123.2499    0    5.950   1.0000          NULL 
129.1999    1    5.100   1.0000          evt1
134.2999    0    5.950   1.0000          NULL 
140.2500    1    5.100   1.0000          evt1
145.3500    0    0.850   1.0000          NULL 
146.2000    6    5.100   1.0000          evt6
151.3000    0    1.700   1.0000          NULL 
153.0000    4    5.100   1.0000          evt4
158.1000    3    5.100   1.0000          evt3
163.2000    0    0.850   1.0000          NULL 
164.0500    3    5.100   1.0000          evt3
169.1500    0    0.850   1.0000          NULL 
170.0000    4    5.100   1.0000          evt4
175.1001    0    1.700   1.0000          NULL 
176.8001    4    5.100   1.0000          evt4
181.9001    4    5.100   1.0000          evt4
187.0001    0    1.700   1.0000          NULL 
188.7001    6    5.100   1.0000          evt6
193.8001    0    2.550   1.0000          NULL 
196.3501    1    5.100   1.0000          evt1
201.4501    3    5.100   1.0000          evt3
206.5501    4    5.100   1.0000          evt4
211.6501    6    5.100   1.0000          evt6
216.7501    0    5.100   1.0000          NULL 
221.8502    6    5.100   1.0000          evt6
226.9502    2    5.100   1.0000          evt2
232.0502    3    5.100   1.0000          evt3
237.1502    6    5.100   1.0000          evt6
242.2502    0    1.700   1.0000          NULL 
243.9502    4    5.100   1.0000          evt4
249.0502    0    4.250   1.0000          NULL 
253.3002    1    5.100   1.0000          evt1
258.4002    0    0.850   1.0000          NULL 
259.2502    1    5.100   1.0000          evt1
264.3503    0    3.400   1.0000          NULL 
267.7503    1    5.100   1.0000          evt1
272.8503    6    5.100   1.0000          evt6
277.9503    0    0.850   1.0000          NULL 
278.8003    3    5.100   1.0000          evt3
283.9003    3    5.100   1.0000          evt3
289.0003    1    5.100   1.0000          evt1
294.1003    0    0.850   1.0000          NULL 
294.9503    6    5.100   1.0000          evt6
300.0503    4    5.100   1.0000          evt4
305.1503    0    1.700   1.0000          NULL 
306.8503    4    5.100   1.0000          evt4
311.9503    4    5.100   1.0000          evt4
317.0504    0    2.550   1.0000          NULL 
319.6004    3    5.100   1.0000          evt3
324.7004    6    5.100   1.0000          evt6
329.8004    0    0.850   1.0000          NULL 
330.6504    4    5.100   1.0000          evt4
335.7504    0    7.650   1.0000          NULL 
343.4005    6    5.100   1.0000          evt6
348.5005    0    0.850   1.0000          NULL 
349.3505    3    5.100   1.0000          evt3
354.4505    0    0.850   1.0000          NULL 
355.3005    5    5.100   1.0000          evt5
