  0.0000    1    5.100   1.0000          evt1
  5.1000    0    0.850   1.0000          NULL 
  5.9500    3    5.100   1.0000          evt3
 11.0500    0    6.800   1.0000          NULL 
 17.8500    1    5.100   1.0000          evt1
 22.9500    0    1.700   1.0000          NULL 
 24.6500    6    5.100   1.0000          evt6
 29.7500    0    0.850   1.0000          NULL 
 30.6000    2    5.100   1.0000          evt2
 35.7000    0    1.700   1.0000          NULL 
 37.4000    4    5.100   1.0000          evt4
 42.5000    0    0.850   1.0000          NULL 
 43.3500    1    5.100   1.0000          evt1
 48.4500    0    1.700   1.0000          NULL 
 50.1500    4    5.100   1.0000          evt4
 55.2500    0    1.700   1.0000          NULL 
 56.9500    2    5.100   1.0000          evt2
 62.0500    0    0.850   1.0000          NULL 
 62.9000    2    5.100   1.0000          evt2
 68.0000    0    0.850   1.0000          NULL 
 68.8500    4    5.100   1.0000          evt4
 73.9500    0    0.850   1.0000          NULL 
 74.8000    3    5.100   1.0000          evt3
 79.9000    0    0.850   1.0000          NULL 
 80.7500    6    5.100   1.0000          evt6
 85.8500    0    1.700   1.0000          NULL 
 87.5500    1    5.100   1.0000          evt1
 92.6500    0    0.850   1.0000          NULL 
 93.5000    4    5.100   1.0000          evt4
 98.6000    0    0.850   1.0000          NULL 
 99.4500    6    5.100   1.0000          evt6
104.5500    0    1.700   1.0000          NULL 
106.2500    3    5.100   1.0000          evt3
111.3500    0    0.850   1.0000          NULL 
112.2000    2    5.100   1.0000          evt2
117.3000    0    0.850   1.0000          NULL 
118.1500    3    5.100   1.0000          evt3
123.2500    0    0.850   1.0000          NULL 
124.1000    1    5.100   1.0000          evt1
129.2000    0    0.850   1.0000          NULL 
130.0500    4    5.100   1.0000          evt4
135.1500    0    1.700   1.0000          NULL 
136.8500    6    5.100   1.0000          evt6
141.9500    0    1.700   1.0000          NULL 
143.6500    5    5.100   1.0000          evt5
148.7500    0    1.700   1.0000          NULL 
150.4500    5    5.100   1.0000          evt5
155.5500    0    0.850   1.0000          NULL 
156.4000    1    5.100   1.0000          evt1
161.5000    0    1.700   1.0000          NULL 
163.2000    4    5.100   1.0000          evt4
168.3000    0    0.850   1.0000          NULL 
169.1501    6    5.100   1.0000          evt6
174.2501    0    3.400   1.0000          NULL 
177.6501    2    5.100   1.0000          evt2
182.7501    0    2.550   1.0000          NULL 
185.3001    6    5.100   1.0000          evt6
190.4001    0    1.700   1.0000          NULL 
192.1001    3    5.100   1.0000          evt3
197.2001    0    0.850   1.0000          NULL 
198.0501    5    5.100   1.0000          evt5
203.1501    0    0.850   1.0000          NULL 
204.0002    1    5.100   1.0000          evt1
209.1002    0    2.550   1.0000          NULL 
211.6502    6    5.100   1.0000          evt6
216.7502    0    0.850   1.0000          NULL 
217.6002    4    5.100   1.0000          evt4
222.7002    0    0.850   1.0000          NULL 
223.5502    6    5.100   1.0000          evt6
228.6502    0    1.700   1.0000          NULL 
230.3502    4    5.100   1.0000          evt4
235.4502    0    0.850   1.0000          NULL 
236.3002    3    5.100   1.0000          evt3
241.4002    0    2.550   1.0000          NULL 
243.9503    6    5.100   1.0000          evt6
249.0503    0    1.700   1.0000          NULL 
250.7503    5    5.100   1.0000          evt5
255.8503    0    0.850   1.0000          NULL 
256.7003    4    5.100   1.0000          evt4
261.8003    0    0.850   1.0000          NULL 
262.6503    1    5.100   1.0000          evt1
267.7503    0    3.400   1.0000          NULL 
271.1503    6    5.100   1.0000          evt6
276.2503    0    0.850   1.0000          NULL 
277.1003    1    5.100   1.0000          evt1
282.2003    0    1.700   1.0000          NULL 
283.9004    4    5.100   1.0000          evt4
289.0004    0    1.700   1.0000          NULL 
290.7004    1    5.100   1.0000          evt1
295.8004    0    2.550   1.0000          NULL 
298.3504    1    5.100   1.0000          evt1
303.4504    0    0.850   1.0000          NULL 
304.3004    4    5.100   1.0000          evt4
309.4004    0    0.850   1.0000          NULL 
310.2504    3    5.100   1.0000          evt3
315.3504    0    3.400   1.0000          NULL 
318.7505    6    5.100   1.0000          evt6
323.8505    0    0.850   1.0000          NULL 
324.7005    3    5.100   1.0000          evt3
329.8005    0    0.850   1.0000          NULL 
330.6505    3    5.100   1.0000          evt3
335.7505    0    1.700   1.0000          NULL 
337.4505    5    5.100   1.0000          evt5
342.5505    0    1.700   1.0000          NULL 
344.2505    3    5.100   1.0000          evt3
349.3505    0    0.850   1.0000          NULL 
350.2005    3    5.100   1.0000          evt3
355.3005    0    5.099   1.0000          NULL 
