  0.0000    4    5.100   1.0000          evt4
  5.1000    0    1.700   1.0000          NULL 
  6.8000    1    5.100   1.0000          evt1
 11.9000    0    3.400   1.0000          NULL 
 15.3000    5    5.100   1.0000          evt5
 20.4000    0    0.850   1.0000          NULL 
 21.2500    6    5.100   1.0000          evt6
 26.3500    0    0.850   1.0000          NULL 
 27.2000    1    5.100   1.0000          evt1
 32.3000    0    2.550   1.0000          NULL 
 34.8500    4    5.100   1.0000          evt4
 39.9500    0    1.700   1.0000          NULL 
 41.6500    1    5.100   1.0000          evt1
 46.7500    0    0.850   1.0000          NULL 
 47.6000    3    5.100   1.0000          evt3
 52.7000    0    2.550   1.0000          NULL 
 55.2500    6    5.100   1.0000          evt6
 60.3500    0    0.850   1.0000          NULL 
 61.2000    2    5.100   1.0000          evt2
 66.3000    0    1.700   1.0000          NULL 
 68.0000    5    5.100   1.0000          evt5
 73.1000    0    1.700   1.0000          NULL 
 74.8000    4    5.100   1.0000          evt4
 79.9000    0    0.850   1.0000          NULL 
 80.7500    6    5.100   1.0000          evt6
 85.8500    0    1.700   1.0000          NULL 
 87.5500    4    5.100   1.0000          evt4
 92.6500    0    0.850   1.0000          NULL 
 93.5000    5    5.100   1.0000          evt5
 98.6000    0    1.700   1.0000          NULL 
100.3000    4    5.100   1.0000          evt4
105.4000    0    3.400   1.0000          NULL 
108.7999    1    5.100   1.0000          evt1
113.8999    0    0.850   1.0000          NULL 
114.7499    1    5.100   1.0000          evt1
119.8499    0    0.850   1.0000          NULL 
120.6999    4    5.100   1.0000          evt4
125.7999    0    2.550   1.0000          NULL 
128.3499    2    5.100   1.0000          evt2
133.4500    0    1.700   1.0000          NULL 
135.1500    1    5.100   1.0000          evt1
140.2500    0    0.850   1.0000          NULL 
141.1000    5    5.100   1.0000          evt5
146.2000    0    1.700   1.0000          NULL 
147.9000    4    5.100   1.0000          evt4
153.0000    0    2.550   1.0000          NULL 
155.5500    3    5.100   1.0000          evt3
160.6500    0    3.400   1.0000          NULL 
164.0500    4    5.100   1.0000          evt4
169.1501    0    1.700   1.0000          NULL 
170.8501    3    5.100   1.0000          evt3
175.9501    0    0.850   1.0000          NULL 
176.8001    3    5.100   1.0000          evt3
181.9001    0    2.550   1.0000          NULL 
184.4501    1    5.100   1.0000          evt1
189.5501    0    2.550   1.0000          NULL 
192.1001    3    5.100   1.0000          evt3
197.2001    0    0.850   1.0000          NULL 
198.0501    6    5.100   1.0000          evt6
203.1501    0    0.850   1.0000          NULL 
204.0002    4    5.100   1.0000          evt4
209.1002    0    1.700   1.0000          NULL 
210.8002    3    5.100   1.0000          evt3
215.9002    0    3.400   1.0000          NULL 
219.3002    3    5.100   1.0000          evt3
224.4002    0    3.400   1.0000          NULL 
227.8002    3    5.100   1.0000          evt3
232.9002    0    0.850   1.0000          NULL 
233.7502    4    5.100   1.0000          evt4
238.8503    0    0.850   1.0000          NULL 
239.7003    1    5.100   1.0000          evt1
244.8003    0    0.850   1.0000          NULL 
245.6503    6    5.100   1.0000          evt6
250.7503    0    1.700   1.0000          NULL 
252.4503    1    5.100   1.0000          evt1
257.5503    0    0.850   1.0000          NULL 
258.4003    5    5.100   1.0000          evt5
263.5003    0    0.850   1.0000          NULL 
264.3503    6    5.100   1.0000          evt6
269.4503    0    0.850   1.0000          NULL 
270.3003    3    5.100   1.0000          evt3
275.4003    0    1.700   1.0000          NULL 
277.1003    3    5.100   1.0000          evt3
282.2003    0    0.850   1.0000          NULL 
283.0504    6    5.100   1.0000          evt6
288.1504    0    0.850   1.0000          NULL 
289.0004    1    5.100   1.0000          evt1
294.1004    0    0.850   1.0000          NULL 
294.9504    1    5.100   1.0000          evt1
300.0504    0    2.550   1.0000          NULL 
302.6004    3    5.100   1.0000          evt3
307.7004    0    1.700   1.0000          NULL 
309.4004    2    5.100   1.0000          evt2
314.5004    0    0.850   1.0000          NULL 
315.3504    6    5.100   1.0000          evt6
320.4504    0    0.850   1.0000          NULL 
321.3004    2    5.100   1.0000          evt2
326.4005    0    0.850   1.0000          NULL 
327.2505    2    5.100   1.0000          evt2
332.3505    0    0.850   1.0000          NULL 
333.2005    6    5.100   1.0000          evt6
338.3005    0    0.850   1.0000          NULL 
339.1505    6    5.100   1.0000          evt6
344.2505    0    2.550   1.0000          NULL 
346.8005    6    5.100   1.0000          evt6
351.9005    0    1.700   1.0000          NULL 
353.6005    4    5.100   1.0000          evt4
358.7005    0    1.699   1.0000          NULL 
