  0.0000    4    5.100   1.0000          evt4
  5.1000    0    0.850   1.0000          NULL 
  5.9500    4    5.100   1.0000          evt4
 11.0500    6    5.100   1.0000          evt6
 16.1500    0    1.700   1.0000          NULL 
 17.8500    6    5.100   1.0000          evt6
 22.9500    0    0.850   1.0000          NULL 
 23.8000    6    5.100   1.0000          evt6
 28.9000    0    1.700   1.0000          NULL 
 30.6000    6    5.100   1.0000          evt6
 35.7000    0    2.550   1.0000          NULL 
 38.2500    2    5.100   1.0000          evt2
 43.3500    1    5.100   1.0000          evt1
 48.4500    0    5.950   1.0000          NULL 
 54.4000    1    5.100   1.0000          evt1
 59.5000    2    5.100   1.0000          evt2
 64.6000    0    1.700   1.0000          NULL 
 66.3000    1    5.100   1.0000          evt1
 71.4000    0    0.850   1.0000          NULL 
 72.2500    1    5.100   1.0000          evt1
 77.3500    4    5.100   1.0000          evt4
 82.4500    3    5.100   1.0000          evt3
 87.5500    0    3.400   1.0000          NULL 
 90.9500    2    5.100   1.0000          evt2
 96.0500    0    0.850   1.0000          NULL 
 96.9000    1    5.100   1.0000          evt1
102.0000    4    5.100   1.0000          evt4
107.1000    0    2.550   1.0000          NULL 
109.6500    3    5.100   1.0000          evt3
114.7500    0    0.850   1.0000          NULL 
115.6000    3    5.100   1.0000          evt3
120.7000    0    2.550   1.0000          NULL 
123.2499    2    5.100   1.0000          evt2
128.3499    0    1.700   1.0000          NULL 
130.0500    6    5.100   1.0000          evt6
135.1500    3    5.100   1.0000          evt3
140.2500    0    4.250   1.0000          NULL 
144.5000    1    5.100   1.0000          evt1
149.6000    0    1.700   1.0000          NULL 
151.3000    3    5.100   1.0000          evt3
156.4000    0    0.850   1.0000          NULL 
157.2500    4    5.100   1.0000          evt4
162.3500    0    1.700   1.0000          NULL 
164.0500    5    5.100   1.0000          evt5
169.1501    0    0.850   1.0000          NULL 
170.0001    5    5.100   1.0000          evt5
175.1001    0    2.550   1.0000          NULL 
177.6501    1    5.100   1.0000          evt1
182.7501    0    5.950   1.0000          NULL 
188.7001    3    5.100   1.0000          evt3
193.8001    3    5.100   1.0000          evt3
198.9001    0    0.850   1.0000          NULL 
199.7502    6    5.100   1.0000          evt6
204.8502    0    1.700   1.0000          NULL 
206.5502    4    5.100   1.0000          evt4
211.6502    0    1.700   1.0000          NULL 
213.3502    4    5.100   1.0000          evt4
218.4502    1    5.100   1.0000          evt1
223.5502    0    1.700   1.0000          NULL 
225.2502    3    5.100   1.0000          evt3
230.3502    0    4.250   1.0000          NULL 
234.6003    6    5.100   1.0000          evt6
239.7003    0    1.700   1.0000          NULL 
241.4003    3    5.100   1.0000          evt3
246.5003    0    2.550   1.0000          NULL 
249.0503    6    5.100   1.0000          evt6
254.1503    0    1.700   1.0000          NULL 
255.8503    6    5.100   1.0000          evt6
260.9503    5    5.100   1.0000          evt5
266.0503    1    5.100   1.0000          evt1
271.1503    0    0.850   1.0000          NULL 
272.0003    3    5.100   1.0000          evt3
277.1003    0    2.550   1.0000          NULL 
279.6504    6    5.100   1.0000          evt6
284.7504    0    0.850   1.0000          NULL 
285.6004    5    5.100   1.0000          evt5
290.7004    0    0.850   1.0000          NULL 
291.5504    4    5.100   1.0000          evt4
296.6504    0    2.550   1.0000          NULL 
299.2004    1    5.100   1.0000          evt1
304.3004    0    3.400   1.0000          NULL 
307.7004    4    5.100   1.0000          evt4
312.8004    3    5.100   1.0000          evt3
317.9005    0    2.550   1.0000          NULL 
320.4505    2    5.100   1.0000          evt2
325.5505    1    5.100   1.0000          evt1
330.6505    0    4.250   1.0000          NULL 
334.9005    6    5.100   1.0000          evt6
340.0005    4    5.100   1.0000          evt4
345.1005    0    1.700   1.0000          NULL 
346.8005    4    5.100   1.0000          evt4
351.9005    5    5.100   1.0000          evt5
357.0005    0    3.399   1.0000          NULL 
