  0.0000    4    5.100   1.0000          evt4
  5.1000    0    0.850   1.0000          NULL 
  5.9500    5    5.100   1.0000          evt5
 11.0500    2    5.100   1.0000          evt2
 16.1500    0    4.250   1.0000          NULL 
 20.4000    5    5.100   1.0000          evt5
 25.5000    6    5.100   1.0000          evt6
 30.6000    2    5.100   1.0000          evt2
 35.7000    0    1.700   1.0000          NULL 
 37.4000    1    5.100   1.0000          evt1
 42.5000    0    3.400   1.0000          NULL 
 45.9000    4    5.100   1.0000          evt4
 51.0000    6    5.100   1.0000          evt6
 56.1000    0    3.400   1.0000          NULL 
 59.5000    4    5.100   1.0000          evt4
 64.6000    4    5.100   1.0000          evt4
 69.7000    0    0.850   1.0000          NULL 
 70.5500    1    5.100   1.0000          evt1
 75.6500    4    5.100   1.0000          evt4
 80.7500    0    1.700   1.0000          NULL 
 82.4500    6    5.100   1.0000          evt6
 87.5500    0    6.800   1.0000          NULL 
 94.3500    6    5.100   1.0000          evt6
 99.4500    0    2.550   1.0000          NULL 
102.0000    1    5.100   1.0000          evt1
107.1000    0    0.850   1.0000          NULL 
107.9500    6    5.100   1.0000          evt6
113.0499    0    1.700   1.0000          NULL 
114.7499    3    5.100   1.0000          evt3
119.8499    0    2.550   1.0000          NULL 
122.3999    4    5.100   1.0000          evt4
127.4999    0    3.400   1.0000          NULL 
130.9000    1    5.100   1.0000          evt1
136.0000    0    1.700   1.0000          NULL 
137.7000    3    5.100   1.0000          evt3
142.8000    0    0.850   1.0000          NULL 
143.6500    4    5.100   1.0000          evt4
148.7500    0    0.850   1.0000          NULL 
149.6000    4    5.100   1.0000          evt4
154.7000    3    5.100   1.0000          evt3
159.8000    0    1.700   1.0000          NULL 
161.5000    4    5.100   1.0000          evt4
166.6000    3    5.100   1.0000          evt3
171.7000    0    1.700   1.0000          NULL 
173.4001    5    5.100   1.0000          evt5
178.5001    0    0.850   1.0000          NULL 
179.3501    1    5.100   1.0000          evt1
184.4501    0    1.700   1.0000          NULL 
186.1501    1    5.100   1.0000          evt1
191.2501    0    0.850   1.0000          NULL 
192.1001    1    5.100   1.0000          evt1
197.2001    2    5.100   1.0000          evt2
202.3001    0    1.700   1.0000          NULL 
204.0001    6    5.100   1.0000          evt6
209.1001    0    5.100   1.0000          NULL 
214.2002    5    5.100   1.0000          evt5
219.3002    0    0.850   1.0000          NULL 
220.1502    6    5.100   1.0000          evt6
225.2502    0    2.550   1.0000          NULL 
227.8002    2    5.100   1.0000          evt2
232.9002    6    5.100   1.0000          evt6
238.0002    0    3.400   1.0000          NULL 
241.4002    1    5.100   1.0000          evt1
246.5002    3    5.100   1.0000          evt3
251.6003    6    5.100   1.0000          evt6
256.7003    4    5.100   1.0000          evt4
261.8003    6    5.100   1.0000          evt6
266.9003    3    5.100   1.0000          evt3
272.0003    0    1.700   1.0000          NULL 
273.7003    4    5.100   1.0000          evt4
278.8003    5    5.100   1.0000          evt5
283.9003    0    6.800   1.0000          NULL 
290.7003    1    5.100   1.0000          evt1
295.8004    0    1.700   1.0000          NULL 
297.5004    2    5.100   1.0000          evt2
302.6004    3    5.100   1.0000          evt3
307.7004    0    5.950   1.0000          NULL 
313.6504    1    5.100   1.0000          evt1
318.7504    3    5.100   1.0000          evt3
323.8504    3    5.100   1.0000          evt3
328.9504    0    0.850   1.0000          NULL 
329.8004    3    5.100   1.0000          evt3
334.9005    3    5.100   1.0000          evt3
340.0005    0    1.700   1.0000          NULL 
341.7005    6    5.100   1.0000          evt6
346.8005    0    3.400   1.0000          NULL 
350.2005    1    5.100   1.0000          evt1
355.3005    0    5.100   1.0000          NULL 
