  0.0000    6    5.100   1.0000          evt6
  5.1000    0    4.250   1.0000          NULL 
  9.3500    1    5.100   1.0000          evt1
 14.4500    1    5.100   1.0000          evt1
 19.5500    6    5.100   1.0000          evt6
 24.6500    3    5.100   1.0000          evt3
 29.7500    0    1.700   1.0000          NULL 
 31.4500    6    5.100   1.0000          evt6
 36.5500    3    5.100   1.0000          evt3
 41.6500    0    1.700   1.0000          NULL 
 43.3500    5    5.100   1.0000          evt5
 48.4500    0    0.850   1.0000          NULL 
 49.3000    1    5.100   1.0000          evt1
 54.4000    0    0.850   1.0000          NULL 
 55.2500    5    5.100   1.0000          evt5
 60.3500    0    3.400   1.0000          NULL 
 63.7500    3    5.100   1.0000          evt3
 68.8500    0    0.850   1.0000          NULL 
 69.7000    4    5.100   1.0000          evt4
 74.8000    2    5.100   1.0000          evt2
 79.9000    4    5.100   1.0000          evt4
 85.0000    0    4.250   1.0000          NULL 
 89.2500    6    5.100   1.0000          evt6
 94.3500    0    5.950   1.0000          NULL 
100.3000    4    5.100   1.0000          evt4
105.4000    0    1.700   1.0000          NULL 
107.1000    4    5.100   1.0000          evt4
112.2000    1    5.100   1.0000          evt1
117.2999    0    5.100   1.0000          NULL 
122.3999    3    5.100   1.0000          evt3
127.4999    0    2.550   1.0000          NULL 
130.0500    4    5.100   1.0000          evt4
135.1500    0    0.850   1.0000          NULL 
136.0000    1    5.100   1.0000          evt1
141.1000    0    1.700   1.0000          NULL 
142.8000    6    5.100   1.0000          evt6
147.9000    0    1.700   1.0000          NULL 
149.6000    4    5.100   1.0000          evt4
154.7000    0    0.850   1.0000          NULL 
155.5500    6    5.100   1.0000          evt6
160.6500    4    5.100   1.0000          evt4
165.7500    3    5.100   1.0000          evt3
170.8500    0    3.400   1.0000          NULL 
174.2501    5    5.100   1.0000          evt5
179.3501    6    5.100   1.0000          evt6
184.4501    0    1.700   1.0000          NULL 
186.1501    4    5.100   1.0000          evt4
191.2501    6    5.100   1.0000          evt6
196.3501    0    5.950   1.0000          NULL 
202.3001    2    5.100   1.0000          evt2
207.4001    0    0.850   1.0000          NULL 
208.2502    3    5.100   1.0000          evt3
213.3502    0    0.850   1.0000          NULL 
214.2002    6    5.100   1.0000          evt6
219.3002    0    4.250   1.0000          NULL 
223.5502    3    5.100   1.0000          evt3
228.6502    1    5.100   1.0000          evt1
233.7502    4    5.100   1.0000          evt4
238.8502    0    0.850   1.0000          NULL 
239.7002    3    5.100   1.0000          evt3
244.8002    0    0.850   1.0000          NULL 
245.6502    4    5.100   1.0000          evt4
250.7502    3    5.100   1.0000          evt3
255.8503    4    5.100   1.0000          evt4
260.9503    6    5.100   1.0000          evt6
266.0503    0    7.650   1.0000          NULL 
273.7003    3    5.100   1.0000          evt3
278.8003    0    6.800   1.0000          NULL 
285.6004    1    5.100   1.0000          evt1
290.7004    0    2.550   1.0000          NULL 
293.2504    2    5.100   1.0000          evt2
298.3504    0    0.850   1.0000          NULL 
299.2004    2    5.100   1.0000          evt2
304.3004    5    5.100   1.0000          evt5
309.4004    0    2.550   1.0000          NULL 
311.9504    3    5.100   1.0000          evt3
317.0504    0    0.850   1.0000          NULL 
317.9005    1    5.100   1.0000          evt1
323.0005    0    1.700   1.0000          NULL 
324.7005    1    5.100   1.0000          evt1
329.8005    0    3.400   1.0000          NULL 
333.2005    6    5.100   1.0000          evt6
338.3005    2    5.100   1.0000          evt2
343.4005    0    0.850   1.0000          NULL 
344.2505    1    5.100   1.0000          evt1
349.3505    0    0.850   1.0000          NULL 
350.2005    1    5.100   1.0000          evt1
355.3005    5    5.100   1.0000          evt5
