  0.0000    4    5.100   1.0000          evt4
  5.1000    1    5.100   1.0000          evt1
 10.2000    6    5.100   1.0000          evt6
 15.3000    0    1.700   1.0000          NULL 
 17.0000    2    5.100   1.0000          evt2
 22.1000    0    0.850   1.0000          NULL 
 22.9500    3    5.100   1.0000          evt3
 28.0500    0    2.550   1.0000          NULL 
 30.6000    2    5.100   1.0000          evt2
 35.7000    0    0.850   1.0000          NULL 
 36.5500    6    5.100   1.0000          evt6
 41.6500    0    2.550   1.0000          NULL 
 44.2000    5    5.100   1.0000          evt5
 49.3000    5    5.100   1.0000          evt5
 54.4000    0    4.250   1.0000          NULL 
 58.6500    4    5.100   1.0000          evt4
 63.7500    0    1.700   1.0000          NULL 
 65.4500    5    5.100   1.0000          evt5
 70.5500    2    5.100   1.0000          evt2
 75.6500    0    4.250   1.0000          NULL 
 79.9000    5    5.100   1.0000          evt5
 85.0000    3    5.100   1.0000          evt3
 90.1000    0    3.400   1.0000          NULL 
 93.5000    2    5.100   1.0000          evt2
 98.6000    0    3.400   1.0000          NULL 
102.0000    5    5.100   1.0000          evt5
107.1000    0    1.700   1.0000          NULL 
108.7999    3    5.100   1.0000          evt3
113.8999    0    1.700   1.0000          NULL 
115.5999    4    5.100   1.0000          evt4
120.6999    0    0.850   1.0000          NULL 
121.5499    6    5.100   1.0000          evt6
126.6499    0    7.650   1.0000          NULL 
134.3000    1    5.100   1.0000          evt1
139.4000    4    5.100   1.0000          evt4
144.5000    3    5.100   1.0000          evt3
149.6000    3    5.100   1.0000          evt3
154.7000    0    4.250   1.0000          NULL 
158.9500    3    5.100   1.0000          evt3
164.0500    4    5.100   1.0000          evt4
169.1501    6    5.100   1.0000          evt6
174.2501    0    2.550   1.0000          NULL 
176.8001    1    5.100   1.0000          evt1
181.9001    0    4.250   1.0000          NULL 
186.1501    1    5.100   1.0000          evt1
191.2501    6    5.100   1.0000          evt6
196.3501    6    5.100   1.0000          evt6
201.4501    0    1.700   1.0000          NULL 
203.1501    3    5.100   1.0000          evt3
208.2502    1    5.100   1.0000          evt1
213.3502    0    2.550   1.0000          NULL 
215.9002    3    5.100   1.0000          evt3
221.0002    0    1.700   1.0000          NULL 
222.7002    6    5.100   1.0000          evt6
227.8002    0    2.550   1.0000          NULL 
230.3502    4    5.100   1.0000          evt4
235.4502    0    2.550   1.0000          NULL 
238.0002    3    5.100   1.0000          evt3
243.1003    0    1.700   1.0000          NULL 
244.8003    2    5.100   1.0000          evt2
249.9003    1    5.100   1.0000          evt1
255.0003    0    0.850   1.0000          NULL 
255.8503    6    5.100   1.0000          evt6
260.9503    1    5.100   1.0000          evt1
266.0503    0    2.550   1.0000          NULL 
268.6003    1    5.100   1.0000          evt1
273.7003    0    2.550   1.0000          NULL 
276.2503    4    5.100   1.0000          evt4
281.3503    4    5.100   1.0000          evt4
286.4503    1    5.100   1.0000          evt1
291.5504    0    0.850   1.0000          NULL 
292.4004    1    5.100   1.0000          evt1
297.5004    0    1.700   1.0000          NULL 
299.2004    4    5.100   1.0000          evt4
304.3004    0    0.850   1.0000          NULL 
305.1504    4    5.100   1.0000          evt4
310.2504    6    5.100   1.0000          evt6
315.3504    0    3.400   1.0000          NULL 
318.7504    3    5.100   1.0000          evt3
323.8504    0    4.250   1.0000          NULL 
328.1005    6    5.100   1.0000          evt6
333.2005    4    5.100   1.0000          evt4
338.3005    0    0.850   1.0000          NULL 
339.1505    1    5.100   1.0000          evt1
344.2505    3    5.100   1.0000          evt3
349.3505    0    4.250   1.0000          NULL 
353.6005    6    5.100   1.0000          evt6
358.7005    0    1.699   1.0000          NULL 
