  0.0000    6    5.100   1.0000          evt6
  5.1000    1    5.100   1.0000          evt1
 10.2000    3    5.100   1.0000          evt3
 15.3000    3    5.100   1.0000          evt3
 20.4000    0    3.400   1.0000          NULL 
 23.8000    1    5.100   1.0000          evt1
 28.9000    4    5.100   1.0000          evt4
 34.0000    0    0.850   1.0000          NULL 
 34.8500    3    5.100   1.0000          evt3
 39.9500    2    5.100   1.0000          evt2
 45.0500    0    1.700   1.0000          NULL 
 46.7500    5    5.100   1.0000          evt5
 51.8500    0    0.850   1.0000          NULL 
 52.7000    2    5.100   1.0000          evt2
 57.8000    6    5.100   1.0000          evt6
 62.9000    0    2.550   1.0000          NULL 
 65.4500    2    5.100   1.0000          evt2
 70.5500    0    2.550   1.0000          NULL 
 73.1000    4    5.100   1.0000          evt4
 78.2000    0    2.550   1.0000          NULL 
 80.7500    4    5.100   1.0000          evt4
 85.8500    6    5.100   1.0000          evt6
 90.9500    0    1.700   1.0000          NULL 
 92.6500    2    5.100   1.0000          evt2
 97.7500    0    0.850   1.0000          NULL 
 98.6000    3    5.100   1.0000          evt3
103.7000    0    0.850   1.0000          NULL 
104.5500    3    5.100   1.0000          evt3
109.6500    0    0.850   1.0000          NULL 
110.5000    6    5.100   1.0000          evt6
115.6000    4    5.100   1.0000          evt4
120.7000    0    7.650   1.0000          NULL 
128.3499    1    5.100   1.0000          evt1
133.4500    6    5.100   1.0000          evt6
138.5500    0    0.850   1.0000          NULL 
139.4000    5    5.100   1.0000          evt5
144.5000    1    5.100   1.0000          evt1
149.6000    0    0.850   1.0000          NULL 
150.4500    4    5.100   1.0000          evt4
155.5500    0    1.700   1.0000          NULL 
157.2500    3    5.100   1.0000          evt3
162.3500    3    5.100   1.0000          evt3
167.4500    0    4.250   1.0000          NULL 
171.7000    6    5.100   1.0000          evt6
176.8000    6    5.100   1.0000          evt6
181.9001    0    0.850   1.0000          NULL 
182.7501    6    5.100   1.0000          evt6
187.8501    1    5.100   1.0000          evt1
192.9501    0   11.050   1.0000          NULL 
204.0002    1    5.100   1.0000          evt1
209.1002    5    5.100   1.0000          evt5
214.2002    0    2.550   1.0000          NULL 
216.7502    1    5.100   1.0000          evt1
221.8502    3    5.100   1.0000          evt3
226.9502    0    1.700   1.0000          NULL 
228.6502    6    5.100   1.0000          evt6
233.7502    0    1.700   1.0000          NULL 
235.4502    2    5.100   1.0000          evt2
240.5502    0    1.700   1.0000          NULL 
242.2502    3    5.100   1.0000          evt3
247.3503    4    5.100   1.0000          evt4
252.4503    1    5.100   1.0000          evt1
257.5503    0    2.550   1.0000          NULL 
260.1003    5    5.100   1.0000          evt5
265.2003    0    6.800   1.0000          NULL 
272.0003    6    5.100   1.0000          evt6
277.1003    0    2.550   1.0000          NULL 
279.6504    4    5.100   1.0000          evt4
284.7504    1    5.100   1.0000          evt1
289.8504    0    2.550   1.0000          NULL 
292.4004    4    5.100   1.0000          evt4
297.5004    0    1.700   1.0000          NULL 
299.2004    1    5.100   1.0000          evt1
304.3004    1    5.100   1.0000          evt1
309.4004    5    5.100   1.0000          evt5
314.5004    0    0.850   1.0000          NULL 
315.3504    6    5.100   1.0000          evt6
320.4504    0    4.250   1.0000          NULL 
324.7005    4    5.100   1.0000          evt4
329.8005    0    4.250   1.0000          NULL 
334.0505    4    5.100   1.0000          evt4
339.1505    0    1.700   1.0000          NULL 
340.8505    4    5.100   1.0000          evt4
345.9505    0    1.700   1.0000          NULL 
347.6505    3    5.100   1.0000          evt3
352.7505    0    2.550   1.0000          NULL 
355.3006    3    5.100   1.0000          evt3
