  0.0000    6    5.100   1.0000          evt6
  5.1000    0    2.550   1.0000          NULL 
  7.6500    1    5.100   1.0000          evt1
 12.7500    0    0.850   1.0000          NULL 
 13.6000    3    5.100   1.0000          evt3
 18.7000    0    3.400   1.0000          NULL 
 22.1000    5    5.100   1.0000          evt5
 27.2000    0    0.850   1.0000          NULL 
 28.0500    3    5.100   1.0000          evt3
 33.1500    0    1.700   1.0000          NULL 
 34.8500    6    5.100   1.0000          evt6
 39.9500    0    1.700   1.0000          NULL 
 41.6500    2    5.100   1.0000          evt2
 46.7500    0    1.700   1.0000          NULL 
 48.4500    5    5.100   1.0000          evt5
 53.5500    0    0.850   1.0000          NULL 
 54.4000    3    5.100   1.0000          evt3
 59.5000    0    1.700   1.0000          NULL 
 61.2000    6    5.100   1.0000          evt6
 66.3000    0    1.700   1.0000          NULL 
 68.0000    4    5.100   1.0000          evt4
 73.1000    0    0.850   1.0000          NULL 
 73.9500    4    5.100   1.0000          evt4
 79.0500    0    0.850   1.0000          NULL 
 79.9000    6    5.100   1.0000          evt6
 85.0000    0    1.700   1.0000          NULL 
 86.7000    5    5.100   1.0000          evt5
 91.8000    0    0.850   1.0000          NULL 
 92.6500    1    5.100   1.0000          evt1
 97.7500    0    0.850   1.0000          NULL 
 98.6000    3    5.100   1.0000          evt3
103.7000    0    0.850   1.0000          NULL 
104.5500    1    5.100   1.0000          evt1
109.6500    0    2.550   1.0000          NULL 
112.2000    1    5.100   1.0000          evt1
117.2999    0    0.850   1.0000          NULL 
118.1499    4    5.100   1.0000          evt4
123.2499    0    3.400   1.0000          NULL 
126.6499    1    5.100   1.0000          evt1
131.7499    0    2.550   1.0000          NULL 
134.3000    4    5.100   1.0000          evt4
139.4000    0    1.700   1.0000          NULL 
141.1000    3    5.100   1.0000          evt3
146.2000    0    0.850   1.0000          NULL 
147.0500    3    5.100   1.0000          evt3
152.1500    0    1.700   1.0000          NULL 
153.8500    3    5.100   1.0000          evt3
158.9500    0    0.850   1.0000          NULL 
159.8000    5    5.100   1.0000          evt5
164.9000    0    1.700   1.0000          NULL 
166.6000    2    5.100   1.0000          evt2
171.7000    0    2.550   1.0000          NULL 
174.2501    4    5.100   1.0000          evt4
179.3501    0    0.850   1.0000          NULL 
180.2001    1    5.100   1.0000          evt1
185.3001    0    1.700   1.0000          NULL 
187.0001    6    5.100   1.0000          evt6
192.1001    0    1.700   1.0000          NULL 
193.8001    5    5.100   1.0000          evt5
198.9001    0    1.700   1.0000          NULL 
200.6001    1    5.100   1.0000          evt1
205.7001    0    0.850   1.0000          NULL 
206.5501    1    5.100   1.0000          evt1
211.6501    0    0.850   1.0000          NULL 
212.5002    1    5.100   1.0000          evt1
217.6002    0    0.850   1.0000          NULL 
218.4502    4    5.100   1.0000          evt4
223.5502    0    1.700   1.0000          NULL 
225.2502    1    5.100   1.0000          evt1
230.3502    0    0.850   1.0000          NULL 
231.2002    2    5.100   1.0000          evt2
236.3002    0    1.700   1.0000          NULL 
238.0002    2    5.100   1.0000          evt2
243.1002    0    0.850   1.0000          NULL 
243.9502    4    5.100   1.0000          evt4
249.0502    0    0.850   1.0000          NULL 
249.9002    2    5.100   1.0000          evt2
255.0002    0    1.700   1.0000          NULL 
256.7003    3    5.100   1.0000          evt3
261.8003    0    0.850   1.0000          NULL 
262.6503    1    5.100   1.0000          evt1
267.7503    0    1.700   1.0000          NULL 
269.4503    6    5.100   1.0000          evt6
274.5503    0    1.700   1.0000          NULL 
276.2503    6    5.100   1.0000          evt6
281.3503    0    3.400   1.0000          NULL 
284.7503    6    5.100   1.0000          evt6
289.8503    0    0.850   1.0000          NULL 
290.7003    6    5.100   1.0000          evt6
295.8004    0    1.700   1.0000          NULL 
297.5004    6    5.100   1.0000          evt6
302.6004    0    0.850   1.0000          NULL 
303.4504    3    5.100   1.0000          evt3
308.5504    0    1.700   1.0000          NULL 
310.2504    4    5.100   1.0000          evt4
315.3504    0    0.850   1.0000          NULL 
316.2004    4    5.100   1.0000          evt4
321.3004    0    5.950   1.0000          NULL 
327.2505    6    5.100   1.0000          evt6
332.3505    0    0.850   1.0000          NULL 
333.2005    4    5.100   1.0000          evt4
338.3005    0    2.550   1.0000          NULL 
340.8505    3    5.100   1.0000          evt3
345.9505    0    0.850   1.0000          NULL 
346.8005    3    5.100   1.0000          evt3
351.9005    0    0.850   1.0000          NULL 
352.7505    4    5.100   1.0000          evt4
357.8505    0    2.549   1.0000          NULL 
