  0.0000    5    5.100   1.0000          evt5
  5.1000    0    0.850   1.0000          NULL 
  5.9500    6    5.100   1.0000          evt6
 11.0500    0    1.700   1.0000          NULL 
 12.7500    1    5.100   1.0000          evt1
 17.8500    0    0.850   1.0000          NULL 
 18.7000    6    5.100   1.0000          evt6
 23.8000    0    0.850   1.0000          NULL 
 24.6500    2    5.100   1.0000          evt2
 29.7500    0    1.700   1.0000          NULL 
 31.4500    4    5.100   1.0000          evt4
 36.5500    0    0.850   1.0000          NULL 
 37.4000    4    5.100   1.0000          evt4
 42.5000    0    0.850   1.0000          NULL 
 43.3500    5    5.100   1.0000          evt5
 48.4500    0    0.850   1.0000          NULL 
 49.3000    2    5.100   1.0000          evt2
 54.4000    0    2.550   1.0000          NULL 
 56.9500    1    5.100   1.0000          evt1
 62.0500    0    1.700   1.0000          NULL 
 63.7500    6    5.100   1.0000          evt6
 68.8500    0    0.850   1.0000          NULL 
 69.7000    5    5.100   1.0000          evt5
 74.8000    0    1.700   1.0000          NULL 
 76.5000    3    5.100   1.0000          evt3
 81.6000    0    0.850   1.0000          NULL 
 82.4500    3    5.100   1.0000          evt3
 87.5500    0    5.100   1.0000          NULL 
 92.6500    3    5.100   1.0000          evt3
 97.7500    0    0.850   1.0000          NULL 
 98.6000    1    5.100   1.0000          evt1
103.7000    0    0.850   1.0000          NULL 
104.5500    3    5.100   1.0000          evt3
109.6500    0    2.550   1.0000          NULL 
112.2000    6    5.100   1.0000          evt6
117.2999    0    0.850   1.0000          NULL 
118.1499    3    5.100   1.0000          evt3
123.2499    0    0.850   1.0000          NULL 
124.0999    1    5.100   1.0000          evt1
129.2000    0    0.850   1.0000          NULL 
130.0500    1    5.100   1.0000          evt1
135.1500    0    0.850   1.0000          NULL 
136.0000    4    5.100   1.0000          evt4
141.1000    0    0.850   1.0000          NULL 
141.9500    4    5.100   1.0000          evt4
147.0500    0    0.850   1.0000          NULL 
147.9000    4    5.100   1.0000          evt4
153.0000    0    2.550   1.0000          NULL 
155.5500    1    5.100   1.0000          evt1
160.6500    0    0.850   1.0000          NULL 
161.5000    3    5.100   1.0000          evt3
166.6000    0    1.700   1.0000          NULL 
168.3000    4    5.100   1.0000          evt4
173.4001    0    3.400   1.0000          NULL 
176.8001    1    5.100   1.0000          evt1
181.9001    0    0.850   1.0000          NULL 
182.7501    6    5.100   1.0000          evt6
187.8501    0    1.700   1.0000          NULL 
189.5501    3    5.100   1.0000          evt3
194.6501    0    0.850   1.0000          NULL 
195.5001    1    5.100   1.0000          evt1
200.6001    0    0.850   1.0000          NULL 
201.4501    4    5.100   1.0000          evt4
206.5501    0    5.100   1.0000          NULL 
211.6502    6    5.100   1.0000          evt6
216.7502    0    1.700   1.0000          NULL 
218.4502    4    5.100   1.0000          evt4
223.5502    0    1.700   1.0000          NULL 
225.2502    1    5.100   1.0000          evt1
230.3502    0    1.700   1.0000          NULL 
232.0502    3    5.100   1.0000          evt3
237.1502    0    0.850   1.0000          NULL 
238.0002    4    5.100   1.0000          evt4
243.1003    0    1.700   1.0000          NULL 
244.8003    5    5.100   1.0000          evt5
249.9003    0    1.700   1.0000          NULL 
251.6003    5    5.100   1.0000          evt5
256.7003    0    3.400   1.0000          NULL 
260.1003    3    5.100   1.0000          evt3
265.2003    0    2.550   1.0000          NULL 
267.7503    3    5.100   1.0000          evt3
272.8503    0    0.850   1.0000          NULL 
273.7003    3    5.100   1.0000          evt3
278.8004    0    1.700   1.0000          NULL 
280.5004    6    5.100   1.0000          evt6
285.6004    0    2.550   1.0000          NULL 
288.1504    6    5.100   1.0000          evt6
293.2504    0    1.700   1.0000          NULL 
294.9504    2    5.100   1.0000          evt2
300.0504    0    1.700   1.0000          NULL 
301.7504    2    5.100   1.0000          evt2
306.8504    0    0.850   1.0000          NULL 
307.7004    6    5.100   1.0000          evt6
312.8004    0    0.850   1.0000          NULL 
313.6505    2    5.100   1.0000          evt2
318.7505    0    0.850   1.0000          NULL 
319.6005    4    5.100   1.0000          evt4
324.7005    0    0.850   1.0000          NULL 
325.5505    6    5.100   1.0000          evt6
330.6505    0    1.700   1.0000          NULL 
332.3505    6    5.100   1.0000          evt6
337.4505    0    0.850   1.0000          NULL 
338.3005    4    5.100   1.0000          evt4
343.4005    0    0.850   1.0000          NULL 
344.2505    1    5.100   1.0000          evt1
349.3505    0    1.700   1.0000          NULL 
351.0505    1    5.100   1.0000          evt1
356.1505    0    4.249   1.0000          NULL 
