  0.0000    4    5.100   1.0000          evt4
  5.1000    0    0.850   1.0000          NULL 
  5.9500    4    5.100   1.0000          evt4
 11.0500    0    5.950   1.0000          NULL 
 17.0000    1    5.100   1.0000          evt1
 22.1000    0    2.550   1.0000          NULL 
 24.6500    2    5.100   1.0000          evt2
 29.7500    0    0.850   1.0000          NULL 
 30.6000    4    5.100   1.0000          evt4
 35.7000    0    3.400   1.0000          NULL 
 39.1000    4    5.100   1.0000          evt4
 44.2000    0    0.850   1.0000          NULL 
 45.0500    1    5.100   1.0000          evt1
 50.1500    0    2.550   1.0000          NULL 
 52.7000    3    5.100   1.0000          evt3
 57.8000    0    0.850   1.0000          NULL 
 58.6500    6    5.100   1.0000          evt6
 63.7500    0    0.850   1.0000          NULL 
 64.6000    4    5.100   1.0000          evt4
 69.7000    0    0.850   1.0000          NULL 
 70.5500    3    5.100   1.0000          evt3
 75.6500    0    0.850   1.0000          NULL 
 76.5000    5    5.100   1.0000          evt5
 81.6000    0    0.850   1.0000          NULL 
 82.4500    3    5.100   1.0000          evt3
 87.5500    0    0.850   1.0000          NULL 
 88.4000    4    5.100   1.0000          evt4
 93.5000    0    0.850   1.0000          NULL 
 94.3500    4    5.100   1.0000          evt4
 99.4500    0    3.400   1.0000          NULL 
102.8500    1    5.100   1.0000          evt1
107.9500    0    0.850   1.0000          NULL 
108.8000    1    5.100   1.0000          evt1
113.9000    0    1.700   1.0000          NULL 
115.6000    1    5.100   1.0000          evt1
120.7000    0    0.850   1.0000          NULL 
121.5499    1    5.100   1.0000          evt1
126.6499    0    2.550   1.0000          NULL 
129.2000    3    5.100   1.0000          evt3
134.3000    0    3.400   1.0000          NULL 
137.7000    4    5.100   1.0000          evt4
142.8000    0    4.250   1.0000          NULL 
147.0500    6    5.100   1.0000          evt6
152.1500    0    0.850   1.0000          NULL 
153.0000    4    5.100   1.0000          evt4
158.1000    0    1.700   1.0000          NULL 
159.8000    1    5.100   1.0000          evt1
164.9001    0    0.850   1.0000          NULL 
165.7501    3    5.100   1.0000          evt3
170.8501    0    0.850   1.0000          NULL 
171.7001    5    5.100   1.0000          evt5
176.8001    0    0.850   1.0000          NULL 
177.6501    6    5.100   1.0000          evt6
182.7501    0    1.700   1.0000          NULL 
184.4501    2    5.100   1.0000          evt2
189.5501    0    0.850   1.0000          NULL 
190.4001    6    5.100   1.0000          evt6
195.5001    0    0.850   1.0000          NULL 
196.3501    6    5.100   1.0000          evt6
201.4501    0    0.850   1.0000          NULL 
202.3001    1    5.100   1.0000          evt1
207.4001    0    1.700   1.0000          NULL 
209.1002    2    5.100   1.0000          evt2
214.2002    0    0.850   1.0000          NULL 
215.0502    3    5.100   1.0000          evt3
220.1502    0    0.850   1.0000          NULL 
221.0002    3    5.100   1.0000          evt3
226.1002    0    3.400   1.0000          NULL 
229.5002    2    5.100   1.0000          evt2
234.6002    0    0.850   1.0000          NULL 
235.4502    3    5.100   1.0000          evt3
240.5502    0    1.700   1.0000          NULL 
242.2502    2    5.100   1.0000          evt2
247.3503    0    1.700   1.0000          NULL 
249.0503    6    5.100   1.0000          evt6
254.1503    0    1.700   1.0000          NULL 
255.8503    6    5.100   1.0000          evt6
260.9503    0    0.850   1.0000          NULL 
261.8003    3    5.100   1.0000          evt3
266.9003    0    4.250   1.0000          NULL 
271.1503    6    5.100   1.0000          evt6
276.2503    0    1.700   1.0000          NULL 
277.9503    4    5.100   1.0000          evt4
283.0504    0    0.850   1.0000          NULL 
283.9004    1    5.100   1.0000          evt1
289.0004    0    1.700   1.0000          NULL 
290.7004    6    5.100   1.0000          evt6
295.8004    0    0.850   1.0000          NULL 
296.6504    6    5.100   1.0000          evt6
301.7504    0    1.700   1.0000          NULL 
303.4504    4    5.100   1.0000          evt4
308.5504    0    0.850   1.0000          NULL 
309.4004    5    5.100   1.0000          evt5
314.5004    0    0.850   1.0000          NULL 
315.3504    3    5.100   1.0000          evt3
320.4504    0    0.850   1.0000          NULL 
321.3004    6    5.100   1.0000          evt6
326.4005    0    0.850   1.0000          NULL 
327.2505    1    5.100   1.0000          evt1
332.3505    0    1.700   1.0000          NULL 
334.0505    5    5.100   1.0000          evt5
339.1505    0    0.850   1.0000          NULL 
340.0005    1    5.100   1.0000          evt1
345.1005    0    0.850   1.0000          NULL 
345.9505    3    5.100   1.0000          evt3
351.0505    0    1.700   1.0000          NULL 
352.7505    5    5.100   1.0000          evt5
357.8505    0    2.549   1.0000          NULL 
