  0.0000    3    5.100   1.0000          evt3
  5.1000    0    1.700   1.0000          NULL 
  6.8000    6    5.100   1.0000          evt6
 11.9000    4    5.100   1.0000          evt4
 17.0000    2    5.100   1.0000          evt2
 22.1000    0    2.550   1.0000          NULL 
 24.6500    1    5.100   1.0000          evt1
 29.7500    0    0.850   1.0000          NULL 
 30.6000    1    5.100   1.0000          evt1
 35.7000    0    0.850   1.0000          NULL 
 36.5500    5    5.100   1.0000          evt5
 41.6500    3    5.100   1.0000          evt3
 46.7500    0    4.250   1.0000          NULL 
 51.0000    3    5.100   1.0000          evt3
 56.1000    0    1.700   1.0000          NULL 
 57.8000    1    5.100   1.0000          evt1
 62.9000    0    0.850   1.0000          NULL 
 63.7500    3    5.100   1.0000          evt3
 68.8500    0    1.700   1.0000          NULL 
 70.5500    4    5.100   1.0000          evt4
 75.6500    0    1.700   1.0000          NULL 
 77.3500    3    5.100   1.0000          evt3
 82.4500    1    5.100   1.0000          evt1
 87.5500    0    0.850   1.0000          NULL 
 88.4000    2    5.100   1.0000          evt2
 93.5000    6    5.100   1.0000          evt6
 98.6000    0    2.550   1.0000          NULL 
101.1500    5    5.100   1.0000          evt5
106.2500    0    0.850   1.0000          NULL 
107.1000    3    5.100   1.0000          evt3
112.2000    1    5.100   1.0000          evt1
117.3000    3    5.100   1.0000          evt3
122.4000    0    3.400   1.0000          NULL 
125.7999    4    5.100   1.0000          evt4
130.8999    4    5.100   1.0000          evt4
136.0000    0    0.850   1.0000          NULL 
136.8500    6    5.100   1.0000          evt6
141.9500    4    5.100   1.0000          evt4
147.0500    0    3.400   1.0000          NULL 
150.4500    4    5.100   1.0000          evt4
155.5500    0    1.700   1.0000          NULL 
157.2500    1    5.100   1.0000          evt1
162.3500    0    1.700   1.0000          NULL 
164.0500    4    5.100   1.0000          evt4
169.1500    0    5.950   1.0000          NULL 
175.1001    1    5.100   1.0000          evt1
180.2001    0    4.250   1.0000          NULL 
184.4501    6    5.100   1.0000          evt6
189.5501    0    1.700   1.0000          NULL 
191.2501    3    5.100   1.0000          evt3
196.3501    0    1.700   1.0000          NULL 
198.0502    6    5.100   1.0000          evt6
203.1502    0    4.250   1.0000          NULL 
207.4002    6    5.100   1.0000          evt6
212.5002    0    3.400   1.0000          NULL 
215.9002    6    5.100   1.0000          evt6
221.0002    0    0.850   1.0000          NULL 
221.8502    2    5.100   1.0000          evt2
226.9502    0    0.850   1.0000          NULL 
227.8002    4    5.100   1.0000          evt4
232.9003    0    2.550   1.0000          NULL 
235.4503    3    5.100   1.0000          evt3
240.5503    0    2.550   1.0000          NULL 
243.1003    4    5.100   1.0000          evt4
248.2003    6    5.100   1.0000          evt6
253.3003    0    3.400   1.0000          NULL 
256.7003    5    5.100   1.0000          evt5
261.8003    5    5.100   1.0000          evt5
266.9003    0    0.850   1.0000          NULL 
267.7503    2    5.100   1.0000          evt2
272.8503    0    0.850   1.0000          NULL 
273.7003    6    5.100   1.0000          evt6
278.8004    0    0.850   1.0000          NULL 
279.6504    3    5.100   1.0000          evt3
284.7504    0    2.550   1.0000          NULL 
287.3004    1    5.100   1.0000          evt1
292.4004    6    5.100   1.0000          evt6
297.5004    1    5.100   1.0000          evt1
302.6004    0    1.700   1.0000          NULL 
304.3004    4    5.100   1.0000          evt4
309.4004    0    0.850   1.0000          NULL 
310.2504    2    5.100   1.0000          evt2
315.3504    0    0.850   1.0000          NULL 
316.2004    5    5.100   1.0000          evt5
321.3004    3    5.100   1.0000          evt3
326.4005    0    0.850   1.0000          NULL 
327.2505    6    5.100   1.0000          evt6
332.3505    0    1.700   1.0000          NULL 
334.0505    1    5.100   1.0000          evt1
339.1505    0    2.550   1.0000          NULL 
341.7005    4    5.100   1.0000          evt4
346.8005    0    0.850   1.0000          NULL 
347.6505    1    5.100   1.0000          evt1
352.7505    0    7.650   1.0000          NULL 
