  0.0000    3    5.100   1.0000          evt3
  5.1000    0    0.850   1.0000          NULL 
  5.9500    6    5.100   1.0000          evt6
 11.0500    0    0.850   1.0000          NULL 
 11.9000    5    5.100   1.0000          evt5
 17.0000    0    0.850   1.0000          NULL 
 17.8500    4    5.100   1.0000          evt4
 22.9500    0    1.700   1.0000          NULL 
 24.6500    3    5.100   1.0000          evt3
 29.7500    0    0.850   1.0000          NULL 
 30.6000    3    5.100   1.0000          evt3
 35.7000    0    0.850   1.0000          NULL 
 36.5500    2    5.100   1.0000          evt2
 41.6500    0    4.250   1.0000          NULL 
 45.9000    1    5.100   1.0000          evt1
 51.0000    0    3.400   1.0000          NULL 
 54.4000    4    5.100   1.0000          evt4
 59.5000    0    1.700   1.0000          NULL 
 61.2000    2    5.100   1.0000          evt2
 66.3000    0    0.850   1.0000          NULL 
 67.1500    5    5.100   1.0000          evt5
 72.2500    0    7.650   1.0000          NULL 
 79.9000    1    5.100   1.0000          evt1
 85.0000    0    0.850   1.0000          NULL 
 85.8500    3    5.100   1.0000          evt3
 90.9500    0    0.850   1.0000          NULL 
 91.8000    4    5.100   1.0000          evt4
 96.9000    0    1.700   1.0000          NULL 
 98.6000    3    5.100   1.0000          evt3
103.7000    0    0.850   1.0000          NULL 
104.5499    3    5.100   1.0000          evt3
109.6499    0    0.850   1.0000          NULL 
110.4999    5    5.100   1.0000          evt5
115.5999    0    0.850   1.0000          NULL 
116.4499    3    5.100   1.0000          evt3
121.5499    0    0.850   1.0000          NULL 
122.3999    4    5.100   1.0000          evt4
127.4999    0    0.850   1.0000          NULL 
128.3499    6    5.100   1.0000          evt6
133.4500    0    2.550   1.0000          NULL 
136.0000    6    5.100   1.0000          evt6
141.1000    0    1.700   1.0000          NULL 
142.8000    6    5.100   1.0000          evt6
147.9000    0    0.850   1.0000          NULL 
148.7500    3    5.100   1.0000          evt3
153.8500    0    0.850   1.0000          NULL 
154.7000    5    5.100   1.0000          evt5
159.8000    0    1.700   1.0000          NULL 
161.5000    4    5.100   1.0000          evt4
166.6000    0    0.850   1.0000          NULL 
167.4500    1    5.100   1.0000          evt1
172.5500    0    2.550   1.0000          NULL 
175.1001    1    5.100   1.0000          evt1
180.2001    0    0.850   1.0000          NULL 
181.0501    1    5.100   1.0000          evt1
186.1501    0    2.550   1.0000          NULL 
188.7001    6    5.100   1.0000          evt6
193.8001    0    2.550   1.0000          NULL 
196.3501    6    5.100   1.0000          evt6
201.4501    0    0.850   1.0000          NULL 
202.3001    1    5.100   1.0000          evt1
207.4001    0    2.550   1.0000          NULL 
209.9502    4    5.100   1.0000          evt4
215.0502    0    5.950   1.0000          NULL 
221.0002    6    5.100   1.0000          evt6
226.1002    0    1.700   1.0000          NULL 
227.8002    1    5.100   1.0000          evt1
232.9002    0    0.850   1.0000          NULL 
233.7502    6    5.100   1.0000          evt6
238.8503    0    4.250   1.0000          NULL 
243.1003    3    5.100   1.0000          evt3
248.2003    0    0.850   1.0000          NULL 
249.0503    1    5.100   1.0000          evt1
254.1503    0    0.850   1.0000          NULL 
255.0003    4    5.100   1.0000          evt4
260.1003    0    1.700   1.0000          NULL 
261.8003    4    5.100   1.0000          evt4
266.9003    0    0.850   1.0000          NULL 
267.7503    6    5.100   1.0000          evt6
272.8503    0    1.700   1.0000          NULL 
274.5504    4    5.100   1.0000          evt4
279.6504    0    0.850   1.0000          NULL 
280.5004    1    5.100   1.0000          evt1
285.6004    0    2.550   1.0000          NULL 
288.1504    6    5.100   1.0000          evt6
293.2504    0    0.850   1.0000          NULL 
294.1004    1    5.100   1.0000          evt1
299.2004    0    0.850   1.0000          NULL 
300.0504    2    5.100   1.0000          evt2
305.1504    0    1.700   1.0000          NULL 
306.8504    1    5.100   1.0000          evt1
311.9504    0    0.850   1.0000          NULL 
312.8004    4    5.100   1.0000          evt4
317.9005    0    0.850   1.0000          NULL 
318.7505    2    5.100   1.0000          evt2
323.8505    0    0.850   1.0000          NULL 
324.7005    5    5.100   1.0000          evt5
329.8005    0    0.850   1.0000          NULL 
330.6505    2    5.100   1.0000          evt2
335.7505    0    0.850   1.0000          NULL 
336.6005    4    5.100   1.0000          evt4
341.7005    0    0.850   1.0000          NULL 
342.5505    3    5.100   1.0000          evt3
347.6505    0    0.850   1.0000          NULL 
348.5005    6    5.100   1.0000          evt6
353.6005    0    0.850   1.0000          NULL 
354.4505    3    5.100   1.0000          evt3
359.5505    0    0.849   1.0000          NULL 
