  0.0000    3    5.100   1.0000          evt3
  5.1000    0    0.850   1.0000          NULL 
  5.9500    3    5.100   1.0000          evt3
 11.0500    0    1.700   1.0000          NULL 
 12.7500    1    5.100   1.0000          evt1
 17.8500    0    0.850   1.0000          NULL 
 18.7000    3    5.100   1.0000          evt3
 23.8000    0    0.850   1.0000          NULL 
 24.6500    6    5.100   1.0000          evt6
 29.7500    0    0.850   1.0000          NULL 
 30.6000    2    5.100   1.0000          evt2
 35.7000    0    1.700   1.0000          NULL 
 37.4000    5    5.100   1.0000          evt5
 42.5000    0    0.850   1.0000          NULL 
 43.3500    3    5.100   1.0000          evt3
 48.4500    0    1.700   1.0000          NULL 
 50.1500    4    5.100   1.0000          evt4
 55.2500    0    0.850   1.0000          NULL 
 56.1000    6    5.100   1.0000          evt6
 61.2000    0    1.700   1.0000          NULL 
 62.9000    6    5.100   1.0000          evt6
 68.0000    0    2.550   1.0000          NULL 
 70.5500    4    5.100   1.0000          evt4
 75.6500    0    2.550   1.0000          NULL 
 78.2000    4    5.100   1.0000          evt4
 83.3000    0    0.850   1.0000          NULL 
 84.1500    6    5.100   1.0000          evt6
 89.2500    0    0.850   1.0000          NULL 
 90.1000    6    5.100   1.0000          evt6
 95.2000    0    1.700   1.0000          NULL 
 96.9000    1    5.100   1.0000          evt1
102.0000    0    2.550   1.0000          NULL 
104.5500    6    5.100   1.0000          evt6
109.6500    0    0.850   1.0000          NULL 
110.5000    3    5.100   1.0000          evt3
115.6000    0    0.850   1.0000          NULL 
116.4500    1    5.100   1.0000          evt1
121.5499    0    1.700   1.0000          NULL 
123.2499    3    5.100   1.0000          evt3
128.3499    0    0.850   1.0000          NULL 
129.2000    1    5.100   1.0000          evt1
134.3000    0    4.250   1.0000          NULL 
138.5500    4    5.100   1.0000          evt4
143.6500    0    0.850   1.0000          NULL 
144.5000    6    5.100   1.0000          evt6
149.6000    0    2.550   1.0000          NULL 
152.1500    1    5.100   1.0000          evt1
157.2500    0    0.850   1.0000          NULL 
158.1000    4    5.100   1.0000          evt4
163.2000    0    1.700   1.0000          NULL 
164.9001    3    5.100   1.0000          evt3
170.0001    0    0.850   1.0000          NULL 
170.8501    4    5.100   1.0000          evt4
175.9501    0    0.850   1.0000          NULL 
176.8001    6    5.100   1.0000          evt6
181.9001    0    4.250   1.0000          NULL 
186.1501    3    5.100   1.0000          evt3
191.2501    0    1.700   1.0000          NULL 
192.9501    3    5.100   1.0000          evt3
198.0501    0    0.850   1.0000          NULL 
198.9001    3    5.100   1.0000          evt3
204.0002    0    0.850   1.0000          NULL 
204.8502    1    5.100   1.0000          evt1
209.9502    0    0.850   1.0000          NULL 
210.8002    1    5.100   1.0000          evt1
215.9002    0    0.850   1.0000          NULL 
216.7502    2    5.100   1.0000          evt2
221.8502    0    2.550   1.0000          NULL 
224.4002    5    5.100   1.0000          evt5
229.5002    0    2.550   1.0000          NULL 
232.0502    5    5.100   1.0000          evt5
237.1502    0    3.400   1.0000          NULL 
240.5503    6    5.100   1.0000          evt6
245.6503    0    2.550   1.0000          NULL 
248.2003    2    5.100   1.0000          evt2
253.3003    0    2.550   1.0000          NULL 
255.8503    6    5.100   1.0000          evt6
260.9503    0    2.550   1.0000          NULL 
263.5003    2    5.100   1.0000          evt2
268.6003    0    1.700   1.0000          NULL 
270.3004    5    5.100   1.0000          evt5
275.4004    0    4.250   1.0000          NULL 
279.6504    1    5.100   1.0000          evt1
284.7504    0    0.850   1.0000          NULL 
285.6004    1    5.100   1.0000          evt1
290.7004    0    0.850   1.0000          NULL 
291.5504    4    5.100   1.0000          evt4
296.6504    0    0.850   1.0000          NULL 
297.5004    4    5.100   1.0000          evt4
302.6004    0    0.850   1.0000          NULL 
303.4504    4    5.100   1.0000          evt4
308.5504    0    0.850   1.0000          NULL 
309.4005    1    5.100   1.0000          evt1
314.5005    0    0.850   1.0000          NULL 
315.3505    3    5.100   1.0000          evt3
320.4505    0    0.850   1.0000          NULL 
321.3005    6    5.100   1.0000          evt6
326.4005    0    1.700   1.0000          NULL 
328.1005    5    5.100   1.0000          evt5
333.2005    0    1.700   1.0000          NULL 
334.9005    4    5.100   1.0000          evt4
340.0005    0    0.850   1.0000          NULL 
340.8505    2    5.100   1.0000          evt2
345.9505    0    0.850   1.0000          NULL 
346.8005    4    5.100   1.0000          evt4
351.9005    0    2.550   1.0000          NULL 
354.4506    1    5.100   1.0000          evt1
359.5506    0    0.849   1.0000          NULL 
