  0.0000    2    5.100   1.0000          evt2
  5.1000    0    0.850   1.0000          NULL 
  5.9500    6    5.100   1.0000          evt6
 11.0500    0    3.400   1.0000          NULL 
 14.4500    2    5.100   1.0000          evt2
 19.5500    0    1.700   1.0000          NULL 
 21.2500    4    5.100   1.0000          evt4
 26.3500    0    5.100   1.0000          NULL 
 31.4500    6    5.100   1.0000          evt6
 36.5500    0    2.550   1.0000          NULL 
 39.1000    1    5.100   1.0000          evt1
 44.2000    3    5.100   1.0000          evt3
 49.3000    0    0.850   1.0000          NULL 
 50.1500    4    5.100   1.0000          evt4
 55.2500    0    1.700   1.0000          NULL 
 56.9500    4    5.100   1.0000          evt4
 62.0500    0    2.550   1.0000          NULL 
 64.6000    1    5.100   1.0000          evt1
 69.7000    1    5.100   1.0000          evt1
 74.8000    0    0.850   1.0000          NULL 
 75.6500    1    5.100   1.0000          evt1
 80.7500    4    5.100   1.0000          evt4
 85.8500    3    5.100   1.0000          evt3
 90.9500    0    0.850   1.0000          NULL 
 91.8000    4    5.100   1.0000          evt4
 96.9000    0    1.700   1.0000          NULL 
 98.6000    5    5.100   1.0000          evt5
103.7000    0    3.400   1.0000          NULL 
107.1000    6    5.100   1.0000          evt6
112.2000    6    5.100   1.0000          evt6
117.3000    0    1.700   1.0000          NULL 
119.0000    3    5.100   1.0000          evt3
124.1000    0    0.850   1.0000          NULL 
124.9500    3    5.100   1.0000          evt3
130.0500    0    8.500   1.0000          NULL 
138.5500    4    5.100   1.0000          evt4
143.6500    0    4.250   1.0000          NULL 
147.9001    4    5.100   1.0000          evt4
153.0001    0    0.850   1.0000          NULL 
153.8501    2    5.100   1.0000          evt2
158.9501    0    2.550   1.0000          NULL 
161.5001    4    5.100   1.0000          evt4
166.6001    0    0.850   1.0000          NULL 
167.4501    2    5.100   1.0000          evt2
172.5501    0    0.850   1.0000          NULL 
173.4001    6    5.100   1.0000          evt6
178.5001    0    5.950   1.0000          NULL 
184.4502    3    5.100   1.0000          evt3
189.5502    3    5.100   1.0000          evt3
194.6502    0    2.550   1.0000          NULL 
197.2002    1    5.100   1.0000          evt1
202.3002    5    5.100   1.0000          evt5
207.4002    6    5.100   1.0000          evt6
212.5002    0    0.850   1.0000          NULL 
213.3502    3    5.100   1.0000          evt3
218.4502    0    1.700   1.0000          NULL 
220.1502    5    5.100   1.0000          evt5
225.2502    1    5.100   1.0000          evt1
230.3503    0    1.700   1.0000          NULL 
232.0503    5    5.100   1.0000          evt5
237.1503    6    5.100   1.0000          evt6
242.2503    0    0.850   1.0000          NULL 
243.1003    1    5.100   1.0000          evt1
248.2003    0    0.850   1.0000          NULL 
249.0503    6    5.100   1.0000          evt6
254.1503    5    5.100   1.0000          evt5
259.2503    3    5.100   1.0000          evt3
264.3503    0    0.850   1.0000          NULL 
265.2003    3    5.100   1.0000          evt3
270.3003    3    5.100   1.0000          evt3
275.4003    0    4.250   1.0000          NULL 
279.6504    6    5.100   1.0000          evt6
284.7504    0    4.250   1.0000          NULL 
289.0004    6    5.100   1.0000          evt6
294.1004    0    0.850   1.0000          NULL 
294.9504    2    5.100   1.0000          evt2
300.0504    0    0.850   1.0000          NULL 
300.9004    4    5.100   1.0000          evt4
306.0004    0    1.700   1.0000          NULL 
307.7004    1    5.100   1.0000          evt1
312.8004    0    1.700   1.0000          NULL 
314.5005    4    5.100   1.0000          evt4
319.6005    0    0.850   1.0000          NULL 
320.4505    4    5.100   1.0000          evt4
325.5505    6    5.100   1.0000          evt6
330.6505    1    5.100   1.0000          evt1
335.7505    0    3.400   1.0000          NULL 
339.1505    1    5.100   1.0000          evt1
344.2505    0    3.400   1.0000          NULL 
347.6505    3    5.100   1.0000          evt3
352.7505    0    1.700   1.0000          NULL 
354.4506    1    5.100   1.0000          evt1
359.5506    0    0.849   1.0000          NULL 
