  0.0000    6    5.100   1.0000          evt6
  5.1000    0    1.700   1.0000          NULL 
  6.8000    3    5.100   1.0000          evt3
 11.9000    0    0.850   1.0000          NULL 
 12.7500    4    5.100   1.0000          evt4
 17.8500    4    5.100   1.0000          evt4
 22.9500    0    1.700   1.0000          NULL 
 24.6500    1    5.100   1.0000          evt1
 29.7500    0    1.700   1.0000          NULL 
 31.4500    1    5.100   1.0000          evt1
 36.5500    0    3.400   1.0000          NULL 
 39.9500    4    5.100   1.0000          evt4
 45.0500    0    0.850   1.0000          NULL 
 45.9000    1    5.100   1.0000          evt1
 51.0000    0    0.850   1.0000          NULL 
 51.8500    1    5.100   1.0000          evt1
 56.9500    0    3.400   1.0000          NULL 
 60.3500    6    5.100   1.0000          evt6
 65.4500    0    2.550   1.0000          NULL 
 68.0000    3    5.100   1.0000          evt3
 73.1000    6    5.100   1.0000          evt6
 78.2000    0    3.400   1.0000          NULL 
 81.6000    2    5.100   1.0000          evt2
 86.7000    0    3.400   1.0000          NULL 
 90.1000    3    5.100   1.0000          evt3
 95.2000    3    5.100   1.0000          evt3
100.3000    2    5.100   1.0000          evt2
105.4000    0    1.700   1.0000          NULL 
107.1000    1    5.100   1.0000          evt1
112.2000    0    0.850   1.0000          NULL 
113.0499    3    5.100   1.0000          evt3
118.1499    0    0.850   1.0000          NULL 
118.9999    1    5.100   1.0000          evt1
124.0999    0    3.400   1.0000          NULL 
127.4999    2    5.100   1.0000          evt2
132.5999    4    5.100   1.0000          evt4
137.7000    0    2.550   1.0000          NULL 
140.2500    6    5.100   1.0000          evt6
145.3500    6    5.100   1.0000          evt6
150.4500    3    5.100   1.0000          evt3
155.5500    0    4.250   1.0000          NULL 
159.8000    6    5.100   1.0000          evt6
164.9000    6    5.100   1.0000          evt6
170.0000    0    0.850   1.0000          NULL 
170.8500    3    5.100   1.0000          evt3
175.9500    0    6.800   1.0000          NULL 
182.7501    1    5.100   1.0000          evt1
187.8501    0    3.400   1.0000          NULL 
191.2501    6    5.100   1.0000          evt6
196.3501    0    0.850   1.0000          NULL 
197.2001    4    5.100   1.0000          evt4
202.3001    0    0.850   1.0000          NULL 
203.1501    1    5.100   1.0000          evt1
208.2502    0    0.850   1.0000          NULL 
209.1002    4    5.100   1.0000          evt4
214.2002    2    5.100   1.0000          evt2
219.3002    0    1.700   1.0000          NULL 
221.0002    3    5.100   1.0000          evt3
226.1002    6    5.100   1.0000          evt6
231.2002    0    3.400   1.0000          NULL 
234.6002    5    5.100   1.0000          evt5
239.7002    0    5.100   1.0000          NULL 
244.8003    5    5.100   1.0000          evt5
249.9003    4    5.100   1.0000          evt4
255.0003    0    3.400   1.0000          NULL 
258.4003    1    5.100   1.0000          evt1
263.5003    0    2.550   1.0000          NULL 
266.0503    5    5.100   1.0000          evt5
271.1503    2    5.100   1.0000          evt2
276.2503    0    0.850   1.0000          NULL 
277.1003    4    5.100   1.0000          evt4
282.2003    4    5.100   1.0000          evt4
287.3004    1    5.100   1.0000          evt1
292.4004    6    5.100   1.0000          evt6
297.5004    0    7.650   1.0000          NULL 
305.1504    6    5.100   1.0000          evt6
310.2504    3    5.100   1.0000          evt3
315.3504    1    5.100   1.0000          evt1
320.4504    0    0.850   1.0000          NULL 
321.3004    4    5.100   1.0000          evt4
326.4005    0    1.700   1.0000          NULL 
328.1005    5    5.100   1.0000          evt5
333.2005    0    1.700   1.0000          NULL 
334.9005    5    5.100   1.0000          evt5
340.0005    3    5.100   1.0000          evt3
345.1005    3    5.100   1.0000          evt3
350.2005    0    3.400   1.0000          NULL 
353.6005    4    5.100   1.0000          evt4
358.7005    0    1.699   1.0000          NULL 
