  0.0000    1    5.100   1.0000          evt1
  5.1000    2    5.100   1.0000          evt2
 10.2000    0    1.700   1.0000          NULL 
 11.9000    3    5.100   1.0000          evt3
 17.0000    1    5.100   1.0000          evt1
 22.1000    3    5.100   1.0000          evt3
 27.2000    0    2.550   1.0000          NULL 
 29.7500    6    5.100   1.0000          evt6
 34.8500    0    0.850   1.0000          NULL 
 35.7000    4    5.100   1.0000          evt4
 40.8000    0    1.700   1.0000          NULL 
 42.5000    2    5.100   1.0000          evt2
 47.6000    3    5.100   1.0000          evt3
 52.7000    2    5.100   1.0000          evt2
 57.8000    0    0.850   1.0000          NULL 
 58.6500    5    5.100   1.0000          evt5
 63.7500    0    3.400   1.0000          NULL 
 67.1500    3    5.100   1.0000          evt3
 72.2500    3    5.100   1.0000          evt3
 77.3500    0    3.400   1.0000          NULL 
 80.7500    4    5.100   1.0000          evt4
 85.8500    0    2.550   1.0000          NULL 
 88.4000    3    5.100   1.0000          evt3
 93.5000    0    0.850   1.0000          NULL 
 94.3500    4    5.100   1.0000          evt4
 99.4500    1    5.100   1.0000          evt1
104.5500    0    0.850   1.0000          NULL 
105.4000    3    5.100   1.0000          evt3
110.5000    0    2.550   1.0000          NULL 
113.0500    5    5.100   1.0000          evt5
118.1500    0    3.400   1.0000          NULL 
121.5499    5    5.100   1.0000          evt5
126.6499    0    2.550   1.0000          NULL 
129.2000    5    5.100   1.0000          evt5
134.3000    0    0.850   1.0000          NULL 
135.1500    3    5.100   1.0000          evt3
140.2500    0    3.400   1.0000          NULL 
143.6500    6    5.100   1.0000          evt6
148.7500    6    5.100   1.0000          evt6
153.8500    1    5.100   1.0000          evt1
158.9500    1    5.100   1.0000          evt1
164.0500    3    5.100   1.0000          evt3
169.1500    0    1.700   1.0000          NULL 
170.8500    6    5.100   1.0000          evt6
175.9500    0    8.500   1.0000          NULL 
184.4501    3    5.100   1.0000          evt3
189.5501    0    1.700   1.0000          NULL 
191.2501    4    5.100   1.0000          evt4
196.3501    0    4.250   1.0000          NULL 
200.6002    6    5.100   1.0000          evt6
205.7002    0    1.700   1.0000          NULL 
207.4002    4    5.100   1.0000          evt4
212.5002    4    5.100   1.0000          evt4
217.6002    0    1.700   1.0000          NULL 
219.3002    4    5.100   1.0000          evt4
224.4002    6    5.100   1.0000          evt6
229.5002    0    1.700   1.0000          NULL 
231.2002    6    5.100   1.0000          evt6
236.3002    0    0.850   1.0000          NULL 
237.1502    6    5.100   1.0000          evt6
242.2502    0    4.250   1.0000          NULL 
246.5003    6    5.100   1.0000          evt6
251.6003    0    0.850   1.0000          NULL 
252.4503    1    5.100   1.0000          evt1
257.5503    6    5.100   1.0000          evt6
262.6503    0    0.850   1.0000          NULL 
263.5003    5    5.100   1.0000          evt5
268.6003    1    5.100   1.0000          evt1
273.7003    0    0.850   1.0000          NULL 
274.5503    2    5.100   1.0000          evt2
279.6503    0    3.400   1.0000          NULL 
283.0504    3    5.100   1.0000          evt3
288.1504    0    6.800   1.0000          NULL 
294.9504    2    5.100   1.0000          evt2
300.0504    0    7.650   1.0000          NULL 
307.7005    4    5.100   1.0000          evt4
312.8005    6    5.100   1.0000          evt6
317.9005    4    5.100   1.0000          evt4
323.0005    1    5.100   1.0000          evt1
328.1005    0    5.100   1.0000          NULL 
333.2005    4    5.100   1.0000          evt4
338.3005    0    0.850   1.0000          NULL 
339.1505    1    5.100   1.0000          evt1
344.2505    4    5.100   1.0000          evt4
349.3506    1    5.100   1.0000          evt1
354.4506    1    5.100   1.0000          evt1
359.5506    0    0.849   1.0000          NULL 
