  0.0000    1    5.100   1.0000          evt1
  5.1000    0    0.850   1.0000          NULL 
  5.9500    1    5.100   1.0000          evt1
 11.0500    0    2.550   1.0000          NULL 
 13.6000    6    5.100   1.0000          evt6
 18.7000    0    0.850   1.0000          NULL 
 19.5500    4    5.100   1.0000          evt4
 24.6500    0    0.850   1.0000          NULL 
 25.5000    1    5.100   1.0000          evt1
 30.6000    0    1.700   1.0000          NULL 
 32.3000    6    5.100   1.0000          evt6
 37.4000    0    0.850   1.0000          NULL 
 38.2500    4    5.100   1.0000          evt4
 43.3500    0    0.850   1.0000          NULL 
 44.2000    6    5.100   1.0000          evt6
 49.3000    0    0.850   1.0000          NULL 
 50.1500    4    5.100   1.0000          evt4
 55.2500    0    0.850   1.0000          NULL 
 56.1000    3    5.100   1.0000          evt3
 61.2000    0    0.850   1.0000          NULL 
 62.0500    6    5.100   1.0000          evt6
 67.1500    0    2.550   1.0000          NULL 
 69.7000    1    5.100   1.0000          evt1
 74.8000    0    1.700   1.0000          NULL 
 76.5000    3    5.100   1.0000          evt3
 81.6000    0    2.550   1.0000          NULL 
 84.1500    2    5.100   1.0000          evt2
 89.2500    0    2.550   1.0000          NULL 
 91.8000    4    5.100   1.0000          evt4
 96.9000    0    0.850   1.0000          NULL 
 97.7500    4    5.100   1.0000          evt4
102.8500    0    0.850   1.0000          NULL 
103.7000    4    5.100   1.0000          evt4
108.8000    0    0.850   1.0000          NULL 
109.6500    3    5.100   1.0000          evt3
114.7500    0    0.850   1.0000          NULL 
115.6000    1    5.100   1.0000          evt1
120.7000    0    0.850   1.0000          NULL 
121.5499    4    5.100   1.0000          evt4
126.6499    0    5.100   1.0000          NULL 
131.7500    3    5.100   1.0000          evt3
136.8500    0    2.550   1.0000          NULL 
139.4000    3    5.100   1.0000          evt3
144.5000    0    1.700   1.0000          NULL 
146.2000    6    5.100   1.0000          evt6
151.3000    0    0.850   1.0000          NULL 
152.1500    1    5.100   1.0000          evt1
157.2500    0    1.700   1.0000          NULL 
158.9500    3    5.100   1.0000          evt3
164.0500    0    0.850   1.0000          NULL 
164.9001    5    5.100   1.0000          evt5
170.0001    0    0.850   1.0000          NULL 
170.8501    2    5.100   1.0000          evt2
175.9501    0    2.550   1.0000          NULL 
178.5001    1    5.100   1.0000          evt1
183.6001    0    2.550   1.0000          NULL 
186.1501    6    5.100   1.0000          evt6
191.2501    0    1.700   1.0000          NULL 
192.9501    1    5.100   1.0000          evt1
198.0501    0    0.850   1.0000          NULL 
198.9001    5    5.100   1.0000          evt5
204.0002    0    3.400   1.0000          NULL 
207.4002    3    5.100   1.0000          evt3
212.5002    0    1.700   1.0000          NULL 
214.2002    5    5.100   1.0000          evt5
219.3002    0    0.850   1.0000          NULL 
220.1502    2    5.100   1.0000          evt2
225.2502    0    1.700   1.0000          NULL 
226.9502    6    5.100   1.0000          evt6
232.0502    0    0.850   1.0000          NULL 
232.9002    1    5.100   1.0000          evt1
238.0002    0    1.700   1.0000          NULL 
239.7003    6    5.100   1.0000          evt6
244.8003    0    0.850   1.0000          NULL 
245.6503    6    5.100   1.0000          evt6
250.7503    0    1.700   1.0000          NULL 
252.4503    1    5.100   1.0000          evt1
257.5503    0    0.850   1.0000          NULL 
258.4003    6    5.100   1.0000          evt6
263.5003    0    5.100   1.0000          NULL 
268.6003    1    5.100   1.0000          evt1
273.7003    0    0.850   1.0000          NULL 
274.5504    6    5.100   1.0000          evt6
279.6504    0    1.700   1.0000          NULL 
281.3504    4    5.100   1.0000          evt4
286.4504    0    1.700   1.0000          NULL 
288.1504    3    5.100   1.0000          evt3
293.2504    0    0.850   1.0000          NULL 
294.1004    4    5.100   1.0000          evt4
299.2004    0    0.850   1.0000          NULL 
300.0504    4    5.100   1.0000          evt4
305.1504    0    0.850   1.0000          NULL 
306.0004    3    5.100   1.0000          evt3
311.1004    0    2.550   1.0000          NULL 
313.6505    3    5.100   1.0000          evt3
318.7505    0    1.700   1.0000          NULL 
320.4505    4    5.100   1.0000          evt4
325.5505    0    1.700   1.0000          NULL 
327.2505    5    5.100   1.0000          evt5
332.3505    0    0.850   1.0000          NULL 
333.2005    2    5.100   1.0000          evt2
338.3005    0    1.700   1.0000          NULL 
340.0005    5    5.100   1.0000          evt5
345.1005    0    2.550   1.0000          NULL 
347.6505    3    5.100   1.0000          evt3
352.7505    0    1.700   1.0000          NULL 
354.4506    2    5.100   1.0000          evt2
359.5506    0    0.849   1.0000          NULL 
