  0.0000    4    5.100   1.0000          evt4
  5.1000    2    5.100   1.0000          evt2
 10.2000    1    5.100   1.0000          evt1
 15.3000    0    0.850   1.0000          NULL 
 16.1500    3    5.100   1.0000          evt3
 21.2500    3    5.100   1.0000          evt3
 26.3500    0    3.400   1.0000          NULL 
 29.7500    1    5.100   1.0000          evt1
 34.8500    6    5.100   1.0000          evt6
 39.9500    0    0.850   1.0000          NULL 
 40.8000    6    5.100   1.0000          evt6
 45.9000    2    5.100   1.0000          evt2
 51.0000    6    5.100   1.0000          evt6
 56.1000    0    0.850   1.0000          NULL 
 56.9500    1    5.100   1.0000          evt1
 62.0500    0    2.550   1.0000          NULL 
 64.6000    6    5.100   1.0000          evt6
 69.7000    0    5.950   1.0000          NULL 
 75.6500    1    5.100   1.0000          evt1
 80.7500    0    4.250   1.0000          NULL 
 85.0000    2    5.100   1.0000          evt2
 90.1000    1    5.100   1.0000          evt1
 95.2000    0    0.850   1.0000          NULL 
 96.0500    5    5.100   1.0000          evt5
101.1500    0    3.400   1.0000          NULL 
104.5500    4    5.100   1.0000          evt4
109.6500    5    5.100   1.0000          evt5
114.7500    1    5.100   1.0000          evt1
119.8500    0    0.850   1.0000          NULL 
120.7000    3    5.100   1.0000          evt3
125.7999    0    0.850   1.0000          NULL 
126.6499    3    5.100   1.0000          evt3
131.7500    4    5.100   1.0000          evt4
136.8500    0    0.850   1.0000          NULL 
137.7000    3    5.100   1.0000          evt3
142.8000    0    1.700   1.0000          NULL 
144.5000    4    5.100   1.0000          evt4
149.6000    0    0.850   1.0000          NULL 
150.4500    6    5.100   1.0000          evt6
155.5500    0    0.850   1.0000          NULL 
156.4000    4    5.100   1.0000          evt4
161.5000    0    0.850   1.0000          NULL 
162.3500    4    5.100   1.0000          evt4
167.4500    0    0.850   1.0000          NULL 
168.3000    6    5.100   1.0000          evt6
173.4000    0    0.850   1.0000          NULL 
174.2500    5    5.100   1.0000          evt5
179.3501    6    5.100   1.0000          evt6
184.4501    0    1.700   1.0000          NULL 
186.1501    4    5.100   1.0000          evt4
191.2501    0    0.850   1.0000          NULL 
192.1001    3    5.100   1.0000          evt3
197.2001    0    1.700   1.0000          NULL 
198.9001    4    5.100   1.0000          evt4
204.0001    0    4.250   1.0000          NULL 
208.2501    2    5.100   1.0000          evt2
213.3501    6    5.100   1.0000          evt6
218.4501    0    0.850   1.0000          NULL 
219.3002    5    5.100   1.0000          evt5
224.4002    0    2.550   1.0000          NULL 
226.9502    1    5.100   1.0000          evt1
232.0502    0    1.700   1.0000          NULL 
233.7502    3    5.100   1.0000          evt3
238.8502    3    5.100   1.0000          evt3
243.9502    0    1.700   1.0000          NULL 
245.6502    6    5.100   1.0000          evt6
250.7502    0    0.850   1.0000          NULL 
251.6002    3    5.100   1.0000          evt3
256.7002    0    3.400   1.0000          NULL 
260.1003    1    5.100   1.0000          evt1
265.2003    2    5.100   1.0000          evt2
270.3003    0    4.250   1.0000          NULL 
274.5503    3    5.100   1.0000          evt3
279.6503    4    5.100   1.0000          evt4
284.7503    0    0.850   1.0000          NULL 
285.6003    1    5.100   1.0000          evt1
290.7003    0    5.950   1.0000          NULL 
296.6504    5    5.100   1.0000          evt5
301.7504    0    1.700   1.0000          NULL 
303.4504    6    5.100   1.0000          evt6
308.5504    0    0.850   1.0000          NULL 
309.4004    3    5.100   1.0000          evt3
314.5004    1    5.100   1.0000          evt1
319.6004    0    0.850   1.0000          NULL 
320.4504    4    5.100   1.0000          evt4
325.5504    0    0.850   1.0000          NULL 
326.4004    4    5.100   1.0000          evt4
331.5004    0    5.100   1.0000          NULL 
336.6005    1    5.100   1.0000          evt1
341.7005    0    6.800   1.0000          NULL 
348.5005    6    5.100   1.0000          evt6
353.6005    0    6.799   1.0000          NULL 
