  0.0000    1    5.100   1.0000          evt1
  5.1000    0    0.850   1.0000          NULL 
  5.9500    3    5.100   1.0000          evt3
 11.0500    0    1.700   1.0000          NULL 
 12.7500    2    5.100   1.0000          evt2
 17.8500    0    0.850   1.0000          NULL 
 18.7000    6    5.100   1.0000          evt6
 23.8000    0    0.850   1.0000          NULL 
 24.6500    5    5.100   1.0000          evt5
 29.7500    0    0.850   1.0000          NULL 
 30.6000    2    5.100   1.0000          evt2
 35.7000    0    1.700   1.0000          NULL 
 37.4000    5    5.100   1.0000          evt5
 42.5000    0    2.550   1.0000          NULL 
 45.0500    6    5.100   1.0000          evt6
 50.1500    0    2.550   1.0000          NULL 
 52.7000    4    5.100   1.0000          evt4
 57.8000    0    1.700   1.0000          NULL 
 59.5000    4    5.100   1.0000          evt4
 64.6000    0    1.700   1.0000          NULL 
 66.3000    6    5.100   1.0000          evt6
 71.4000    0    0.850   1.0000          NULL 
 72.2500    5    5.100   1.0000          evt5
 77.3500    0    0.850   1.0000          NULL 
 78.2000    1    5.100   1.0000          evt1
 83.3000    0    3.400   1.0000          NULL 
 86.7000    1    5.100   1.0000          evt1
 91.8000    0    0.850   1.0000          NULL 
 92.6500    4    5.100   1.0000          evt4
 97.7500    0    1.700   1.0000          NULL 
 99.4500    6    5.100   1.0000          evt6
104.5500    0    1.700   1.0000          NULL 
106.2500    6    5.100   1.0000          evt6
111.3500    0    1.700   1.0000          NULL 
113.0499    1    5.100   1.0000          evt1
118.1499    0    4.250   1.0000          NULL 
122.3999    6    5.100   1.0000          evt6
127.4999    0    1.700   1.0000          NULL 
129.2000    3    5.100   1.0000          evt3
134.3000    0    0.850   1.0000          NULL 
135.1500    1    5.100   1.0000          evt1
140.2500    0    2.550   1.0000          NULL 
142.8000    3    5.100   1.0000          evt3
147.9000    0    2.550   1.0000          NULL 
150.4500    3    5.100   1.0000          evt3
155.5500    0    1.700   1.0000          NULL 
157.2500    3    5.100   1.0000          evt3
162.3500    0    1.700   1.0000          NULL 
164.0500    6    5.100   1.0000          evt6
169.1501    0    1.700   1.0000          NULL 
170.8501    4    5.100   1.0000          evt4
175.9501    0    1.700   1.0000          NULL 
177.6501    2    5.100   1.0000          evt2
182.7501    0    1.700   1.0000          NULL 
184.4501    4    5.100   1.0000          evt4
189.5501    0    1.700   1.0000          NULL 
191.2501    4    5.100   1.0000          evt4
196.3501    0    2.550   1.0000          NULL 
198.9001    6    5.100   1.0000          evt6
204.0002    0    1.700   1.0000          NULL 
205.7002    4    5.100   1.0000          evt4
210.8002    0    2.550   1.0000          NULL 
213.3502    6    5.100   1.0000          evt6
218.4502    0    1.700   1.0000          NULL 
220.1502    5    5.100   1.0000          evt5
225.2502    0    0.850   1.0000          NULL 
226.1002    3    5.100   1.0000          evt3
231.2002    0    0.850   1.0000          NULL 
232.0502    4    5.100   1.0000          evt4
237.1502    0    1.700   1.0000          NULL 
238.8503    4    5.100   1.0000          evt4
243.9503    0    1.700   1.0000          NULL 
245.6503    2    5.100   1.0000          evt2
250.7503    0    1.700   1.0000          NULL 
252.4503    4    5.100   1.0000          evt4
257.5503    0    1.700   1.0000          NULL 
259.2503    6    5.100   1.0000          evt6
264.3503    0    0.850   1.0000          NULL 
265.2003    3    5.100   1.0000          evt3
270.3003    0    0.850   1.0000          NULL 
271.1503    3    5.100   1.0000          evt3
276.2503    0    0.850   1.0000          NULL 
277.1003    4    5.100   1.0000          evt4
282.2003    0    0.850   1.0000          NULL 
283.0504    5    5.100   1.0000          evt5
288.1504    0    1.700   1.0000          NULL 
289.8504    1    5.100   1.0000          evt1
294.9504    0    0.850   1.0000          NULL 
295.8004    1    5.100   1.0000          evt1
300.9004    0    1.700   1.0000          NULL 
302.6004    3    5.100   1.0000          evt3
307.7004    0    1.700   1.0000          NULL 
309.4004    1    5.100   1.0000          evt1
314.5004    0    1.700   1.0000          NULL 
316.2004    3    5.100   1.0000          evt3
321.3004    0    0.850   1.0000          NULL 
322.1505    1    5.100   1.0000          evt1
327.2505    0    1.700   1.0000          NULL 
328.9505    1    5.100   1.0000          evt1
334.0505    0    0.850   1.0000          NULL 
334.9005    3    5.100   1.0000          evt3
340.0005    0    0.850   1.0000          NULL 
340.8505    6    5.100   1.0000          evt6
345.9505    0    0.850   1.0000          NULL 
346.8005    1    5.100   1.0000          evt1
351.9005    0    0.850   1.0000          NULL 
352.7505    2    5.100   1.0000          evt2
357.8505    0    2.549   1.0000          NULL 
