  0.0000    1    5.100   1.0000          evt1
  5.1000    0    1.700   1.0000          NULL 
  6.8000    3    5.100   1.0000          evt3
 11.9000    0    0.850   1.0000          NULL 
 12.7500    3    5.100   1.0000          evt3
 17.8500    0    2.550   1.0000          NULL 
 20.4000    1    5.100   1.0000          evt1
 25.5000    0    0.850   1.0000          NULL 
 26.3500    6    5.100   1.0000          evt6
 31.4500    0    1.700   1.0000          NULL 
 33.1500    4    5.100   1.0000          evt4
 38.2500    0    2.550   1.0000          NULL 
 40.8000    6    5.100   1.0000          evt6
 45.9000    0    3.400   1.0000          NULL 
 49.3000    2    5.100   1.0000          evt2
 54.4000    2    5.100   1.0000          evt2
 59.5000    0    2.550   1.0000          NULL 
 62.0500    6    5.100   1.0000          evt6
 67.1500    6    5.100   1.0000          evt6
 72.2500    0    2.550   1.0000          NULL 
 74.8000    4    5.100   1.0000          evt4
 79.9000    0    0.850   1.0000          NULL 
 80.7500    1    5.100   1.0000          evt1
 85.8500    0    1.700   1.0000          NULL 
 87.5500    3    5.100   1.0000          evt3
 92.6500    6    5.100   1.0000          evt6
 97.7500    0    4.250   1.0000          NULL 
102.0000    6    5.100   1.0000          evt6
107.1000    0    5.950   1.0000          NULL 
113.0499    1    5.100   1.0000          evt1
118.1499    4    5.100   1.0000          evt4
123.2499    3    5.100   1.0000          evt3
128.3499    0    2.550   1.0000          NULL 
130.9000    3    5.100   1.0000          evt3
136.0000    0    2.550   1.0000          NULL 
138.5500    4    5.100   1.0000          evt4
143.6500    0    0.850   1.0000          NULL 
144.5000    3    5.100   1.0000          evt3
149.6000    3    5.100   1.0000          evt3
154.7000    0    0.850   1.0000          NULL 
155.5500    4    5.100   1.0000          evt4
160.6500    0    0.850   1.0000          NULL 
161.5000    4    5.100   1.0000          evt4
166.6000    0    0.850   1.0000          NULL 
167.4500    5    5.100   1.0000          evt5
172.5500    0    5.100   1.0000          NULL 
177.6501    2    5.100   1.0000          evt2
182.7501    0    1.700   1.0000          NULL 
184.4501    1    5.100   1.0000          evt1
189.5501    0    2.550   1.0000          NULL 
192.1001    5    5.100   1.0000          evt5
197.2001    1    5.100   1.0000          evt1
202.3001    0    1.700   1.0000          NULL 
204.0002    2    5.100   1.0000          evt2
209.1002    0    0.850   1.0000          NULL 
209.9502    6    5.100   1.0000          evt6
215.0502    1    5.100   1.0000          evt1
220.1502    3    5.100   1.0000          evt3
225.2502    0    0.850   1.0000          NULL 
226.1002    5    5.100   1.0000          evt5
231.2002    5    5.100   1.0000          evt5
236.3002    5    5.100   1.0000          evt5
241.4002    0    3.400   1.0000          NULL 
244.8002    4    5.100   1.0000          evt4
249.9002    0    0.850   1.0000          NULL 
250.7502    6    5.100   1.0000          evt6
255.8503    4    5.100   1.0000          evt4
260.9503    4    5.100   1.0000          evt4
266.0503    0    1.700   1.0000          NULL 
267.7503    1    5.100   1.0000          evt1
272.8503    0    1.700   1.0000          NULL 
274.5503    1    5.100   1.0000          evt1
279.6503    0    0.850   1.0000          NULL 
280.5003    6    5.100   1.0000          evt6
285.6003    0    1.700   1.0000          NULL 
287.3003    3    5.100   1.0000          evt3
292.4003    0    1.700   1.0000          NULL 
294.1003    1    5.100   1.0000          evt1
299.2003    0    1.700   1.0000          NULL 
300.9004    4    5.100   1.0000          evt4
306.0004    0    2.550   1.0000          NULL 
308.5504    4    5.100   1.0000          evt4
313.6504    0    0.850   1.0000          NULL 
314.5004    2    5.100   1.0000          evt2
319.6004    0    0.850   1.0000          NULL 
320.4504    3    5.100   1.0000          evt3
325.5504    0    5.950   1.0000          NULL 
331.5005    1    5.100   1.0000          evt1
336.6005    0    0.850   1.0000          NULL 
337.4505    6    5.100   1.0000          evt6
342.5505    0    5.100   1.0000          NULL 
347.6505    6    5.100   1.0000          evt6
352.7505    0    0.850   1.0000          NULL 
353.6005    3    5.100   1.0000          evt3
358.7005    0    1.699   1.0000          NULL 
