  0.0000    6    5.100   1.0000          evt6
  5.1000    0    1.700   1.0000          NULL 
  6.8000    4    5.100   1.0000          evt4
 11.9000    0    1.700   1.0000          NULL 
 13.6000    4    5.100   1.0000          evt4
 18.7000    0    0.850   1.0000          NULL 
 19.5500    4    5.100   1.0000          evt4
 24.6500    0    2.550   1.0000          NULL 
 27.2000    3    5.100   1.0000          evt3
 32.3000    0    1.700   1.0000          NULL 
 34.0000    1    5.100   1.0000          evt1
 39.1000    0    0.850   1.0000          NULL 
 39.9500    1    5.100   1.0000          evt1
 45.0500    0    3.400   1.0000          NULL 
 48.4500    4    5.100   1.0000          evt4
 53.5500    0    1.700   1.0000          NULL 
 55.2500    6    5.100   1.0000          evt6
 60.3500    0    0.850   1.0000          NULL 
 61.2000    6    5.100   1.0000          evt6
 66.3000    0    0.850   1.0000          NULL 
 67.1500    6    5.100   1.0000          evt6
 72.2500    0    3.400   1.0000          NULL 
 75.6500    1    5.100   1.0000          evt1
 80.7500    0    0.850   1.0000          NULL 
 81.6000    6    5.100   1.0000          evt6
 86.7000    0    0.850   1.0000          NULL 
 87.5500    5    5.100   1.0000          evt5
 92.6500    0    0.850   1.0000          NULL 
 93.5000    4    5.100   1.0000          evt4
 98.6000    0    2.550   1.0000          NULL 
101.1500    6    5.100   1.0000          evt6
106.2500    0    0.850   1.0000          NULL 
107.1000    1    5.100   1.0000          evt1
112.2000    0    1.700   1.0000          NULL 
113.8999    3    5.100   1.0000          evt3
118.9999    0    0.850   1.0000          NULL 
119.8499    3    5.100   1.0000          evt3
124.9499    0    3.400   1.0000          NULL 
128.3499    3    5.100   1.0000          evt3
133.4500    0    0.850   1.0000          NULL 
134.3000    2    5.100   1.0000          evt2
139.4000    0    1.700   1.0000          NULL 
141.1000    6    5.100   1.0000          evt6
146.2000    0    4.250   1.0000          NULL 
150.4500    1    5.100   1.0000          evt1
155.5500    0    0.850   1.0000          NULL 
156.4000    1    5.100   1.0000          evt1
161.5000    0    2.550   1.0000          NULL 
164.0500    6    5.100   1.0000          evt6
169.1501    0    0.850   1.0000          NULL 
170.0001    1    5.100   1.0000          evt1
175.1001    0    0.850   1.0000          NULL 
175.9501    1    5.100   1.0000          evt1
181.0501    0    0.850   1.0000          NULL 
181.9001    3    5.100   1.0000          evt3
187.0001    0    1.700   1.0000          NULL 
188.7001    3    5.100   1.0000          evt3
193.8001    0    1.700   1.0000          NULL 
195.5001    6    5.100   1.0000          evt6
200.6001    0    0.850   1.0000          NULL 
201.4501    3    5.100   1.0000          evt3
206.5501    0    1.700   1.0000          NULL 
208.2502    4    5.100   1.0000          evt4
213.3502    0    3.400   1.0000          NULL 
216.7502    3    5.100   1.0000          evt3
221.8502    0    1.700   1.0000          NULL 
223.5502    2    5.100   1.0000          evt2
228.6502    0    0.850   1.0000          NULL 
229.5002    5    5.100   1.0000          evt5
234.6002    0    0.850   1.0000          NULL 
235.4502    5    5.100   1.0000          evt5
240.5502    0    1.700   1.0000          NULL 
242.2502    5    5.100   1.0000          evt5
247.3503    0    3.400   1.0000          NULL 
250.7503    6    5.100   1.0000          evt6
255.8503    0    0.850   1.0000          NULL 
256.7003    6    5.100   1.0000          evt6
261.8003    0    2.550   1.0000          NULL 
264.3503    1    5.100   1.0000          evt1
269.4503    0    0.850   1.0000          NULL 
270.3003    2    5.100   1.0000          evt2
275.4003    0    0.850   1.0000          NULL 
276.2503    4    5.100   1.0000          evt4
281.3503    0    0.850   1.0000          NULL 
282.2003    2    5.100   1.0000          evt2
287.3004    0    0.850   1.0000          NULL 
288.1504    4    5.100   1.0000          evt4
293.2504    0    0.850   1.0000          NULL 
294.1004    2    5.100   1.0000          evt2
299.2004    0    0.850   1.0000          NULL 
300.0504    3    5.100   1.0000          evt3
305.1504    0    0.850   1.0000          NULL 
306.0004    3    5.100   1.0000          evt3
311.1004    0    0.850   1.0000          NULL 
311.9504    5    5.100   1.0000          evt5
317.0504    0    0.850   1.0000          NULL 
317.9004    4    5.100   1.0000          evt4
323.0004    0    0.850   1.0000          NULL 
323.8504    3    5.100   1.0000          evt3
328.9504    0    0.850   1.0000          NULL 
329.8004    1    5.100   1.0000          evt1
334.9005    0    5.950   1.0000          NULL 
340.8505    1    5.100   1.0000          evt1
345.9505    0    2.550   1.0000          NULL 
348.5005    4    5.100   1.0000          evt4
353.6005    0    0.850   1.0000          NULL 
354.4505    4    5.100   1.0000          evt4
359.5505    0    0.849   1.0000          NULL 
