  0.0000    1    5.100   1.0000          evt1
  5.1000    0    0.850   1.0000          NULL 
  5.9500    4    5.100   1.0000          evt4
 11.0500    0    0.850   1.0000          NULL 
 11.9000    4    5.100   1.0000          evt4
 17.0000    0    0.850   1.0000          NULL 
 17.8500    3    5.100   1.0000          evt3
 22.9500    0    3.400   1.0000          NULL 
 26.3500    5    5.100   1.0000          evt5
 31.4500    0    1.700   1.0000          NULL 
 33.1500    2    5.100   1.0000          evt2
 38.2500    0    0.850   1.0000          NULL 
 39.1000    2    5.100   1.0000          evt2
 44.2000    0    4.250   1.0000          NULL 
 48.4500    1    5.100   1.0000          evt1
 53.5500    0    0.850   1.0000          NULL 
 54.4000    2    5.100   1.0000          evt2
 59.5000    0    0.850   1.0000          NULL 
 60.3500    1    5.100   1.0000          evt1
 65.4500    0    1.700   1.0000          NULL 
 67.1500    3    5.100   1.0000          evt3
 72.2500    0    0.850   1.0000          NULL 
 73.1000    4    5.100   1.0000          evt4
 78.2000    0    0.850   1.0000          NULL 
 79.0500    6    5.100   1.0000          evt6
 84.1500    0    0.850   1.0000          NULL 
 85.0000    4    5.100   1.0000          evt4
 90.1000    0    0.850   1.0000          NULL 
 90.9500    1    5.100   1.0000          evt1
 96.0500    0    0.850   1.0000          NULL 
 96.9000    3    5.100   1.0000          evt3
102.0000    0    0.850   1.0000          NULL 
102.8500    6    5.100   1.0000          evt6
107.9500    0    0.850   1.0000          NULL 
108.8000    4    5.100   1.0000          evt4
113.9000    0    0.850   1.0000          NULL 
114.7500    3    5.100   1.0000          evt3
119.8500    0    0.850   1.0000          NULL 
120.7000    2    5.100   1.0000          evt2
125.7999    0    3.400   1.0000          NULL 
129.2000    6    5.100   1.0000          evt6
134.3000    0    1.700   1.0000          NULL 
136.0000    6    5.100   1.0000          evt6
141.1000    0    2.550   1.0000          NULL 
143.6500    4    5.100   1.0000          evt4
148.7500    0    1.700   1.0000          NULL 
150.4500    3    5.100   1.0000          evt3
155.5500    0    0.850   1.0000          NULL 
156.4000    5    5.100   1.0000          evt5
161.5000    0    3.400   1.0000          NULL 
164.9001    3    5.100   1.0000          evt3
170.0001    0    0.850   1.0000          NULL 
170.8501    1    5.100   1.0000          evt1
175.9501    0    2.550   1.0000          NULL 
178.5001    5    5.100   1.0000          evt5
183.6001    0    4.250   1.0000          NULL 
187.8501    1    5.100   1.0000          evt1
192.9501    0    4.250   1.0000          NULL 
197.2002    6    5.100   1.0000          evt6
202.3002    0    1.700   1.0000          NULL 
204.0002    3    5.100   1.0000          evt3
209.1002    0    0.850   1.0000          NULL 
209.9502    1    5.100   1.0000          evt1
215.0502    0    1.700   1.0000          NULL 
216.7502    3    5.100   1.0000          evt3
221.8502    0    1.700   1.0000          NULL 
223.5502    2    5.100   1.0000          evt2
228.6502    0    0.850   1.0000          NULL 
229.5002    4    5.100   1.0000          evt4
234.6003    0    2.550   1.0000          NULL 
237.1503    4    5.100   1.0000          evt4
242.2503    0    0.850   1.0000          NULL 
243.1003    6    5.100   1.0000          evt6
248.2003    0    1.700   1.0000          NULL 
249.9003    1    5.100   1.0000          evt1
255.0003    0    1.700   1.0000          NULL 
256.7003    3    5.100   1.0000          evt3
261.8003    0    0.850   1.0000          NULL 
262.6503    1    5.100   1.0000          evt1
267.7503    0    0.850   1.0000          NULL 
268.6003    1    5.100   1.0000          evt1
273.7003    0    1.700   1.0000          NULL 
275.4004    6    5.100   1.0000          evt6
280.5004    0    0.850   1.0000          NULL 
281.3504    6    5.100   1.0000          evt6
286.4504    0    0.850   1.0000          NULL 
287.3004    3    5.100   1.0000          evt3
292.4004    0    0.850   1.0000          NULL 
293.2504    4    5.100   1.0000          evt4
298.3504    0    0.850   1.0000          NULL 
299.2004    4    5.100   1.0000          evt4
304.3004    0    2.550   1.0000          NULL 
306.8504    6    5.100   1.0000          evt6
311.9504    0    0.850   1.0000          NULL 
312.8004    1    5.100   1.0000          evt1
317.9005    0    2.550   1.0000          NULL 
320.4505    6    5.100   1.0000          evt6
325.5505    0    1.700   1.0000          NULL 
327.2505    3    5.100   1.0000          evt3
332.3505    0    1.700   1.0000          NULL 
334.0505    5    5.100   1.0000          evt5
339.1505    0    0.850   1.0000          NULL 
340.0005    6    5.100   1.0000          evt6
345.1005    0    1.700   1.0000          NULL 
346.8005    4    5.100   1.0000          evt4
351.9005    0    0.850   1.0000          NULL 
352.7505    5    5.100   1.0000          evt5
357.8506    0    2.549   1.0000          NULL 
