  0.0000    5    5.100   1.0000          evt5
  5.1000    0    0.850   1.0000          NULL 
  5.9500    2    5.100   1.0000          evt2
 11.0500    0    0.850   1.0000          NULL 
 11.9000    1    5.100   1.0000          evt1
 17.0000    0    0.850   1.0000          NULL 
 17.8500    6    5.100   1.0000          evt6
 22.9500    0    0.850   1.0000          NULL 
 23.8000    4    5.100   1.0000          evt4
 28.9000    0    0.850   1.0000          NULL 
 29.7500    1    5.100   1.0000          evt1
 34.8500    0    0.850   1.0000          NULL 
 35.7000    4    5.100   1.0000          evt4
 40.8000    0    0.850   1.0000          NULL 
 41.6500    4    5.100   1.0000          evt4
 46.7500    0    2.550   1.0000          NULL 
 49.3000    6    5.100   1.0000          evt6
 54.4000    0    0.850   1.0000          NULL 
 55.2500    6    5.100   1.0000          evt6
 60.3500    0    0.850   1.0000          NULL 
 61.2000    4    5.100   1.0000          evt4
 66.3000    0    1.700   1.0000          NULL 
 68.0000    4    5.100   1.0000          evt4
 73.1000    0    1.700   1.0000          NULL 
 74.8000    3    5.100   1.0000          evt3
 79.9000    0    0.850   1.0000          NULL 
 80.7500    1    5.100   1.0000          evt1
 85.8500    0    0.850   1.0000          NULL 
 86.7000    1    5.100   1.0000          evt1
 91.8000    0    0.850   1.0000          NULL 
 92.6500    3    5.100   1.0000          evt3
 97.7500    0    2.550   1.0000          NULL 
100.3000    2    5.100   1.0000          evt2
105.4000    0    2.550   1.0000          NULL 
107.9500    5    5.100   1.0000          evt5
113.0500    0    1.700   1.0000          NULL 
114.7500    1    5.100   1.0000          evt1
119.8500    0    0.850   1.0000          NULL 
120.7000    3    5.100   1.0000          evt3
125.7999    0    0.850   1.0000          NULL 
126.6499    6    5.100   1.0000          evt6
131.7500    0    0.850   1.0000          NULL 
132.6000    3    5.100   1.0000          evt3
137.7000    0    0.850   1.0000          NULL 
138.5500    3    5.100   1.0000          evt3
143.6500    0    4.250   1.0000          NULL 
147.9000    6    5.100   1.0000          evt6
153.0000    0    0.850   1.0000          NULL 
153.8500    3    5.100   1.0000          evt3
158.9500    0    0.850   1.0000          NULL 
159.8000    2    5.100   1.0000          evt2
164.9000    0    1.700   1.0000          NULL 
166.6001    1    5.100   1.0000          evt1
171.7001    0    1.700   1.0000          NULL 
173.4001    6    5.100   1.0000          evt6
178.5001    0    0.850   1.0000          NULL 
179.3501    5    5.100   1.0000          evt5
184.4501    0    0.850   1.0000          NULL 
185.3001    3    5.100   1.0000          evt3
190.4001    0    0.850   1.0000          NULL 
191.2501    4    5.100   1.0000          evt4
196.3501    0    0.850   1.0000          NULL 
197.2001    2    5.100   1.0000          evt2
202.3001    0    0.850   1.0000          NULL 
203.1501    5    5.100   1.0000          evt5
208.2501    0    0.850   1.0000          NULL 
209.1001    4    5.100   1.0000          evt4
214.2001    0    1.700   1.0000          NULL 
215.9002    4    5.100   1.0000          evt4
221.0002    0    1.700   1.0000          NULL 
222.7002    6    5.100   1.0000          evt6
227.8002    0    4.250   1.0000          NULL 
232.0502    6    5.100   1.0000          evt6
237.1502    0    1.700   1.0000          NULL 
238.8502    3    5.100   1.0000          evt3
243.9502    0    0.850   1.0000          NULL 
244.8002    3    5.100   1.0000          evt3
249.9003    0    0.850   1.0000          NULL 
250.7503    1    5.100   1.0000          evt1
255.8503    0    6.800   1.0000          NULL 
262.6503    5    5.100   1.0000          evt5
267.7503    0    1.700   1.0000          NULL 
269.4503    1    5.100   1.0000          evt1
274.5503    0    1.700   1.0000          NULL 
276.2503    4    5.100   1.0000          evt4
281.3503    0    0.850   1.0000          NULL 
282.2003    1    5.100   1.0000          evt1
287.3004    0    0.850   1.0000          NULL 
288.1504    3    5.100   1.0000          evt3
293.2504    0    5.950   1.0000          NULL 
299.2004    1    5.100   1.0000          evt1
304.3004    0    0.850   1.0000          NULL 
305.1504    4    5.100   1.0000          evt4
310.2504    0    2.550   1.0000          NULL 
312.8004    6    5.100   1.0000          evt6
317.9005    0    2.550   1.0000          NULL 
320.4505    1    5.100   1.0000          evt1
325.5505    0    0.850   1.0000          NULL 
326.4005    6    5.100   1.0000          evt6
331.5005    0    0.850   1.0000          NULL 
332.3505    4    5.100   1.0000          evt4
337.4505    0    1.700   1.0000          NULL 
339.1505    3    5.100   1.0000          evt3
344.2505    0    0.850   1.0000          NULL 
345.1005    2    5.100   1.0000          evt2
350.2005    0    1.700   1.0000          NULL 
351.9005    6    5.100   1.0000          evt6
357.0005    0    3.399   1.0000          NULL 
