  0.0000    6    5.100   1.0000          evt6
  5.1000    0    0.850   1.0000          NULL 
  5.9500    6    5.100   1.0000          evt6
 11.0500    0    2.550   1.0000          NULL 
 13.6000    1    5.100   1.0000          evt1
 18.7000    0    3.400   1.0000          NULL 
 22.1000    1    5.100   1.0000          evt1
 27.2000    0    0.850   1.0000          NULL 
 28.0500    1    5.100   1.0000          evt1
 33.1500    3    5.100   1.0000          evt3
 38.2500    4    5.100   1.0000          evt4
 43.3500    0    0.850   1.0000          NULL 
 44.2000    2    5.100   1.0000          evt2
 49.3000    6    5.100   1.0000          evt6
 54.4000    3    5.100   1.0000          evt3
 59.5000    2    5.100   1.0000          evt2
 64.6000    0    2.550   1.0000          NULL 
 67.1500    6    5.100   1.0000          evt6
 72.2500    0    0.850   1.0000          NULL 
 73.1000    6    5.100   1.0000          evt6
 78.2000    0    0.850   1.0000          NULL 
 79.0500    4    5.100   1.0000          evt4
 84.1500    0    1.700   1.0000          NULL 
 85.8500    1    5.100   1.0000          evt1
 90.9500    0    2.550   1.0000          NULL 
 93.5000    1    5.100   1.0000          evt1
 98.6000    0    5.100   1.0000          NULL 
103.7000    3    5.100   1.0000          evt3
108.8000    0    0.850   1.0000          NULL 
109.6500    1    5.100   1.0000          evt1
114.7500    0    8.500   1.0000          NULL 
123.2499    5    5.100   1.0000          evt5
128.3499    0    1.700   1.0000          NULL 
130.0500    4    5.100   1.0000          evt4
135.1500    0    0.850   1.0000          NULL 
136.0000    4    5.100   1.0000          evt4
141.1000    1    5.100   1.0000          evt1
146.2000    0    0.850   1.0000          NULL 
147.0500    3    5.100   1.0000          evt3
152.1500    0    0.850   1.0000          NULL 
153.0000    3    5.100   1.0000          evt3
158.1000    2    5.100   1.0000          evt2
163.2000    6    5.100   1.0000          evt6
168.3000    1    5.100   1.0000          evt1
173.4000    0    7.650   1.0000          NULL 
181.0501    6    5.100   1.0000          evt6
186.1501    3    5.100   1.0000          evt3
191.2501    0    3.400   1.0000          NULL 
194.6501    4    5.100   1.0000          evt4
199.7501    0    0.850   1.0000          NULL 
200.6001    5    5.100   1.0000          evt5
205.7001    0    0.850   1.0000          NULL 
206.5501    2    5.100   1.0000          evt2
211.6501    0    1.700   1.0000          NULL 
213.3502    1    5.100   1.0000          evt1
218.4502    4    5.100   1.0000          evt4
223.5502    0    0.850   1.0000          NULL 
224.4002    6    5.100   1.0000          evt6
229.5002    0    2.550   1.0000          NULL 
232.0502    5    5.100   1.0000          evt5
237.1502    6    5.100   1.0000          evt6
242.2502    6    5.100   1.0000          evt6
247.3502    5    5.100   1.0000          evt5
252.4502    6    5.100   1.0000          evt6
257.5502    0    5.950   1.0000          NULL 
263.5003    2    5.100   1.0000          evt2
268.6003    0    4.250   1.0000          NULL 
272.8503    3    5.100   1.0000          evt3
277.9503    4    5.100   1.0000          evt4
283.0503    0    4.250   1.0000          NULL 
287.3004    3    5.100   1.0000          evt3
292.4004    3    5.100   1.0000          evt3
297.5004    0    6.800   1.0000          NULL 
304.3004    1    5.100   1.0000          evt1
309.4004    0    3.400   1.0000          NULL 
312.8004    4    5.100   1.0000          evt4
317.9005    0    0.850   1.0000          NULL 
318.7505    5    5.100   1.0000          evt5
323.8505    0    1.700   1.0000          NULL 
325.5505    3    5.100   1.0000          evt3
330.6505    0    0.850   1.0000          NULL 
331.5005    4    5.100   1.0000          evt4
336.6005    1    5.100   1.0000          evt1
341.7005    0    1.700   1.0000          NULL 
343.4005    4    5.100   1.0000          evt4
348.5005    3    5.100   1.0000          evt3
353.6005    0    0.850   1.0000          NULL 
354.4505    4    5.100   1.0000          evt4
359.5505    0    0.849   1.0000          NULL 
