  0.0000    3    5.100   1.0000          evt3
  5.1000    0    3.400   1.0000          NULL 
  8.5000    4    5.100   1.0000          evt4
 13.6000    0    0.850   1.0000          NULL 
 14.4500    4    5.100   1.0000          evt4
 19.5500    0    7.650   1.0000          NULL 
 27.2000    1    5.100   1.0000          evt1
 32.3000    0    3.400   1.0000          NULL 
 35.7000    1    5.100   1.0000          evt1
 40.8000    0    7.650   1.0000          NULL 
 48.4500    1    5.100   1.0000          evt1
 53.5500    0    0.850   1.0000          NULL 
 54.4000    4    5.100   1.0000          evt4
 59.5000    3    5.100   1.0000          evt3
 64.6000    0    0.850   1.0000          NULL 
 65.4500    3    5.100   1.0000          evt3
 70.5500    1    5.100   1.0000          evt1
 75.6500    0    1.700   1.0000          NULL 
 77.3500    2    5.100   1.0000          evt2
 82.4500    0    1.700   1.0000          NULL 
 84.1500    1    5.100   1.0000          evt1
 89.2500    0    1.700   1.0000          NULL 
 90.9500    1    5.100   1.0000          evt1
 96.0500    3    5.100   1.0000          evt3
101.1500    0    1.700   1.0000          NULL 
102.8500    3    5.100   1.0000          evt3
107.9500    0    5.950   1.0000          NULL 
113.8999    3    5.100   1.0000          evt3
118.9999    1    5.100   1.0000          evt1
124.0999    0    0.850   1.0000          NULL 
124.9499    3    5.100   1.0000          evt3
130.0499    0    1.700   1.0000          NULL 
131.7500    3    5.100   1.0000          evt3
136.8500    3    5.100   1.0000          evt3
141.9500    4    5.100   1.0000          evt4
147.0500    0    0.850   1.0000          NULL 
147.9000    1    5.100   1.0000          evt1
153.0000    0    0.850   1.0000          NULL 
153.8500    5    5.100   1.0000          evt5
158.9500    0    3.400   1.0000          NULL 
162.3500    5    5.100   1.0000          evt5
167.4500    2    5.100   1.0000          evt2
172.5500    0    2.550   1.0000          NULL 
175.1001    4    5.100   1.0000          evt4
180.2001    0    0.850   1.0000          NULL 
181.0501    6    5.100   1.0000          evt6
186.1501    0    2.550   1.0000          NULL 
188.7001    4    5.100   1.0000          evt4
193.8001    0    0.850   1.0000          NULL 
194.6501    6    5.100   1.0000          evt6
199.7501    0    1.700   1.0000          NULL 
201.4501    2    5.100   1.0000          evt2
206.5501    0    0.850   1.0000          NULL 
207.4001    6    5.100   1.0000          evt6
212.5001    1    5.100   1.0000          evt1
217.6001    0    2.550   1.0000          NULL 
220.1502    2    5.100   1.0000          evt2
225.2502    4    5.100   1.0000          evt4
230.3502    0    1.700   1.0000          NULL 
232.0502    6    5.100   1.0000          evt6
237.1502    0    0.850   1.0000          NULL 
238.0002    5    5.100   1.0000          evt5
243.1002    0    1.700   1.0000          NULL 
244.8002    2    5.100   1.0000          evt2
249.9002    6    5.100   1.0000          evt6
255.0002    0    2.550   1.0000          NULL 
257.5502    4    5.100   1.0000          evt4
262.6502    0    4.250   1.0000          NULL 
266.9003    6    5.100   1.0000          evt6
272.0003    6    5.100   1.0000          evt6
277.1003    0    2.550   1.0000          NULL 
279.6503    6    5.100   1.0000          evt6
284.7503    0    4.250   1.0000          NULL 
289.0003    6    5.100   1.0000          evt6
294.1003    0    2.550   1.0000          NULL 
296.6504    1    5.100   1.0000          evt1
301.7504    3    5.100   1.0000          evt3
306.8504    0    0.850   1.0000          NULL 
307.7004    4    5.100   1.0000          evt4
312.8004    4    5.100   1.0000          evt4
317.9004    0    1.700   1.0000          NULL 
319.6004    6    5.100   1.0000          evt6
324.7004    0    0.850   1.0000          NULL 
325.5504    6    5.100   1.0000          evt6
330.6504    4    5.100   1.0000          evt4
335.7504    0    0.850   1.0000          NULL 
336.6004    1    5.100   1.0000          evt1
341.7004    3    5.100   1.0000          evt3
346.8004    5    5.100   1.0000          evt5
351.9005    5    5.100   1.0000          evt5
357.0005    0    3.400   1.0000          NULL 
