  0.0000    3    5.100   1.0000          evt3
  5.1000    4    5.100   1.0000          evt4
 10.2000    0    4.250   1.0000          NULL 
 14.4500    4    5.100   1.0000          evt4
 19.5500    6    5.100   1.0000          evt6
 24.6500    1    5.100   1.0000          evt1
 29.7500    3    5.100   1.0000          evt3
 34.8500    3    5.100   1.0000          evt3
 39.9500    0    2.550   1.0000          NULL 
 42.5000    1    5.100   1.0000          evt1
 47.6000    4    5.100   1.0000          evt4
 52.7000    0    1.700   1.0000          NULL 
 54.4000    4    5.100   1.0000          evt4
 59.5000    0    5.100   1.0000          NULL 
 64.6000    4    5.100   1.0000          evt4
 69.7000    6    5.100   1.0000          evt6
 74.8000    0    1.700   1.0000          NULL 
 76.5000    6    5.100   1.0000          evt6
 81.6000    0    5.950   1.0000          NULL 
 87.5500    1    5.100   1.0000          evt1
 92.6500    0    1.700   1.0000          NULL 
 94.3500    2    5.100   1.0000          evt2
 99.4500    0    2.550   1.0000          NULL 
102.0000    2    5.100   1.0000          evt2
107.1000    4    5.100   1.0000          evt4
112.2000    4    5.100   1.0000          evt4
117.2999    0    0.850   1.0000          NULL 
118.1499    4    5.100   1.0000          evt4
123.2499    0    0.850   1.0000          NULL 
124.0999    6    5.100   1.0000          evt6
129.2000    0    0.850   1.0000          NULL 
130.0500    6    5.100   1.0000          evt6
135.1500    3    5.100   1.0000          evt3
140.2500    0    2.550   1.0000          NULL 
142.8000    2    5.100   1.0000          evt2
147.9000    0    2.550   1.0000          NULL 
150.4500    1    5.100   1.0000          evt1
155.5500    0    2.550   1.0000          NULL 
158.1000    2    5.100   1.0000          evt2
163.2000    0    0.850   1.0000          NULL 
164.0500    1    5.100   1.0000          evt1
169.1501    5    5.100   1.0000          evt5
174.2501    0    0.850   1.0000          NULL 
175.1001    3    5.100   1.0000          evt3
180.2001    0    1.700   1.0000          NULL 
181.9001    6    5.100   1.0000          evt6
187.0001    0    3.400   1.0000          NULL 
190.4001    5    5.100   1.0000          evt5
195.5001    1    5.100   1.0000          evt1
200.6001    3    5.100   1.0000          evt3
205.7001    6    5.100   1.0000          evt6
210.8001    0    0.850   1.0000          NULL 
211.6501    6    5.100   1.0000          evt6
216.7502    0    3.400   1.0000          NULL 
220.1502    4    5.100   1.0000          evt4
225.2502    5    5.100   1.0000          evt5
230.3502    0    4.250   1.0000          NULL 
234.6002    3    5.100   1.0000          evt3
239.7002    0    1.700   1.0000          NULL 
241.4002    1    5.100   1.0000          evt1
246.5002    0    0.850   1.0000          NULL 
247.3503    5    5.100   1.0000          evt5
252.4503    0    2.550   1.0000          NULL 
255.0003    3    5.100   1.0000          evt3
260.1003    0    1.700   1.0000          NULL 
261.8003    4    5.100   1.0000          evt4
266.9003    0    1.700   1.0000          NULL 
268.6003    6    5.100   1.0000          evt6
273.7003    0    5.100   1.0000          NULL 
278.8004    6    5.100   1.0000          evt6
283.9004    1    5.100   1.0000          evt1
289.0004    0    2.550   1.0000          NULL 
291.5504    1    5.100   1.0000          evt1
296.6504    0    0.850   1.0000          NULL 
297.5004    1    5.100   1.0000          evt1
302.6004    3    5.100   1.0000          evt3
307.7004    0    0.850   1.0000          NULL 
308.5504    6    5.100   1.0000          evt6
313.6504    0    3.400   1.0000          NULL 
317.0504    3    5.100   1.0000          evt3
322.1505    5    5.100   1.0000          evt5
327.2505    0    1.700   1.0000          NULL 
328.9505    4    5.100   1.0000          evt4
334.0505    0    5.100   1.0000          NULL 
339.1505    3    5.100   1.0000          evt3
344.2505    0    1.700   1.0000          NULL 
345.9505    2    5.100   1.0000          evt2
351.0505    0    3.400   1.0000          NULL 
354.4506    1    5.100   1.0000          evt1
359.5506    0    0.849   1.0000          NULL 
