  0.0000    2    5.100   1.0000          evt2
  5.1000    4    5.100   1.0000          evt4
 10.2000    0    0.850   1.0000          NULL 
 11.0500    1    5.100   1.0000          evt1
 16.1500    0    1.700   1.0000          NULL 
 17.8500    1    5.100   1.0000          evt1
 22.9500    0    0.850   1.0000          NULL 
 23.8000    6    5.100   1.0000          evt6
 28.9000    0    1.700   1.0000          NULL 
 30.6000    1    5.100   1.0000          evt1
 35.7000    0    1.700   1.0000          NULL 
 37.4000    3    5.100   1.0000          evt3
 42.5000    6    5.100   1.0000          evt6
 47.6000    1    5.100   1.0000          evt1
 52.7000    0    0.850   1.0000          NULL 
 53.5500    6    5.100   1.0000          evt6
 58.6500    3    5.100   1.0000          evt3
 63.7500    0    3.400   1.0000          NULL 
 67.1500    6    5.100   1.0000          evt6
 72.2500    0    0.850   1.0000          NULL 
 73.1000    3    5.100   1.0000          evt3
 78.2000    0    0.850   1.0000          NULL 
 79.0500    6    5.100   1.0000          evt6
 84.1500    1    5.100   1.0000          evt1
 89.2500    0    1.700   1.0000          NULL 
 90.9500    4    5.100   1.0000          evt4
 96.0500    0    0.850   1.0000          NULL 
 96.9000    1    5.100   1.0000          evt1
102.0000    0    0.850   1.0000          NULL 
102.8500    4    5.100   1.0000          evt4
107.9500    0    0.850   1.0000          NULL 
108.8000    5    5.100   1.0000          evt5
113.9000    0    0.850   1.0000          NULL 
114.7500    3    5.100   1.0000          evt3
119.8500    0    0.850   1.0000          NULL 
120.7000    1    5.100   1.0000          evt1
125.8000    5    5.100   1.0000          evt5
130.9000    0    8.500   1.0000          NULL 
139.4000    5    5.100   1.0000          evt5
144.5000    0    0.850   1.0000          NULL 
145.3500    3    5.100   1.0000          evt3
150.4500    0    2.550   1.0000          NULL 
153.0001    4    5.100   1.0000          evt4
158.1001    0    1.700   1.0000          NULL 
159.8001    2    5.100   1.0000          evt2
164.9001    0    2.550   1.0000          NULL 
167.4501    4    5.100   1.0000          evt4
172.5501    2    5.100   1.0000          evt2
177.6501    0    3.400   1.0000          NULL 
181.0501    6    5.100   1.0000          evt6
186.1501    0    2.550   1.0000          NULL 
188.7002    3    5.100   1.0000          evt3
193.8002    1    5.100   1.0000          evt1
198.9002    0   10.200   1.0000          NULL 
209.1003    1    5.100   1.0000          evt1
214.2003    6    5.100   1.0000          evt6
219.3003    0    0.850   1.0000          NULL 
220.1503    2    5.100   1.0000          evt2
225.2503    3    5.100   1.0000          evt3
230.3503    0    5.100   1.0000          NULL 
235.4503    6    5.100   1.0000          evt6
240.5503    2    5.100   1.0000          evt2
245.6503    0    2.550   1.0000          NULL 
248.2003    6    5.100   1.0000          evt6
253.3004    0    0.850   1.0000          NULL 
254.1504    5    5.100   1.0000          evt5
259.2504    0    4.250   1.0000          NULL 
263.5004    3    5.100   1.0000          evt3
268.6004    3    5.100   1.0000          evt3
273.7004    0    0.850   1.0000          NULL 
274.5504    4    5.100   1.0000          evt4
279.6504    0    0.850   1.0000          NULL 
280.5004    6    5.100   1.0000          evt6
285.6004    0    1.700   1.0000          NULL 
287.3004    3    5.100   1.0000          evt3
292.4005    0    0.850   1.0000          NULL 
293.2505    4    5.100   1.0000          evt4
298.3505    0    0.850   1.0000          NULL 
299.2005    4    5.100   1.0000          evt4
304.3005    0    0.850   1.0000          NULL 
305.1505    3    5.100   1.0000          evt3
310.2505    0    0.850   1.0000          NULL 
311.1005    6    5.100   1.0000          evt6
316.2005    0    4.250   1.0000          NULL 
320.4505    4    5.100   1.0000          evt4
325.5505    1    5.100   1.0000          evt1
330.6505    0    0.850   1.0000          NULL 
331.5005    4    5.100   1.0000          evt4
336.6006    0    0.850   1.0000          NULL 
337.4506    5    5.100   1.0000          evt5
342.5506    0    4.250   1.0000          NULL 
346.8006    1    5.100   1.0000          evt1
351.9006    0    2.550   1.0000          NULL 
354.4506    4    5.100   1.0000          evt4
359.5506    0    0.849   1.0000          NULL 
