  0.0000    1    5.100   1.0000          evt1
  5.1000    0    0.850   1.0000          NULL 
  5.9500    3    5.100   1.0000          evt3
 11.0500    2    5.100   1.0000          evt2
 16.1500    5    5.100   1.0000          evt5
 21.2500    1    5.100   1.0000          evt1
 26.3500    1    5.100   1.0000          evt1
 31.4500    3    5.100   1.0000          evt3
 36.5500    0    0.850   1.0000          NULL 
 37.4000    6    5.100   1.0000          evt6
 42.5000    0    3.400   1.0000          NULL 
 45.9000    1    5.100   1.0000          evt1
 51.0000    0    6.800   1.0000          NULL 
 57.8000    3    5.100   1.0000          evt3
 62.9000    0    1.700   1.0000          NULL 
 64.6000    3    5.100   1.0000          evt3
 69.7000    2    5.100   1.0000          evt2
 74.8000    0    1.700   1.0000          NULL 
 76.5000    3    5.100   1.0000          evt3
 81.6000    0    0.850   1.0000          NULL 
 82.4500    1    5.100   1.0000          evt1
 87.5500    6    5.100   1.0000          evt6
 92.6500    0    2.550   1.0000          NULL 
 95.2000    3    5.100   1.0000          evt3
100.3000    0    5.950   1.0000          NULL 
106.2499    1    5.100   1.0000          evt1
111.3499    0    1.700   1.0000          NULL 
113.0499    6    5.100   1.0000          evt6
118.1499    6    5.100   1.0000          evt6
123.2499    6    5.100   1.0000          evt6
128.3499    0    2.550   1.0000          NULL 
130.9000    5    5.100   1.0000          evt5
136.0000    0    2.550   1.0000          NULL 
138.5500    3    5.100   1.0000          evt3
143.6500    0    4.250   1.0000          NULL 
147.9000    5    5.100   1.0000          evt5
153.0000    0    5.100   1.0000          NULL 
158.1001    4    5.100   1.0000          evt4
163.2001    0    0.850   1.0000          NULL 
164.0501    3    5.100   1.0000          evt3
169.1501    0    0.850   1.0000          NULL 
170.0001    2    5.100   1.0000          evt2
175.1001    3    5.100   1.0000          evt3
180.2001    4    5.100   1.0000          evt4
185.3001    0    3.400   1.0000          NULL 
188.7001    5    5.100   1.0000          evt5
193.8001    6    5.100   1.0000          evt6
198.9001    0    4.250   1.0000          NULL 
203.1502    4    5.100   1.0000          evt4
208.2502    6    5.100   1.0000          evt6
213.3502    4    5.100   1.0000          evt4
218.4502    0    2.550   1.0000          NULL 
221.0002    5    5.100   1.0000          evt5
226.1002    4    5.100   1.0000          evt4
231.2002    0    0.850   1.0000          NULL 
232.0502    4    5.100   1.0000          evt4
237.1502    0    5.950   1.0000          NULL 
243.1003    3    5.100   1.0000          evt3
248.2003    2    5.100   1.0000          evt2
253.3003    0    3.400   1.0000          NULL 
256.7003    6    5.100   1.0000          evt6
261.8003    0    6.800   1.0000          NULL 
268.6004    6    5.100   1.0000          evt6
273.7004    0    0.850   1.0000          NULL 
274.5504    6    5.100   1.0000          evt6
279.6504    1    5.100   1.0000          evt1
284.7504    0    1.700   1.0000          NULL 
286.4504    1    5.100   1.0000          evt1
291.5504    1    5.100   1.0000          evt1
296.6504    0    3.400   1.0000          NULL 
300.0504    4    5.100   1.0000          evt4
305.1505    1    5.100   1.0000          evt1
310.2505    4    5.100   1.0000          evt4
315.3505    3    5.100   1.0000          evt3
320.4505    0    1.700   1.0000          NULL 
322.1505    4    5.100   1.0000          evt4
327.2505    0    0.850   1.0000          NULL 
328.1005    4    5.100   1.0000          evt4
333.2005    1    5.100   1.0000          evt1
338.3005    0    3.400   1.0000          NULL 
341.7005    4    5.100   1.0000          evt4
346.8005    0    1.700   1.0000          NULL 
348.5005    6    5.100   1.0000          evt6
353.6006    2    5.100   1.0000          evt2
358.7006    0    1.699   1.0000          NULL 
