  0.0000    5    5.100   1.0000          evt5
  5.1000    0    2.550   1.0000          NULL 
  7.6500    2    5.100   1.0000          evt2
 12.7500    0    0.850   1.0000          NULL 
 13.6000    5    5.100   1.0000          evt5
 18.7000    0    0.850   1.0000          NULL 
 19.5500    3    5.100   1.0000          evt3
 24.6500    0    5.100   1.0000          NULL 
 29.7500    2    5.100   1.0000          evt2
 34.8500    0    0.850   1.0000          NULL 
 35.7000    3    5.100   1.0000          evt3
 40.8000    0    2.550   1.0000          NULL 
 43.3500    1    5.100   1.0000          evt1
 48.4500    0    0.850   1.0000          NULL 
 49.3000    1    5.100   1.0000          evt1
 54.4000    0    4.250   1.0000          NULL 
 58.6500    4    5.100   1.0000          evt4
 63.7500    0    0.850   1.0000          NULL 
 64.6000    3    5.100   1.0000          evt3
 69.7000    0    2.550   1.0000          NULL 
 72.2500    4    5.100   1.0000          evt4
 77.3500    0    0.850   1.0000          NULL 
 78.2000    6    5.100   1.0000          evt6
 83.3000    0    1.700   1.0000          NULL 
 85.0000    3    5.100   1.0000          evt3
 90.1000    0    1.700   1.0000          NULL 
 91.8000    1    5.100   1.0000          evt1
 96.9000    0    0.850   1.0000          NULL 
 97.7500    1    5.100   1.0000          evt1
102.8500    0    0.850   1.0000          NULL 
103.7000    1    5.100   1.0000          evt1
108.8000    0    0.850   1.0000          NULL 
109.6500    3    5.100   1.0000          evt3
114.7500    0    1.700   1.0000          NULL 
116.4500    4    5.100   1.0000          evt4
121.5499    0    2.550   1.0000          NULL 
124.0999    4    5.100   1.0000          evt4
129.2000    0    2.550   1.0000          NULL 
131.7500    1    5.100   1.0000          evt1
136.8500    0    0.850   1.0000          NULL 
137.7000    1    5.100   1.0000          evt1
142.8000    0    0.850   1.0000          NULL 
143.6500    2    5.100   1.0000          evt2
148.7500    0    1.700   1.0000          NULL 
150.4500    4    5.100   1.0000          evt4
155.5500    0    0.850   1.0000          NULL 
156.4000    4    5.100   1.0000          evt4
161.5000    0    3.400   1.0000          NULL 
164.9001    4    5.100   1.0000          evt4
170.0001    0    0.850   1.0000          NULL 
170.8501    6    5.100   1.0000          evt6
175.9501    0    0.850   1.0000          NULL 
176.8001    3    5.100   1.0000          evt3
181.9001    0    1.700   1.0000          NULL 
183.6001    4    5.100   1.0000          evt4
188.7001    0    0.850   1.0000          NULL 
189.5501    6    5.100   1.0000          evt6
194.6501    0    0.850   1.0000          NULL 
195.5001    1    5.100   1.0000          evt1
200.6001    0    1.700   1.0000          NULL 
202.3001    6    5.100   1.0000          evt6
207.4001    0    0.850   1.0000          NULL 
208.2502    3    5.100   1.0000          evt3
213.3502    0    0.850   1.0000          NULL 
214.2002    3    5.100   1.0000          evt3
219.3002    0    1.700   1.0000          NULL 
221.0002    3    5.100   1.0000          evt3
226.1002    0    1.700   1.0000          NULL 
227.8002    6    5.100   1.0000          evt6
232.9002    0    0.850   1.0000          NULL 
233.7502    3    5.100   1.0000          evt3
238.8502    0    0.850   1.0000          NULL 
239.7002    4    5.100   1.0000          evt4
244.8002    0    0.850   1.0000          NULL 
245.6502    4    5.100   1.0000          evt4
250.7502    0    0.850   1.0000          NULL 
251.6003    5    5.100   1.0000          evt5
256.7003    0    0.850   1.0000          NULL 
257.5503    1    5.100   1.0000          evt1
262.6503    0    0.850   1.0000          NULL 
263.5003    6    5.100   1.0000          evt6
268.6003    0    2.550   1.0000          NULL 
271.1503    2    5.100   1.0000          evt2
276.2503    0    2.550   1.0000          NULL 
278.8003    1    5.100   1.0000          evt1
283.9003    0    0.850   1.0000          NULL 
284.7503    3    5.100   1.0000          evt3
289.8503    0    0.850   1.0000          NULL 
290.7003    1    5.100   1.0000          evt1
295.8004    0    0.850   1.0000          NULL 
296.6504    5    5.100   1.0000          evt5
301.7504    0    0.850   1.0000          NULL 
302.6004    2    5.100   1.0000          evt2
307.7004    0    2.550   1.0000          NULL 
310.2504    6    5.100   1.0000          evt6
315.3504    0    0.850   1.0000          NULL 
316.2004    6    5.100   1.0000          evt6
321.3004    0    0.850   1.0000          NULL 
322.1504    6    5.100   1.0000          evt6
327.2504    0    5.100   1.0000          NULL 
332.3505    4    5.100   1.0000          evt4
337.4505    0    5.100   1.0000          NULL 
342.5505    6    5.100   1.0000          evt6
347.6505    0    0.850   1.0000          NULL 
348.5005    5    5.100   1.0000          evt5
353.6005    0    0.850   1.0000          NULL 
354.4505    6    5.100   1.0000          evt6
359.5505    0    0.849   1.0000          NULL 
