  0.0000    3    5.100   1.0000          evt3
  5.1000    3    5.100   1.0000          evt3
 10.2000    1    5.100   1.0000          evt1
 15.3000    5    5.100   1.0000          evt5
 20.4000    0    3.400   1.0000          NULL 
 23.8000    6    5.100   1.0000          evt6
 28.9000    3    5.100   1.0000          evt3
 34.0000    0    4.250   1.0000          NULL 
 38.2500    1    5.100   1.0000          evt1
 43.3500    0    3.400   1.0000          NULL 
 46.7500    4    5.100   1.0000          evt4
 51.8500    0    4.250   1.0000          NULL 
 56.1000    6    5.100   1.0000          evt6
 61.2000    0    6.800   1.0000          NULL 
 68.0000    1    5.100   1.0000          evt1
 73.1000    0    1.700   1.0000          NULL 
 74.8000    4    5.100   1.0000          evt4
 79.9000    3    5.100   1.0000          evt3
 85.0000    4    5.100   1.0000          evt4
 90.1000    0    3.400   1.0000          NULL 
 93.4999    3    5.100   1.0000          evt3
 98.5999    0    3.400   1.0000          NULL 
101.9999    6    5.100   1.0000          evt6
107.0999    0    0.850   1.0000          NULL 
107.9499    4    5.100   1.0000          evt4
113.0499    1    5.100   1.0000          evt1
118.1499    0    5.100   1.0000          NULL 
123.2499    4    5.100   1.0000          evt4
128.3499    0    4.250   1.0000          NULL 
132.6000    4    5.100   1.0000          evt4
137.7000    6    5.100   1.0000          evt6
142.8000    0    3.400   1.0000          NULL 
146.2000    6    5.100   1.0000          evt6
151.3000    0    0.850   1.0000          NULL 
152.1500    6    5.100   1.0000          evt6
157.2500    5    5.100   1.0000          evt5
162.3500    2    5.100   1.0000          evt2
167.4500    3    5.100   1.0000          evt3
172.5500    0    2.550   1.0000          NULL 
175.1001    2    5.100   1.0000          evt2
180.2001    0    2.550   1.0000          NULL 
182.7501    6    5.100   1.0000          evt6
187.8501    1    5.100   1.0000          evt1
192.9501    3    5.100   1.0000          evt3
198.0501    4    5.100   1.0000          evt4
203.1501    4    5.100   1.0000          evt4
208.2501    0    1.700   1.0000          NULL 
209.9501    4    5.100   1.0000          evt4
215.0501    5    5.100   1.0000          evt5
220.1501    2    5.100   1.0000          evt2
225.2501    0    3.400   1.0000          NULL 
228.6502    1    5.100   1.0000          evt1
233.7502    0    3.400   1.0000          NULL 
237.1502    3    5.100   1.0000          evt3
242.2502    0    2.550   1.0000          NULL 
244.8002    5    5.100   1.0000          evt5
249.9002    4    5.100   1.0000          evt4
255.0002    5    5.100   1.0000          evt5
260.1002    6    5.100   1.0000          evt6
265.2002    0    2.550   1.0000          NULL 
267.7502    6    5.100   1.0000          evt6
272.8503    0    1.700   1.0000          NULL 
274.5503    6    5.100   1.0000          evt6
279.6503    1    5.100   1.0000          evt1
284.7503    0    4.250   1.0000          NULL 
289.0003    4    5.100   1.0000          evt4
294.1003    0    0.850   1.0000          NULL 
294.9503    3    5.100   1.0000          evt3
300.0503    0    4.250   1.0000          NULL 
304.3004    3    5.100   1.0000          evt3
309.4004    2    5.100   1.0000          evt2
314.5004    0    5.100   1.0000          NULL 
319.6004    6    5.100   1.0000          evt6
324.7004    0    0.850   1.0000          NULL 
325.5504    1    5.100   1.0000          evt1
330.6504    0    4.250   1.0000          NULL 
334.9005    1    5.100   1.0000          evt1
340.0005    1    5.100   1.0000          evt1
345.1005    2    5.100   1.0000          evt2
350.2005    1    5.100   1.0000          evt1
355.3005    3    5.100   1.0000          evt3
