  0.0000    1    5.100   1.0000          evt1
  5.1000    0    1.700   1.0000          NULL 
  6.8000    1    5.100   1.0000          evt1
 11.9000    0    1.700   1.0000          NULL 
 13.6000    6    5.100   1.0000          evt6
 18.7000    0    0.850   1.0000          NULL 
 19.5500    5    5.100   1.0000          evt5
 24.6500    0    0.850   1.0000          NULL 
 25.5000    4    5.100   1.0000          evt4
 30.6000    0    5.100   1.0000          NULL 
 35.7000    6    5.100   1.0000          evt6
 40.8000    0    0.850   1.0000          NULL 
 41.6500    4    5.100   1.0000          evt4
 46.7500    0    2.550   1.0000          NULL 
 49.3000    3    5.100   1.0000          evt3
 54.4000    0    0.850   1.0000          NULL 
 55.2500    4    5.100   1.0000          evt4
 60.3500    0    1.700   1.0000          NULL 
 62.0500    1    5.100   1.0000          evt1
 67.1500    0    0.850   1.0000          NULL 
 68.0000    4    5.100   1.0000          evt4
 73.1000    0    0.850   1.0000          NULL 
 73.9500    5    5.100   1.0000          evt5
 79.0500    0    3.400   1.0000          NULL 
 82.4500    3    5.100   1.0000          evt3
 87.5500    0    0.850   1.0000          NULL 
 88.4000    1    5.100   1.0000          evt1
 93.5000    0    0.850   1.0000          NULL 
 94.3500    6    5.100   1.0000          evt6
 99.4500    0    0.850   1.0000          NULL 
100.3000    3    5.100   1.0000          evt3
105.4000    0    1.700   1.0000          NULL 
107.1000    6    5.100   1.0000          evt6
112.2000    0    1.700   1.0000          NULL 
113.8999    2    5.100   1.0000          evt2
118.9999    0    2.550   1.0000          NULL 
121.5499    1    5.100   1.0000          evt1
126.6499    0    0.850   1.0000          NULL 
127.4999    3    5.100   1.0000          evt3
132.5999    0    0.850   1.0000          NULL 
133.4500    4    5.100   1.0000          evt4
138.5500    0    5.950   1.0000          NULL 
144.5000    3    5.100   1.0000          evt3
149.6000    0    0.850   1.0000          NULL 
150.4500    3    5.100   1.0000          evt3
155.5500    0    0.850   1.0000          NULL 
156.4000    3    5.100   1.0000          evt3
161.5000    0    1.700   1.0000          NULL 
163.2000    2    5.100   1.0000          evt2
168.3000    0    3.400   1.0000          NULL 
171.7001    5    5.100   1.0000          evt5
176.8001    0    3.400   1.0000          NULL 
180.2001    4    5.100   1.0000          evt4
185.3001    0    0.850   1.0000          NULL 
186.1501    2    5.100   1.0000          evt2
191.2501    0    3.400   1.0000          NULL 
194.6501    4    5.100   1.0000          evt4
199.7502    0    0.850   1.0000          NULL 
200.6002    6    5.100   1.0000          evt6
205.7002    0    1.700   1.0000          NULL 
207.4002    4    5.100   1.0000          evt4
212.5002    0    0.850   1.0000          NULL 
213.3502    4    5.100   1.0000          evt4
218.4502    0    2.550   1.0000          NULL 
221.0002    1    5.100   1.0000          evt1
226.1002    0    1.700   1.0000          NULL 
227.8002    2    5.100   1.0000          evt2
232.9002    0    0.850   1.0000          NULL 
233.7502    3    5.100   1.0000          evt3
238.8503    0    0.850   1.0000          NULL 
239.7003    4    5.100   1.0000          evt4
244.8003    0    0.850   1.0000          NULL 
245.6503    3    5.100   1.0000          evt3
250.7503    0    1.700   1.0000          NULL 
252.4503    6    5.100   1.0000          evt6
257.5503    0    1.700   1.0000          NULL 
259.2503    1    5.100   1.0000          evt1
264.3503    0    1.700   1.0000          NULL 
266.0503    1    5.100   1.0000          evt1
271.1503    0    0.850   1.0000          NULL 
272.0003    2    5.100   1.0000          evt2
277.1003    0    0.850   1.0000          NULL 
277.9503    1    5.100   1.0000          evt1
283.0504    0    0.850   1.0000          NULL 
283.9004    3    5.100   1.0000          evt3
289.0004    0    0.850   1.0000          NULL 
289.8504    6    5.100   1.0000          evt6
294.9504    0    2.550   1.0000          NULL 
297.5004    1    5.100   1.0000          evt1
302.6004    0    0.850   1.0000          NULL 
303.4504    1    5.100   1.0000          evt1
308.5504    0    0.850   1.0000          NULL 
309.4004    4    5.100   1.0000          evt4
314.5004    0    0.850   1.0000          NULL 
315.3504    6    5.100   1.0000          evt6
320.4504    0    1.700   1.0000          NULL 
322.1505    6    5.100   1.0000          evt6
327.2505    0    1.700   1.0000          NULL 
328.9505    5    5.100   1.0000          evt5
334.0505    0    0.850   1.0000          NULL 
334.9005    6    5.100   1.0000          evt6
340.0005    0    1.700   1.0000          NULL 
341.7005    6    5.100   1.0000          evt6
346.8005    0    1.700   1.0000          NULL 
348.5005    5    5.100   1.0000          evt5
353.6005    0    0.850   1.0000          NULL 
354.4505    3    5.100   1.0000          evt3
359.5505    0    0.849   1.0000          NULL 
