  0.0000    3    5.100   1.0000          evt3
  5.1000    0    3.400   1.0000          NULL 
  8.5000    3    5.100   1.0000          evt3
 13.6000    0    2.550   1.0000          NULL 
 16.1500    1    5.100   1.0000          evt1
 21.2500    0    0.850   1.0000          NULL 
 22.1000    2    5.100   1.0000          evt2
 27.2000    1    5.100   1.0000          evt1
 32.3000    0    1.700   1.0000          NULL 
 34.0000    2    5.100   1.0000          evt2
 39.1000    0    1.700   1.0000          NULL 
 40.8000    1    5.100   1.0000          evt1
 45.9000    0    0.850   1.0000          NULL 
 46.7500    3    5.100   1.0000          evt3
 51.8500    0    1.700   1.0000          NULL 
 53.5500    3    5.100   1.0000          evt3
 58.6500    0    4.250   1.0000          NULL 
 62.9000    4    5.100   1.0000          evt4
 68.0000    0    1.700   1.0000          NULL 
 69.7000    1    5.100   1.0000          evt1
 74.8000    2    5.100   1.0000          evt2
 79.9000    0    3.400   1.0000          NULL 
 83.3000    1    5.100   1.0000          evt1
 88.4000    1    5.100   1.0000          evt1
 93.5000    3    5.100   1.0000          evt3
 98.6000    0    1.700   1.0000          NULL 
100.3000    1    5.100   1.0000          evt1
105.4000    0    2.550   1.0000          NULL 
107.9500    6    5.100   1.0000          evt6
113.0499    4    5.100   1.0000          evt4
118.1499    0    0.850   1.0000          NULL 
118.9999    5    5.100   1.0000          evt5
124.0999    5    5.100   1.0000          evt5
129.2000    0    0.850   1.0000          NULL 
130.0500    1    5.100   1.0000          evt1
135.1500    0    0.850   1.0000          NULL 
136.0000    1    5.100   1.0000          evt1
141.1000    0    0.850   1.0000          NULL 
141.9500    3    5.100   1.0000          evt3
147.0500    0    1.700   1.0000          NULL 
148.7500    4    5.100   1.0000          evt4
153.8500    0    0.850   1.0000          NULL 
154.7000    4    5.100   1.0000          evt4
159.8000    6    5.100   1.0000          evt6
164.9000    0    2.550   1.0000          NULL 
167.4500    6    5.100   1.0000          evt6
172.5500    4    5.100   1.0000          evt4
177.6501    0    0.850   1.0000          NULL 
178.5001    1    5.100   1.0000          evt1
183.6001    0    2.550   1.0000          NULL 
186.1501    5    5.100   1.0000          evt5
191.2501    2    5.100   1.0000          evt2
196.3501    4    5.100   1.0000          evt4
201.4501    6    5.100   1.0000          evt6
206.5501    0    1.700   1.0000          NULL 
208.2501    1    5.100   1.0000          evt1
213.3501    0    8.500   1.0000          NULL 
221.8502    6    5.100   1.0000          evt6
226.9502    0    0.850   1.0000          NULL 
227.8002    3    5.100   1.0000          evt3
232.9002    0    2.550   1.0000          NULL 
235.4502    3    5.100   1.0000          evt3
240.5502    0    0.850   1.0000          NULL 
241.4002    3    5.100   1.0000          evt3
246.5002    0    1.700   1.0000          NULL 
248.2003    4    5.100   1.0000          evt4
253.3003    0    0.850   1.0000          NULL 
254.1503    6    5.100   1.0000          evt6
259.2503    0    0.850   1.0000          NULL 
260.1003    6    5.100   1.0000          evt6
265.2003    4    5.100   1.0000          evt4
270.3003    2    5.100   1.0000          evt2
275.4003    5    5.100   1.0000          evt5
280.5003    0    0.850   1.0000          NULL 
281.3503    6    5.100   1.0000          evt6
286.4503    0    1.700   1.0000          NULL 
288.1503    4    5.100   1.0000          evt4
293.2503    3    5.100   1.0000          evt3
298.3503    0    4.250   1.0000          NULL 
302.6004    4    5.100   1.0000          evt4
307.7004    0   14.450   1.0000          NULL 
322.1505    4    5.100   1.0000          evt4
327.2505    0    1.700   1.0000          NULL 
328.9505    3    5.100   1.0000          evt3
334.0505    0    0.850   1.0000          NULL 
334.9005    6    5.100   1.0000          evt6
340.0005    6    5.100   1.0000          evt6
345.1005    0    1.700   1.0000          NULL 
346.8005    6    5.100   1.0000          evt6
351.9005    5    5.100   1.0000          evt5
357.0005    0    3.399   1.0000          NULL 
