  0.0000    2    5.100   1.0000          evt2
  5.1000    0    0.850   1.0000          NULL 
  5.9500    1    5.100   1.0000          evt1
 11.0500    0    1.700   1.0000          NULL 
 12.7500    6    5.100   1.0000          evt6
 17.8500    0    0.850   1.0000          NULL 
 18.7000    6    5.100   1.0000          evt6
 23.8000    0    1.700   1.0000          NULL 
 25.5000    1    5.100   1.0000          evt1
 30.6000    0    3.400   1.0000          NULL 
 34.0000    3    5.100   1.0000          evt3
 39.1000    0    0.850   1.0000          NULL 
 39.9500    4    5.100   1.0000          evt4
 45.0500    0    0.850   1.0000          NULL 
 45.9000    3    5.100   1.0000          evt3
 51.0000    0    3.400   1.0000          NULL 
 54.4000    1    5.100   1.0000          evt1
 59.5000    0    0.850   1.0000          NULL 
 60.3500    6    5.100   1.0000          evt6
 65.4500    0    3.400   1.0000          NULL 
 68.8500    1    5.100   1.0000          evt1
 73.9500    0    1.700   1.0000          NULL 
 75.6500    4    5.100   1.0000          evt4
 80.7500    0    0.850   1.0000          NULL 
 81.6000    1    5.100   1.0000          evt1
 86.7000    0    0.850   1.0000          NULL 
 87.5500    6    5.100   1.0000          evt6
 92.6500    0    0.850   1.0000          NULL 
 93.5000    1    5.100   1.0000          evt1
 98.6000    0    0.850   1.0000          NULL 
 99.4500    2    5.100   1.0000          evt2
104.5500    0    3.400   1.0000          NULL 
107.9500    5    5.100   1.0000          evt5
113.0499    0    2.550   1.0000          NULL 
115.5999    1    5.100   1.0000          evt1
120.6999    0    0.850   1.0000          NULL 
121.5499    4    5.100   1.0000          evt4
126.6499    0    4.250   1.0000          NULL 
130.9000    4    5.100   1.0000          evt4
136.0000    0    1.700   1.0000          NULL 
137.7000    4    5.100   1.0000          evt4
142.8000    0    1.700   1.0000          NULL 
144.5000    6    5.100   1.0000          evt6
149.6000    0    1.700   1.0000          NULL 
151.3000    3    5.100   1.0000          evt3
156.4000    0    0.850   1.0000          NULL 
157.2500    1    5.100   1.0000          evt1
162.3500    0    0.850   1.0000          NULL 
163.2000    4    5.100   1.0000          evt4
168.3000    0    0.850   1.0000          NULL 
169.1501    4    5.100   1.0000          evt4
174.2501    0    0.850   1.0000          NULL 
175.1001    6    5.100   1.0000          evt6
180.2001    0    0.850   1.0000          NULL 
181.0501    4    5.100   1.0000          evt4
186.1501    0    5.100   1.0000          NULL 
191.2501    4    5.100   1.0000          evt4
196.3501    0    0.850   1.0000          NULL 
197.2001    1    5.100   1.0000          evt1
202.3001    0    0.850   1.0000          NULL 
203.1501    4    5.100   1.0000          evt4
208.2502    0    3.400   1.0000          NULL 
211.6502    3    5.100   1.0000          evt3
216.7502    0    0.850   1.0000          NULL 
217.6002    5    5.100   1.0000          evt5
222.7002    0    2.550   1.0000          NULL 
225.2502    3    5.100   1.0000          evt3
230.3502    0    0.850   1.0000          NULL 
231.2002    6    5.100   1.0000          evt6
236.3002    0    0.850   1.0000          NULL 
237.1502    6    5.100   1.0000          evt6
242.2502    0    0.850   1.0000          NULL 
243.1003    4    5.100   1.0000          evt4
248.2003    0    0.850   1.0000          NULL 
249.0503    3    5.100   1.0000          evt3
254.1503    0    1.700   1.0000          NULL 
255.8503    1    5.100   1.0000          evt1
260.9503    0    0.850   1.0000          NULL 
261.8003    2    5.100   1.0000          evt2
266.9003    0    0.850   1.0000          NULL 
267.7503    3    5.100   1.0000          evt3
272.8503    0    0.850   1.0000          NULL 
273.7003    2    5.100   1.0000          evt2
278.8003    0    0.850   1.0000          NULL 
279.6503    6    5.100   1.0000          evt6
284.7503    0    0.850   1.0000          NULL 
285.6003    2    5.100   1.0000          evt2
290.7003    0    1.700   1.0000          NULL 
292.4004    5    5.100   1.0000          evt5
297.5004    0    3.400   1.0000          NULL 
300.9004    5    5.100   1.0000          evt5
306.0004    0    0.850   1.0000          NULL 
306.8504    3    5.100   1.0000          evt3
311.9504    0    0.850   1.0000          NULL 
312.8004    3    5.100   1.0000          evt3
317.9004    0    0.850   1.0000          NULL 
318.7504    3    5.100   1.0000          evt3
323.8504    0    0.850   1.0000          NULL 
324.7004    5    5.100   1.0000          evt5
329.8004    0    3.400   1.0000          NULL 
333.2005    3    5.100   1.0000          evt3
338.3005    0    1.700   1.0000          NULL 
340.0005    6    5.100   1.0000          evt6
345.1005    0    3.400   1.0000          NULL 
348.5005    1    5.100   1.0000          evt1
353.6005    0    0.850   1.0000          NULL 
354.4505    6    5.100   1.0000          evt6
359.5505    0    0.849   1.0000          NULL 
