  0.0000    3    5.100   1.0000          evt3
  5.1000    2    5.100   1.0000          evt2
 10.2000    0    3.400   1.0000          NULL 
 13.6000    1    5.100   1.0000          evt1
 18.7000    6    5.100   1.0000          evt6
 23.8000    0    1.700   1.0000          NULL 
 25.5000    3    5.100   1.0000          evt3
 30.6000    0    1.700   1.0000          NULL 
 32.3000    6    5.100   1.0000          evt6
 37.4000    0    1.700   1.0000          NULL 
 39.1000    6    5.100   1.0000          evt6
 44.2000    0    1.700   1.0000          NULL 
 45.9000    4    5.100   1.0000          evt4
 51.0000    0    0.850   1.0000          NULL 
 51.8500    1    5.100   1.0000          evt1
 56.9500    0    0.850   1.0000          NULL 
 57.8000    1    5.100   1.0000          evt1
 62.9000    4    5.100   1.0000          evt4
 68.0000    0    4.250   1.0000          NULL 
 72.2500    3    5.100   1.0000          evt3
 77.3500    0    3.400   1.0000          NULL 
 80.7500    1    5.100   1.0000          evt1
 85.8500    6    5.100   1.0000          evt6
 90.9500    3    5.100   1.0000          evt3
 96.0500    0    3.400   1.0000          NULL 
 99.4500    4    5.100   1.0000          evt4
104.5500    0    1.700   1.0000          NULL 
106.2500    3    5.100   1.0000          evt3
111.3500    5    5.100   1.0000          evt5
116.4500    0    0.850   1.0000          NULL 
117.2999    4    5.100   1.0000          evt4
122.3999    0    1.700   1.0000          NULL 
124.0999    3    5.100   1.0000          evt3
129.2000    0    0.850   1.0000          NULL 
130.0500    3    5.100   1.0000          evt3
135.1500    0    1.700   1.0000          NULL 
136.8500    4    5.100   1.0000          evt4
141.9500    4    5.100   1.0000          evt4
147.0500    6    5.100   1.0000          evt6
152.1500    0    6.800   1.0000          NULL 
158.9500    5    5.100   1.0000          evt5
164.0500    5    5.100   1.0000          evt5
169.1501    4    5.100   1.0000          evt4
174.2501    3    5.100   1.0000          evt3
179.3501    0    1.700   1.0000          NULL 
181.0501    6    5.100   1.0000          evt6
186.1501    6    5.100   1.0000          evt6
191.2501    0    5.950   1.0000          NULL 
197.2001    5    5.100   1.0000          evt5
202.3001    1    5.100   1.0000          evt1
207.4001    2    5.100   1.0000          evt2
212.5002    6    5.100   1.0000          evt6
217.6002    0    5.950   1.0000          NULL 
223.5502    5    5.100   1.0000          evt5
228.6502    2    5.100   1.0000          evt2
233.7502    0    4.250   1.0000          NULL 
238.0002    4    5.100   1.0000          evt4
243.1003    0    5.100   1.0000          NULL 
248.2003    1    5.100   1.0000          evt1
253.3003    2    5.100   1.0000          evt2
258.4003    0    0.850   1.0000          NULL 
259.2503    2    5.100   1.0000          evt2
264.3503    0    0.850   1.0000          NULL 
265.2003    3    5.100   1.0000          evt3
270.3003    0    2.550   1.0000          NULL 
272.8503    1    5.100   1.0000          evt1
277.9503    4    5.100   1.0000          evt4
283.0504    0    0.850   1.0000          NULL 
283.9004    3    5.100   1.0000          evt3
289.0004    0    0.850   1.0000          NULL 
289.8504    1    5.100   1.0000          evt1
294.9504    0    5.100   1.0000          NULL 
300.0504    6    5.100   1.0000          evt6
305.1504    4    5.100   1.0000          evt4
310.2504    0    2.550   1.0000          NULL 
312.8004    1    5.100   1.0000          evt1
317.9005    3    5.100   1.0000          evt3
323.0005    0    5.100   1.0000          NULL 
328.1005    6    5.100   1.0000          evt6
333.2005    0    0.850   1.0000          NULL 
334.0505    1    5.100   1.0000          evt1
339.1505    0    0.850   1.0000          NULL 
340.0005    6    5.100   1.0000          evt6
345.1005    4    5.100   1.0000          evt4
350.2005    0    4.250   1.0000          NULL 
354.4506    1    5.100   1.0000          evt1
359.5506    0    0.849   1.0000          NULL 
