  0.0000    6    5.100   1.0000          evt6
  5.1000    4    5.100   1.0000          evt4
 10.2000    1    5.100   1.0000          evt1
 15.3000    0    5.100   1.0000          NULL 
 20.4000    6    5.100   1.0000          evt6
 25.5000    0    1.700   1.0000          NULL 
 27.2000    1    5.100   1.0000          evt1
 32.3000    0    0.850   1.0000          NULL 
 33.1500    2    5.100   1.0000          evt2
 38.2500    0    0.850   1.0000          NULL 
 39.1000    5    5.100   1.0000          evt5
 44.2000    3    5.100   1.0000          evt3
 49.3000    6    5.100   1.0000          evt6
 54.4000    0    0.850   1.0000          NULL 
 55.2500    6    5.100   1.0000          evt6
 60.3500    0    4.250   1.0000          NULL 
 64.6000    3    5.100   1.0000          evt3
 69.7000    0    0.850   1.0000          NULL 
 70.5500    4    5.100   1.0000          evt4
 75.6500    0    1.700   1.0000          NULL 
 77.3500    3    5.100   1.0000          evt3
 82.4500    0    2.550   1.0000          NULL 
 85.0000    6    5.100   1.0000          evt6
 90.1000    0    8.500   1.0000          NULL 
 98.6000    2    5.100   1.0000          evt2
103.7000    1    5.100   1.0000          evt1
108.7999    4    5.100   1.0000          evt4
113.8999    4    5.100   1.0000          evt4
118.9999    0    2.550   1.0000          NULL 
121.5499    5    5.100   1.0000          evt5
126.6499    0    1.700   1.0000          NULL 
128.3499    1    5.100   1.0000          evt1
133.4500    0    1.700   1.0000          NULL 
135.1500    5    5.100   1.0000          evt5
140.2500    0    0.850   1.0000          NULL 
141.1000    3    5.100   1.0000          evt3
146.2000    3    5.100   1.0000          evt3
151.3000    0    0.850   1.0000          NULL 
152.1500    1    5.100   1.0000          evt1
157.2500    5    5.100   1.0000          evt5
162.3500    0    0.850   1.0000          NULL 
163.2000    4    5.100   1.0000          evt4
168.3000    0    4.250   1.0000          NULL 
172.5500    4    5.100   1.0000          evt4
177.6501    0    2.550   1.0000          NULL 
180.2001    4    5.100   1.0000          evt4
185.3001    3    5.100   1.0000          evt3
190.4001    1    5.100   1.0000          evt1
195.5001    4    5.100   1.0000          evt4
200.6001    0    5.100   1.0000          NULL 
205.7001    6    5.100   1.0000          evt6
210.8001    0    1.700   1.0000          NULL 
212.5002    2    5.100   1.0000          evt2
217.6002    0    0.850   1.0000          NULL 
218.4502    1    5.100   1.0000          evt1
223.5502    1    5.100   1.0000          evt1
228.6502    0    4.250   1.0000          NULL 
232.9002    1    5.100   1.0000          evt1
238.0002    0    0.850   1.0000          NULL 
238.8502    6    5.100   1.0000          evt6
243.9502    6    5.100   1.0000          evt6
249.0502    0    1.700   1.0000          NULL 
250.7502    1    5.100   1.0000          evt1
255.8503    0    6.800   1.0000          NULL 
262.6503    6    5.100   1.0000          evt6
267.7503    3    5.100   1.0000          evt3
272.8503    3    5.100   1.0000          evt3
277.9503    3    5.100   1.0000          evt3
283.0503    6    5.100   1.0000          evt6
288.1503    0    1.700   1.0000          NULL 
289.8503    3    5.100   1.0000          evt3
294.9503    4    5.100   1.0000          evt4
300.0504    4    5.100   1.0000          evt4
305.1504    0    0.850   1.0000          NULL 
306.0004    3    5.100   1.0000          evt3
311.1004    0    3.400   1.0000          NULL 
314.5004    1    5.100   1.0000          evt1
319.6004    4    5.100   1.0000          evt4
324.7004    2    5.100   1.0000          evt2
329.8004    0    7.650   1.0000          NULL 
337.4505    5    5.100   1.0000          evt5
342.5505    0    5.950   1.0000          NULL 
348.5005    2    5.100   1.0000          evt2
353.6005    6    5.100   1.0000          evt6
358.7005    0    1.699   1.0000          NULL 
