  0.0000    4    5.100   1.0000          evt4
  5.1000    0    2.550   1.0000          NULL 
  7.6500    1    5.100   1.0000          evt1
 12.7500    0    1.700   1.0000          NULL 
 14.4500    3    5.100   1.0000          evt3
 19.5500    0    4.250   1.0000          NULL 
 23.8000    6    5.100   1.0000          evt6
 28.9000    3    5.100   1.0000          evt3
 34.0000    3    5.100   1.0000          evt3
 39.1000    0    0.850   1.0000          NULL 
 39.9500    4    5.100   1.0000          evt4
 45.0500    0    0.850   1.0000          NULL 
 45.9000    1    5.100   1.0000          evt1
 51.0000    3    5.100   1.0000          evt3
 56.1000    3    5.100   1.0000          evt3
 61.2000    0    1.700   1.0000          NULL 
 62.9000    1    5.100   1.0000          evt1
 68.0000    0    2.550   1.0000          NULL 
 70.5500    5    5.100   1.0000          evt5
 75.6500    0    1.700   1.0000          NULL 
 77.3500    6    5.100   1.0000          evt6
 82.4500    1    5.100   1.0000          evt1
 87.5500    0    2.550   1.0000          NULL 
 90.1000    5    5.100   1.0000          evt5
 95.2000    2    5.100   1.0000          evt2
100.3000    0    2.550   1.0000          NULL 
102.8500    5    5.100   1.0000          evt5
107.9500    0    1.700   1.0000          NULL 
109.6500    6    5.100   1.0000          evt6
114.7500    2    5.100   1.0000          evt2
119.8500    5    5.100   1.0000          evt5
124.9500    0    4.250   1.0000          NULL 
129.2000    3    5.100   1.0000          evt3
134.3000    0    3.400   1.0000          NULL 
137.7000    4    5.100   1.0000          evt4
142.8000    0    1.700   1.0000          NULL 
144.5000    1    5.100   1.0000          evt1
149.6000    0    2.550   1.0000          NULL 
152.1500    4    5.100   1.0000          evt4
157.2500    4    5.100   1.0000          evt4
162.3501    5    5.100   1.0000          evt5
167.4501    3    5.100   1.0000          evt3
172.5501    0    3.400   1.0000          NULL 
175.9501    6    5.100   1.0000          evt6
181.0501    2    5.100   1.0000          evt2
186.1501    0    1.700   1.0000          NULL 
187.8501    3    5.100   1.0000          evt3
192.9501    0    3.400   1.0000          NULL 
196.3501    1    5.100   1.0000          evt1
201.4501    0    1.700   1.0000          NULL 
203.1502    3    5.100   1.0000          evt3
208.2502    0    6.800   1.0000          NULL 
215.0502    4    5.100   1.0000          evt4
220.1502    0    0.850   1.0000          NULL 
221.0002    1    5.100   1.0000          evt1
226.1002    0    1.700   1.0000          NULL 
227.8002    6    5.100   1.0000          evt6
232.9003    0    4.250   1.0000          NULL 
237.1503    4    5.100   1.0000          evt4
242.2503    0    4.250   1.0000          NULL 
246.5003    4    5.100   1.0000          evt4
251.6003    0    0.850   1.0000          NULL 
252.4503    1    5.100   1.0000          evt1
257.5503    0    3.400   1.0000          NULL 
260.9503    4    5.100   1.0000          evt4
266.0504    4    5.100   1.0000          evt4
271.1504    6    5.100   1.0000          evt6
276.2504    0    5.950   1.0000          NULL 
282.2004    1    5.100   1.0000          evt1
287.3004    0    1.700   1.0000          NULL 
289.0004    6    5.100   1.0000          evt6
294.1004    4    5.100   1.0000          evt4
299.2004    0    0.850   1.0000          NULL 
300.0504    6    5.100   1.0000          evt6
305.1505    0    0.850   1.0000          NULL 
306.0005    3    5.100   1.0000          evt3
311.1005    0    0.850   1.0000          NULL 
311.9505    2    5.100   1.0000          evt2
317.0505    1    5.100   1.0000          evt1
322.1505    0    3.400   1.0000          NULL 
325.5505    3    5.100   1.0000          evt3
330.6505    0    1.700   1.0000          NULL 
332.3505    2    5.100   1.0000          evt2
337.4505    6    5.100   1.0000          evt6
342.5505    1    5.100   1.0000          evt1
347.6505    6    5.100   1.0000          evt6
352.7505    0    2.550   1.0000          NULL 
355.3006    6    5.100   1.0000          evt6
