  0.0000    3    5.100   1.0000          evt3
  5.1000    0    0.850   1.0000          NULL 
  5.9500    6    5.100   1.0000          evt6
 11.0500    0    0.850   1.0000          NULL 
 11.9000    1    5.100   1.0000          evt1
 17.0000    0    0.850   1.0000          NULL 
 17.8500    4    5.100   1.0000          evt4
 22.9500    0    0.850   1.0000          NULL 
 23.8000    1    5.100   1.0000          evt1
 28.9000    0    0.850   1.0000          NULL 
 29.7500    1    5.100   1.0000          evt1
 34.8500    0    1.700   1.0000          NULL 
 36.5500    2    5.100   1.0000          evt2
 41.6500    0    2.550   1.0000          NULL 
 44.2000    1    5.100   1.0000          evt1
 49.3000    0    0.850   1.0000          NULL 
 50.1500    6    5.100   1.0000          evt6
 55.2500    0    1.700   1.0000          NULL 
 56.9500    6    5.100   1.0000          evt6
 62.0500    0    0.850   1.0000          NULL 
 62.9000    3    5.100   1.0000          evt3
 68.0000    0    1.700   1.0000          NULL 
 69.7000    2    5.100   1.0000          evt2
 74.8000    0    0.850   1.0000          NULL 
 75.6500    4    5.100   1.0000          evt4
 80.7500    0    2.550   1.0000          NULL 
 83.3000    6    5.100   1.0000          evt6
 88.4000    0    1.700   1.0000          NULL 
 90.1000    4    5.100   1.0000          evt4
 95.2000    0    0.850   1.0000          NULL 
 96.0500    3    5.100   1.0000          evt3
101.1500    0    2.550   1.0000          NULL 
103.7000    3    5.100   1.0000          evt3
108.8000    0    1.700   1.0000          NULL 
110.5000    4    5.100   1.0000          evt4
115.6000    0    1.700   1.0000          NULL 
117.2999    4    5.100   1.0000          evt4
122.3999    0    2.550   1.0000          NULL 
124.9499    3    5.100   1.0000          evt3
130.0499    0    0.850   1.0000          NULL 
130.8999    2    5.100   1.0000          evt2
136.0000    0    0.850   1.0000          NULL 
136.8500    6    5.100   1.0000          evt6
141.9500    0    1.700   1.0000          NULL 
143.6500    2    5.100   1.0000          evt2
148.7500    0    2.550   1.0000          NULL 
151.3000    5    5.100   1.0000          evt5
156.4000    0    3.400   1.0000          NULL 
159.8000    4    5.100   1.0000          evt4
164.9000    0    2.550   1.0000          NULL 
167.4501    1    5.100   1.0000          evt1
172.5501    0    1.700   1.0000          NULL 
174.2501    5    5.100   1.0000          evt5
179.3501    0    0.850   1.0000          NULL 
180.2001    5    5.100   1.0000          evt5
185.3001    0    0.850   1.0000          NULL 
186.1501    5    5.100   1.0000          evt5
191.2501    0    0.850   1.0000          NULL 
192.1001    3    5.100   1.0000          evt3
197.2001    0    2.550   1.0000          NULL 
199.7501    6    5.100   1.0000          evt6
204.8501    0    1.700   1.0000          NULL 
206.5502    1    5.100   1.0000          evt1
211.6502    0    0.850   1.0000          NULL 
212.5002    4    5.100   1.0000          evt4
217.6002    0    1.700   1.0000          NULL 
219.3002    6    5.100   1.0000          evt6
224.4002    0    0.850   1.0000          NULL 
225.2502    3    5.100   1.0000          evt3
230.3502    0    8.500   1.0000          NULL 
238.8503    4    5.100   1.0000          evt4
243.9503    0    0.850   1.0000          NULL 
244.8003    3    5.100   1.0000          evt3
249.9003    0    0.850   1.0000          NULL 
250.7503    4    5.100   1.0000          evt4
255.8503    0    1.700   1.0000          NULL 
257.5503    1    5.100   1.0000          evt1
262.6503    0    0.850   1.0000          NULL 
263.5003    2    5.100   1.0000          evt2
268.6003    0    0.850   1.0000          NULL 
269.4503    3    5.100   1.0000          evt3
274.5503    0    1.700   1.0000          NULL 
276.2503    1    5.100   1.0000          evt1
281.3503    0    0.850   1.0000          NULL 
282.2003    6    5.100   1.0000          evt6
287.3004    0    0.850   1.0000          NULL 
288.1504    5    5.100   1.0000          evt5
293.2504    0    0.850   1.0000          NULL 
294.1004    3    5.100   1.0000          evt3
299.2004    0    0.850   1.0000          NULL 
300.0504    4    5.100   1.0000          evt4
305.1504    0    2.550   1.0000          NULL 
307.7004    1    5.100   1.0000          evt1
312.8004    0    1.700   1.0000          NULL 
314.5004    6    5.100   1.0000          evt6
319.6004    0    0.850   1.0000          NULL 
320.4504    1    5.100   1.0000          evt1
325.5504    0    0.850   1.0000          NULL 
326.4005    1    5.100   1.0000          evt1
331.5005    0    0.850   1.0000          NULL 
332.3505    3    5.100   1.0000          evt3
337.4505    0    4.250   1.0000          NULL 
341.7005    6    5.100   1.0000          evt6
346.8005    0    0.850   1.0000          NULL 
347.6505    6    5.100   1.0000          evt6
352.7505    0    0.850   1.0000          NULL 
353.6005    4    5.100   1.0000          evt4
358.7005    0    1.699   1.0000          NULL 
