  0.0000    1    5.100   1.0000          evt1
  5.1000    0    0.850   1.0000          NULL 
  5.9500    4    5.100   1.0000          evt4
 11.0500    0    0.850   1.0000          NULL 
 11.9000    4    5.100   1.0000          evt4
 17.0000    0    2.550   1.0000          NULL 
 19.5500    4    5.100   1.0000          evt4
 24.6500    0    1.700   1.0000          NULL 
 26.3500    2    5.100   1.0000          evt2
 31.4500    0    0.850   1.0000          NULL 
 32.3000    5    5.100   1.0000          evt5
 37.4000    0    4.250   1.0000          NULL 
 41.6500    4    5.100   1.0000          evt4
 46.7500    0    1.700   1.0000          NULL 
 48.4500    6    5.100   1.0000          evt6
 53.5500    0    0.850   1.0000          NULL 
 54.4000    3    5.100   1.0000          evt3
 59.5000    0    0.850   1.0000          NULL 
 60.3500    5    5.100   1.0000          evt5
 65.4500    0    0.850   1.0000          NULL 
 66.3000    5    5.100   1.0000          evt5
 71.4000    0    1.700   1.0000          NULL 
 73.1000    6    5.100   1.0000          evt6
 78.2000    0    3.400   1.0000          NULL 
 81.6000    2    5.100   1.0000          evt2
 86.7000    0    0.850   1.0000          NULL 
 87.5500    4    5.100   1.0000          evt4
 92.6500    0    0.850   1.0000          NULL 
 93.5000    3    5.100   1.0000          evt3
 98.6000    0    0.850   1.0000          NULL 
 99.4500    3    5.100   1.0000          evt3
104.5500    0    0.850   1.0000          NULL 
105.4000    3    5.100   1.0000          evt3
110.5000    0    0.850   1.0000          NULL 
111.3500    3    5.100   1.0000          evt3
116.4500    0    0.850   1.0000          NULL 
117.2999    2    5.100   1.0000          evt2
122.3999    0    0.850   1.0000          NULL 
123.2499    6    5.100   1.0000          evt6
128.3499    0    1.700   1.0000          NULL 
130.0500    2    5.100   1.0000          evt2
135.1500    0    0.850   1.0000          NULL 
136.0000    5    5.100   1.0000          evt5
141.1000    0    0.850   1.0000          NULL 
141.9500    6    5.100   1.0000          evt6
147.0500    0    2.550   1.0000          NULL 
149.6000    6    5.100   1.0000          evt6
154.7000    0    0.850   1.0000          NULL 
155.5500    1    5.100   1.0000          evt1
160.6500    0    0.850   1.0000          NULL 
161.5000    4    5.100   1.0000          evt4
166.6000    0    0.850   1.0000          NULL 
167.4500    1    5.100   1.0000          evt1
172.5500    0    1.700   1.0000          NULL 
174.2501    6    5.100   1.0000          evt6
179.3501    0    5.100   1.0000          NULL 
184.4501    4    5.100   1.0000          evt4
189.5501    0    0.850   1.0000          NULL 
190.4001    1    5.100   1.0000          evt1
195.5001    0    1.700   1.0000          NULL 
197.2001    1    5.100   1.0000          evt1
202.3001    0    1.700   1.0000          NULL 
204.0002    1    5.100   1.0000          evt1
209.1002    0    0.850   1.0000          NULL 
209.9502    3    5.100   1.0000          evt3
215.0502    0    1.700   1.0000          NULL 
216.7502    1    5.100   1.0000          evt1
221.8502    0    3.400   1.0000          NULL 
225.2502    3    5.100   1.0000          evt3
230.3502    0    0.850   1.0000          NULL 
231.2002    6    5.100   1.0000          evt6
236.3002    0    0.850   1.0000          NULL 
237.1502    6    5.100   1.0000          evt6
242.2502    0    0.850   1.0000          NULL 
243.1003    6    5.100   1.0000          evt6
248.2003    0    1.700   1.0000          NULL 
249.9003    4    5.100   1.0000          evt4
255.0003    0    3.400   1.0000          NULL 
258.4003    2    5.100   1.0000          evt2
263.5003    0    1.700   1.0000          NULL 
265.2003    1    5.100   1.0000          evt1
270.3003    0    0.850   1.0000          NULL 
271.1503    1    5.100   1.0000          evt1
276.2503    0    0.850   1.0000          NULL 
277.1003    4    5.100   1.0000          evt4
282.2003    0    0.850   1.0000          NULL 
283.0504    3    5.100   1.0000          evt3
288.1504    0    2.550   1.0000          NULL 
290.7004    4    5.100   1.0000          evt4
295.8004    0    6.800   1.0000          NULL 
302.6004    3    5.100   1.0000          evt3
307.7004    0    1.700   1.0000          NULL 
309.4005    6    5.100   1.0000          evt6
314.5005    0    0.850   1.0000          NULL 
315.3505    3    5.100   1.0000          evt3
320.4505    0    1.700   1.0000          NULL 
322.1505    6    5.100   1.0000          evt6
327.2505    0    0.850   1.0000          NULL 
328.1005    4    5.100   1.0000          evt4
333.2005    0    1.700   1.0000          NULL 
334.9005    3    5.100   1.0000          evt3
340.0005    0    0.850   1.0000          NULL 
340.8505    1    5.100   1.0000          evt1
345.9505    0    0.850   1.0000          NULL 
346.8005    1    5.100   1.0000          evt1
351.9005    0    2.550   1.0000          NULL 
354.4506    5    5.100   1.0000          evt5
359.5506    0    0.849   1.0000          NULL 
