  0.0000    3    5.100   1.0000          evt3
  5.1000    0    2.550   1.0000          NULL 
  7.6500    6    5.100   1.0000          evt6
 12.7500    4    5.100   1.0000          evt4
 17.8500    0    2.550   1.0000          NULL 
 20.4000    4    5.100   1.0000          evt4
 25.5000    0    6.800   1.0000          NULL 
 32.3000    1    5.100   1.0000          evt1
 37.4000    0    3.400   1.0000          NULL 
 40.8000    1    5.100   1.0000          evt1
 45.9000    4    5.100   1.0000          evt4
 51.0000    0    2.550   1.0000          NULL 
 53.5500    3    5.100   1.0000          evt3
 58.6500    1    5.100   1.0000          evt1
 63.7500    0    2.550   1.0000          NULL 
 66.3000    3    5.100   1.0000          evt3
 71.4000    1    5.100   1.0000          evt1
 76.5000    0    0.850   1.0000          NULL 
 77.3500    4    5.100   1.0000          evt4
 82.4500    6    5.100   1.0000          evt6
 87.5500    5    5.100   1.0000          evt5
 92.6500    0    4.250   1.0000          NULL 
 96.9000    6    5.100   1.0000          evt6
102.0000    0    2.550   1.0000          NULL 
104.5500    2    5.100   1.0000          evt2
109.6500    0    5.100   1.0000          NULL 
114.7499    2    5.100   1.0000          evt2
119.8499    0    1.700   1.0000          NULL 
121.5499    2    5.100   1.0000          evt2
126.6499    0    1.700   1.0000          NULL 
128.3499    6    5.100   1.0000          evt6
133.4500    0    0.850   1.0000          NULL 
134.3000    1    5.100   1.0000          evt1
139.4000    0    0.850   1.0000          NULL 
140.2500    1    5.100   1.0000          evt1
145.3500    5    5.100   1.0000          evt5
150.4500    0    3.400   1.0000          NULL 
153.8500    2    5.100   1.0000          evt2
158.9500    0    1.700   1.0000          NULL 
160.6500    1    5.100   1.0000          evt1
165.7500    3    5.100   1.0000          evt3
170.8500    0    3.400   1.0000          NULL 
174.2501    6    5.100   1.0000          evt6
179.3501    0    2.550   1.0000          NULL 
181.9001    4    5.100   1.0000          evt4
187.0001    3    5.100   1.0000          evt3
192.1001    3    5.100   1.0000          evt3
197.2001    0    1.700   1.0000          NULL 
198.9001    3    5.100   1.0000          evt3
204.0001    0    1.700   1.0000          NULL 
205.7001    6    5.100   1.0000          evt6
210.8001    4    5.100   1.0000          evt4
215.9001    0    3.400   1.0000          NULL 
219.3002    4    5.100   1.0000          evt4
224.4002    0    0.850   1.0000          NULL 
225.2502    1    5.100   1.0000          evt1
230.3502    0    0.850   1.0000          NULL 
231.2002    3    5.100   1.0000          evt3
236.3002    0    0.850   1.0000          NULL 
237.1502    5    5.100   1.0000          evt5
242.2502    3    5.100   1.0000          evt3
247.3502    5    5.100   1.0000          evt5
252.4502    0    0.850   1.0000          NULL 
253.3002    2    5.100   1.0000          evt2
258.4002    0    0.850   1.0000          NULL 
259.2502    1    5.100   1.0000          evt1
264.3503    0    0.850   1.0000          NULL 
265.2003    5    5.100   1.0000          evt5
270.3003    0    1.700   1.0000          NULL 
272.0003    6    5.100   1.0000          evt6
277.1003    6    5.100   1.0000          evt6
282.2003    0    5.950   1.0000          NULL 
288.1503    3    5.100   1.0000          evt3
293.2503    0    0.850   1.0000          NULL 
294.1003    4    5.100   1.0000          evt4
299.2003    0    6.800   1.0000          NULL 
306.0004    6    5.100   1.0000          evt6
311.1004    0    0.850   1.0000          NULL 
311.9504    4    5.100   1.0000          evt4
317.0504    4    5.100   1.0000          evt4
322.1504    0    2.550   1.0000          NULL 
324.7004    6    5.100   1.0000          evt6
329.8004    0    2.550   1.0000          NULL 
332.3505    6    5.100   1.0000          evt6
337.4505    0    2.550   1.0000          NULL 
340.0005    4    5.100   1.0000          evt4
345.1005    1    5.100   1.0000          evt1
350.2005    3    5.100   1.0000          evt3
355.3005    1    5.100   1.0000          evt1
