  0.0000    3    5.100   1.0000          evt3
  5.1000    0    0.850   1.0000          NULL 
  5.9500    4    5.100   1.0000          evt4
 11.0500    0    0.850   1.0000          NULL 
 11.9000    2    5.100   1.0000          evt2
 17.0000    0    2.550   1.0000          NULL 
 19.5500    6    5.100   1.0000          evt6
 24.6500    5    5.100   1.0000          evt5
 29.7500    2    5.100   1.0000          evt2
 34.8500    0    0.850   1.0000          NULL 
 35.7000    3    5.100   1.0000          evt3
 40.8000    1    5.100   1.0000          evt1
 45.9000    0    2.550   1.0000          NULL 
 48.4500    4    5.100   1.0000          evt4
 53.5500    0    0.850   1.0000          NULL 
 54.4000    6    5.100   1.0000          evt6
 59.5000    0    4.250   1.0000          NULL 
 63.7500    3    5.100   1.0000          evt3
 68.8500    0    0.850   1.0000          NULL 
 69.7000    4    5.100   1.0000          evt4
 74.8000    0    2.550   1.0000          NULL 
 77.3500    1    5.100   1.0000          evt1
 82.4500    6    5.100   1.0000          evt6
 87.5500    0    2.550   1.0000          NULL 
 90.1000    1    5.100   1.0000          evt1
 95.2000    0    2.550   1.0000          NULL 
 97.7500    3    5.100   1.0000          evt3
102.8500    0    0.850   1.0000          NULL 
103.7000    6    5.100   1.0000          evt6
108.8000    0    0.850   1.0000          NULL 
109.6500    4    5.100   1.0000          evt4
114.7500    1    5.100   1.0000          evt1
119.8500    5    5.100   1.0000          evt5
124.9500    2    5.100   1.0000          evt2
130.0500    0    4.250   1.0000          NULL 
134.3000    5    5.100   1.0000          evt5
139.4000    0    1.700   1.0000          NULL 
141.1000    4    5.100   1.0000          evt4
146.2000    1    5.100   1.0000          evt1
151.3000    0    0.850   1.0000          NULL 
152.1500    1    5.100   1.0000          evt1
157.2500    0    0.850   1.0000          NULL 
158.1000    4    5.100   1.0000          evt4
163.2000    0    1.700   1.0000          NULL 
164.9001    6    5.100   1.0000          evt6
170.0001    0    3.400   1.0000          NULL 
173.4001    3    5.100   1.0000          evt3
178.5001    0    1.700   1.0000          NULL 
180.2001    1    5.100   1.0000          evt1
185.3001    0    0.850   1.0000          NULL 
186.1501    6    5.100   1.0000          evt6
191.2501    0    4.250   1.0000          NULL 
195.5002    4    5.100   1.0000          evt4
200.6002    2    5.100   1.0000          evt2
205.7002    1    5.100   1.0000          evt1
210.8002    3    5.100   1.0000          evt3
215.9002    6    5.100   1.0000          evt6
221.0002    0    1.700   1.0000          NULL 
222.7002    2    5.100   1.0000          evt2
227.8002    3    5.100   1.0000          evt3
232.9002    0    5.100   1.0000          NULL 
238.0002    5    5.100   1.0000          evt5
243.1003    3    5.100   1.0000          evt3
248.2003    0    1.700   1.0000          NULL 
249.9003    5    5.100   1.0000          evt5
255.0003    0    0.850   1.0000          NULL 
255.8503    4    5.100   1.0000          evt4
260.9503    0    3.400   1.0000          NULL 
264.3503    4    5.100   1.0000          evt4
269.4503    0    5.100   1.0000          NULL 
274.5504    1    5.100   1.0000          evt1
279.6504    0    2.550   1.0000          NULL 
282.2004    6    5.100   1.0000          evt6
287.3004    0    0.850   1.0000          NULL 
288.1504    4    5.100   1.0000          evt4
293.2504    3    5.100   1.0000          evt3
298.3504    0    0.850   1.0000          NULL 
299.2004    6    5.100   1.0000          evt6
304.3004    6    5.100   1.0000          evt6
309.4004    0    0.850   1.0000          NULL 
310.2504    6    5.100   1.0000          evt6
315.3504    0    2.550   1.0000          NULL 
317.9005    3    5.100   1.0000          evt3
323.0005    0    3.400   1.0000          NULL 
326.4005    1    5.100   1.0000          evt1
331.5005    0    3.400   1.0000          NULL 
334.9005    1    5.100   1.0000          evt1
340.0005    0    4.250   1.0000          NULL 
344.2505    4    5.100   1.0000          evt4
349.3506    0    3.400   1.0000          NULL 
352.7506    3    5.100   1.0000          evt3
357.8506    0    2.549   1.0000          NULL 
