  0.0000    6    5.100   1.0000          evt6
  5.1000    2    5.100   1.0000          evt2
 10.2000    0    0.850   1.0000          NULL 
 11.0500    5    5.100   1.0000          evt5
 16.1500    0    8.500   1.0000          NULL 
 24.6500    6    5.100   1.0000          evt6
 29.7500    0    0.850   1.0000          NULL 
 30.6000    1    5.100   1.0000          evt1
 35.7000    3    5.100   1.0000          evt3
 40.8000    0    1.700   1.0000          NULL 
 42.5000    4    5.100   1.0000          evt4
 47.6000    4    5.100   1.0000          evt4
 52.7000    6    5.100   1.0000          evt6
 57.8000    4    5.100   1.0000          evt4
 62.9000    0    4.250   1.0000          NULL 
 67.1500    3    5.100   1.0000          evt3
 72.2500    0    4.250   1.0000          NULL 
 76.5000    1    5.100   1.0000          evt1
 81.6000    0    0.850   1.0000          NULL 
 82.4500    4    5.100   1.0000          evt4
 87.5500    0    3.400   1.0000          NULL 
 90.9500    6    5.100   1.0000          evt6
 96.0500    2    5.100   1.0000          evt2
101.1500    0    2.550   1.0000          NULL 
103.7000    6    5.100   1.0000          evt6
108.8000    0    5.100   1.0000          NULL 
113.8999    3    5.100   1.0000          evt3
118.9999    0    0.850   1.0000          NULL 
119.8499    5    5.100   1.0000          evt5
124.9499    0    1.700   1.0000          NULL 
126.6499    1    5.100   1.0000          evt1
131.7499    0    3.400   1.0000          NULL 
135.1500    4    5.100   1.0000          evt4
140.2500    6    5.100   1.0000          evt6
145.3500    6    5.100   1.0000          evt6
150.4500    6    5.100   1.0000          evt6
155.5500    0    0.850   1.0000          NULL 
156.4000    2    5.100   1.0000          evt2
161.5000    3    5.100   1.0000          evt3
166.6000    0    1.700   1.0000          NULL 
168.3000    5    5.100   1.0000          evt5
173.4000    2    5.100   1.0000          evt2
178.5000    1    5.100   1.0000          evt1
183.6000    6    5.100   1.0000          evt6
188.7000    3    5.100   1.0000          evt3
193.8000    0    0.850   1.0000          NULL 
194.6501    3    5.100   1.0000          evt3
199.7501    1    5.100   1.0000          evt1
204.8501    1    5.100   1.0000          evt1
209.9501    0    0.850   1.0000          NULL 
210.8001    3    5.100   1.0000          evt3
215.9001    0    4.250   1.0000          NULL 
220.1501    1    5.100   1.0000          evt1
225.2501    0    2.550   1.0000          NULL 
227.8001    1    5.100   1.0000          evt1
232.9001    0    5.950   1.0000          NULL 
238.8502    1    5.100   1.0000          evt1
243.9502    0    0.850   1.0000          NULL 
244.8002    1    5.100   1.0000          evt1
249.9002    0    1.700   1.0000          NULL 
251.6002    6    5.100   1.0000          evt6
256.7002    3    5.100   1.0000          evt3
261.8002    0    2.550   1.0000          NULL 
264.3503    5    5.100   1.0000          evt5
269.4503    0    2.550   1.0000          NULL 
272.0003    4    5.100   1.0000          evt4
277.1003    0    2.550   1.0000          NULL 
279.6503    3    5.100   1.0000          evt3
284.7503    0    5.950   1.0000          NULL 
290.7003    4    5.100   1.0000          evt4
295.8004    0    0.850   1.0000          NULL 
296.6504    2    5.100   1.0000          evt2
301.7504    6    5.100   1.0000          evt6
306.8504    4    5.100   1.0000          evt4
311.9504    0    2.550   1.0000          NULL 
314.5004    3    5.100   1.0000          evt3
319.6004    0    0.850   1.0000          NULL 
320.4504    4    5.100   1.0000          evt4
325.5504    1    5.100   1.0000          evt1
330.6504    0    0.850   1.0000          NULL 
331.5004    3    5.100   1.0000          evt3
336.6004    0    3.400   1.0000          NULL 
340.0005    5    5.100   1.0000          evt5
345.1005    0    4.250   1.0000          NULL 
349.3505    4    5.100   1.0000          evt4
354.4505    0    0.850   1.0000          NULL 
355.3005    4    5.100   1.0000          evt4
