  0.0000    6    5.100   1.0000          evt6
  5.1000    0    1.700   1.0000          NULL 
  6.8000    5    5.100   1.0000          evt5
 11.9000    1    5.100   1.0000          evt1
 17.0000    3    5.100   1.0000          evt3
 22.1000    4    5.100   1.0000          evt4
 27.2000    0    0.850   1.0000          NULL 
 28.0500    6    5.100   1.0000          evt6
 33.1500    0    3.400   1.0000          NULL 
 36.5500    1    5.100   1.0000          evt1
 41.6500    3    5.100   1.0000          evt3
 46.7500    0    0.850   1.0000          NULL 
 47.6000    3    5.100   1.0000          evt3
 52.7000    3    5.100   1.0000          evt3
 57.8000    3    5.100   1.0000          evt3
 62.9000    0    0.850   1.0000          NULL 
 63.7500    1    5.100   1.0000          evt1
 68.8500    0    1.700   1.0000          NULL 
 70.5500    3    5.100   1.0000          evt3
 75.6500    0    5.100   1.0000          NULL 
 80.7500    4    5.100   1.0000          evt4
 85.8500    0    0.850   1.0000          NULL 
 86.7000    3    5.100   1.0000          evt3
 91.8000    4    5.100   1.0000          evt4
 96.9000    1    5.100   1.0000          evt1
102.0000    0    0.850   1.0000          NULL 
102.8500    3    5.100   1.0000          evt3
107.9500    6    5.100   1.0000          evt6
113.0500    0    0.850   1.0000          NULL 
113.9000    2    5.100   1.0000          evt2
119.0000    0    6.800   1.0000          NULL 
125.7999    2    5.100   1.0000          evt2
130.8999    0    3.400   1.0000          NULL 
134.3000    1    5.100   1.0000          evt1
139.4000    0    2.550   1.0000          NULL 
141.9500    6    5.100   1.0000          evt6
147.0500    1    5.100   1.0000          evt1
152.1500    0    1.700   1.0000          NULL 
153.8500    4    5.100   1.0000          evt4
158.9500    4    5.100   1.0000          evt4
164.0500    0    2.550   1.0000          NULL 
166.6001    1    5.100   1.0000          evt1
171.7001    0    0.850   1.0000          NULL 
172.5501    2    5.100   1.0000          evt2
177.6501    0    1.700   1.0000          NULL 
179.3501    5    5.100   1.0000          evt5
184.4501    0    0.850   1.0000          NULL 
185.3001    5    5.100   1.0000          evt5
190.4001    0    0.850   1.0000          NULL 
191.2501    3    5.100   1.0000          evt3
196.3501    0    0.850   1.0000          NULL 
197.2001    1    5.100   1.0000          evt1
202.3001    0    0.850   1.0000          NULL 
203.1501    1    5.100   1.0000          evt1
208.2501    0    0.850   1.0000          NULL 
209.1001    6    5.100   1.0000          evt6
214.2001    0   11.900   1.0000          NULL 
226.1002    1    5.100   1.0000          evt1
231.2002    0    1.700   1.0000          NULL 
232.9003    4    5.100   1.0000          evt4
238.0003    0    0.850   1.0000          NULL 
238.8503    1    5.100   1.0000          evt1
243.9503    0    7.650   1.0000          NULL 
251.6003    6    5.100   1.0000          evt6
256.7003    4    5.100   1.0000          evt4
261.8003    4    5.100   1.0000          evt4
266.9003    0    1.700   1.0000          NULL 
268.6003    3    5.100   1.0000          evt3
273.7003    6    5.100   1.0000          evt6
278.8004    3    5.100   1.0000          evt3
283.9004    2    5.100   1.0000          evt2
289.0004    0    1.700   1.0000          NULL 
290.7004    6    5.100   1.0000          evt6
295.8004    2    5.100   1.0000          evt2
300.9004    0    3.400   1.0000          NULL 
304.3004    4    5.100   1.0000          evt4
309.4004    0    0.850   1.0000          NULL 
310.2504    4    5.100   1.0000          evt4
315.3504    0    3.400   1.0000          NULL 
318.7505    4    5.100   1.0000          evt4
323.8505    0    5.950   1.0000          NULL 
329.8005    5    5.100   1.0000          evt5
334.9005    0    4.250   1.0000          NULL 
339.1505    6    5.100   1.0000          evt6
344.2505    0    0.850   1.0000          NULL 
345.1006    6    5.100   1.0000          evt6
350.2006    6    5.100   1.0000          evt6
355.3006    5    5.100   1.0000          evt5
