  0.0000    1    5.100   1.0000          evt1
  5.1000    0    0.850   1.0000          NULL 
  5.9500    6    5.100   1.0000          evt6
 11.0500    0    0.850   1.0000          NULL 
 11.9000    2    5.100   1.0000          evt2
 17.0000    0    4.250   1.0000          NULL 
 21.2500    4    5.100   1.0000          evt4
 26.3500    0    0.850   1.0000          NULL 
 27.2000    4    5.100   1.0000          evt4
 32.3000    0    0.850   1.0000          NULL 
 33.1500    6    5.100   1.0000          evt6
 38.2500    0    0.850   1.0000          NULL 
 39.1000    1    5.100   1.0000          evt1
 44.2000    0    1.700   1.0000          NULL 
 45.9000    3    5.100   1.0000          evt3
 51.0000    0    0.850   1.0000          NULL 
 51.8500    1    5.100   1.0000          evt1
 56.9500    0    0.850   1.0000          NULL 
 57.8000    5    5.100   1.0000          evt5
 62.9000    0    1.700   1.0000          NULL 
 64.6000    3    5.100   1.0000          evt3
 69.7000    0    0.850   1.0000          NULL 
 70.5500    4    5.100   1.0000          evt4
 75.6500    0    0.850   1.0000          NULL 
 76.5000    1    5.100   1.0000          evt1
 81.6000    0    3.400   1.0000          NULL 
 85.0000    4    5.100   1.0000          evt4
 90.1000    0    2.550   1.0000          NULL 
 92.6500    6    5.100   1.0000          evt6
 97.7500    0    0.850   1.0000          NULL 
 98.6000    3    5.100   1.0000          evt3
103.7000    0    0.850   1.0000          NULL 
104.5500    2    5.100   1.0000          evt2
109.6500    0    1.700   1.0000          NULL 
111.3500    4    5.100   1.0000          evt4
116.4500    0    0.850   1.0000          NULL 
117.2999    1    5.100   1.0000          evt1
122.3999    0    1.700   1.0000          NULL 
124.0999    6    5.100   1.0000          evt6
129.2000    0    1.700   1.0000          NULL 
130.9000    3    5.100   1.0000          evt3
136.0000    0    0.850   1.0000          NULL 
136.8500    6    5.100   1.0000          evt6
141.9500    0    0.850   1.0000          NULL 
142.8000    6    5.100   1.0000          evt6
147.9000    0    0.850   1.0000          NULL 
148.7500    6    5.100   1.0000          evt6
153.8500    0    0.850   1.0000          NULL 
154.7000    4    5.100   1.0000          evt4
159.8000    0    4.250   1.0000          NULL 
164.0500    1    5.100   1.0000          evt1
169.1501    0    3.400   1.0000          NULL 
172.5501    3    5.100   1.0000          evt3
177.6501    0    0.850   1.0000          NULL 
178.5001    5    5.100   1.0000          evt5
183.6001    0    2.550   1.0000          NULL 
186.1501    6    5.100   1.0000          evt6
191.2501    0    0.850   1.0000          NULL 
192.1001    1    5.100   1.0000          evt1
197.2001    0    0.850   1.0000          NULL 
198.0501    3    5.100   1.0000          evt3
203.1501    0    0.850   1.0000          NULL 
204.0002    6    5.100   1.0000          evt6
209.1002    0    1.700   1.0000          NULL 
210.8002    2    5.100   1.0000          evt2
215.9002    0    1.700   1.0000          NULL 
217.6002    1    5.100   1.0000          evt1
222.7002    0    0.850   1.0000          NULL 
223.5502    1    5.100   1.0000          evt1
228.6502    0    5.950   1.0000          NULL 
234.6003    4    5.100   1.0000          evt4
239.7003    0    1.700   1.0000          NULL 
241.4003    2    5.100   1.0000          evt2
246.5003    0    2.550   1.0000          NULL 
249.0503    3    5.100   1.0000          evt3
254.1503    0    1.700   1.0000          NULL 
255.8503    5    5.100   1.0000          evt5
260.9503    0    0.850   1.0000          NULL 
261.8003    2    5.100   1.0000          evt2
266.9003    0    0.850   1.0000          NULL 
267.7503    1    5.100   1.0000          evt1
272.8503    0    0.850   1.0000          NULL 
273.7003    4    5.100   1.0000          evt4
278.8004    0    0.850   1.0000          NULL 
279.6504    6    5.100   1.0000          evt6
284.7504    0    0.850   1.0000          NULL 
285.6004    4    5.100   1.0000          evt4
290.7004    0    0.850   1.0000          NULL 
291.5504    1    5.100   1.0000          evt1
296.6504    0    0.850   1.0000          NULL 
297.5004    3    5.100   1.0000          evt3
302.6004    0    0.850   1.0000          NULL 
303.4504    3    5.100   1.0000          evt3
308.5504    0    0.850   1.0000          NULL 
309.4004    4    5.100   1.0000          evt4
314.5004    0    0.850   1.0000          NULL 
315.3504    3    5.100   1.0000          evt3
320.4504    0    0.850   1.0000          NULL 
321.3004    5    5.100   1.0000          evt5
326.4005    0    2.550   1.0000          NULL 
328.9505    4    5.100   1.0000          evt4
334.0505    0    0.850   1.0000          NULL 
334.9005    6    5.100   1.0000          evt6
340.0005    0    1.700   1.0000          NULL 
341.7005    5    5.100   1.0000          evt5
346.8005    0    3.400   1.0000          NULL 
350.2005    3    5.100   1.0000          evt3
355.3005    0    5.099   1.0000          NULL 
