  0.0000    1    5.100   1.0000          evt1
  5.1000    0    0.850   1.0000          NULL 
  5.9500    5    5.100   1.0000          evt5
 11.0500    0    0.850   1.0000          NULL 
 11.9000    2    5.100   1.0000          evt2
 17.0000    0    0.850   1.0000          NULL 
 17.8500    1    5.100   1.0000          evt1
 22.9500    0    1.700   1.0000          NULL 
 24.6500    1    5.100   1.0000          evt1
 29.7500    0    0.850   1.0000          NULL 
 30.6000    3    5.100   1.0000          evt3
 35.7000    0    0.850   1.0000          NULL 
 36.5500    3    5.100   1.0000          evt3
 41.6500    0    1.700   1.0000          NULL 
 43.3500    3    5.100   1.0000          evt3
 48.4500    0    1.700   1.0000          NULL 
 50.1500    6    5.100   1.0000          evt6
 55.2500    0    0.850   1.0000          NULL 
 56.1000    6    5.100   1.0000          evt6
 61.2000    0    0.850   1.0000          NULL 
 62.0500    2    5.100   1.0000          evt2
 67.1500    0    1.700   1.0000          NULL 
 68.8500    3    5.100   1.0000          evt3
 73.9500    0    0.850   1.0000          NULL 
 74.8000    5    5.100   1.0000          evt5
 79.9000    0    0.850   1.0000          NULL 
 80.7500    1    5.100   1.0000          evt1
 85.8500    0    0.850   1.0000          NULL 
 86.7000    4    5.100   1.0000          evt4
 91.8000    0    0.850   1.0000          NULL 
 92.6500    5    5.100   1.0000          evt5
 97.7500    0    0.850   1.0000          NULL 
 98.6000    2    5.100   1.0000          evt2
103.7000    0    3.400   1.0000          NULL 
107.1000    6    5.100   1.0000          evt6
112.2000    0    0.850   1.0000          NULL 
113.0500    6    5.100   1.0000          evt6
118.1500    0    1.700   1.0000          NULL 
119.8500    6    5.100   1.0000          evt6
124.9500    0    2.550   1.0000          NULL 
127.4999    4    5.100   1.0000          evt4
132.5999    0    0.850   1.0000          NULL 
133.4500    3    5.100   1.0000          evt3
138.5500    0    0.850   1.0000          NULL 
139.4000    3    5.100   1.0000          evt3
144.5000    0    3.400   1.0000          NULL 
147.9000    4    5.100   1.0000          evt4
153.0000    0    0.850   1.0000          NULL 
153.8500    4    5.100   1.0000          evt4
158.9500    0    0.850   1.0000          NULL 
159.8000    2    5.100   1.0000          evt2
164.9000    0    1.700   1.0000          NULL 
166.6000    3    5.100   1.0000          evt3
171.7000    0    0.850   1.0000          NULL 
172.5500    5    5.100   1.0000          evt5
177.6501    0    1.700   1.0000          NULL 
179.3501    1    5.100   1.0000          evt1
184.4501    0    2.550   1.0000          NULL 
187.0001    1    5.100   1.0000          evt1
192.1001    0    0.850   1.0000          NULL 
192.9501    6    5.100   1.0000          evt6
198.0501    0    0.850   1.0000          NULL 
198.9001    1    5.100   1.0000          evt1
204.0001    0    4.250   1.0000          NULL 
208.2502    4    5.100   1.0000          evt4
213.3502    0    1.700   1.0000          NULL 
215.0502    1    5.100   1.0000          evt1
220.1502    0    2.550   1.0000          NULL 
222.7002    4    5.100   1.0000          evt4
227.8002    0    0.850   1.0000          NULL 
228.6502    6    5.100   1.0000          evt6
233.7502    0    5.950   1.0000          NULL 
239.7003    6    5.100   1.0000          evt6
244.8003    0    1.700   1.0000          NULL 
246.5003    3    5.100   1.0000          evt3
251.6003    0    0.850   1.0000          NULL 
252.4503    1    5.100   1.0000          evt1
257.5503    0    2.550   1.0000          NULL 
260.1003    6    5.100   1.0000          evt6
265.2003    0    1.700   1.0000          NULL 
266.9003    4    5.100   1.0000          evt4
272.0003    0    0.850   1.0000          NULL 
272.8503    4    5.100   1.0000          evt4
277.9503    0    1.700   1.0000          NULL 
279.6504    6    5.100   1.0000          evt6
284.7504    0    0.850   1.0000          NULL 
285.6004    3    5.100   1.0000          evt3
290.7004    0    0.850   1.0000          NULL 
291.5504    3    5.100   1.0000          evt3
296.6504    0    0.850   1.0000          NULL 
297.5004    1    5.100   1.0000          evt1
302.6004    0    1.700   1.0000          NULL 
304.3004    6    5.100   1.0000          evt6
309.4004    0    2.550   1.0000          NULL 
311.9504    4    5.100   1.0000          evt4
317.0504    0    0.850   1.0000          NULL 
317.9005    3    5.100   1.0000          evt3
323.0005    0    0.850   1.0000          NULL 
323.8505    4    5.100   1.0000          evt4
328.9505    0    0.850   1.0000          NULL 
329.8005    1    5.100   1.0000          evt1
334.9005    0    2.550   1.0000          NULL 
337.4505    5    5.100   1.0000          evt5
342.5505    0    0.850   1.0000          NULL 
343.4005    4    5.100   1.0000          evt4
348.5005    0    0.850   1.0000          NULL 
349.3505    2    5.100   1.0000          evt2
354.4505    0    5.949   1.0000          NULL 
