  0.0000    6    5.100   1.0000          evt6
  5.1000    0    3.400   1.0000          NULL 
  8.5000    2    5.100   1.0000          evt2
 13.6000    0    0.850   1.0000          NULL 
 14.4500    3    5.100   1.0000          evt3
 19.5500    1    5.100   1.0000          evt1
 24.6500    0    2.550   1.0000          NULL 
 27.2000    5    5.100   1.0000          evt5
 32.3000    3    5.100   1.0000          evt3
 37.4000    2    5.100   1.0000          evt2
 42.5000    3    5.100   1.0000          evt3
 47.6000    0    0.850   1.0000          NULL 
 48.4500    6    5.100   1.0000          evt6
 53.5500    0    1.700   1.0000          NULL 
 55.2500    4    5.100   1.0000          evt4
 60.3500    4    5.100   1.0000          evt4
 65.4500    6    5.100   1.0000          evt6
 70.5500    4    5.100   1.0000          evt4
 75.6500    3    5.100   1.0000          evt3
 80.7500    1    5.100   1.0000          evt1
 85.8500    0    2.550   1.0000          NULL 
 88.4000    3    5.100   1.0000          evt3
 93.5000    0    1.700   1.0000          NULL 
 95.2000    4    5.100   1.0000          evt4
100.3000    5    5.100   1.0000          evt5
105.4000    0    4.250   1.0000          NULL 
109.6500    6    5.100   1.0000          evt6
114.7500    4    5.100   1.0000          evt4
119.8500    0    5.950   1.0000          NULL 
125.7999    3    5.100   1.0000          evt3
130.8999    0    0.850   1.0000          NULL 
131.7500    6    5.100   1.0000          evt6
136.8500    0    4.250   1.0000          NULL 
141.1000    1    5.100   1.0000          evt1
146.2000    0    3.400   1.0000          NULL 
149.6000    5    5.100   1.0000          evt5
154.7000    3    5.100   1.0000          evt3
159.8000    0    3.400   1.0000          NULL 
163.2001    6    5.100   1.0000          evt6
168.3001    0    3.400   1.0000          NULL 
171.7001    6    5.100   1.0000          evt6
176.8001    0    1.700   1.0000          NULL 
178.5001    4    5.100   1.0000          evt4
183.6001    0    3.400   1.0000          NULL 
187.0001    5    5.100   1.0000          evt5
192.1001    1    5.100   1.0000          evt1
197.2001    1    5.100   1.0000          evt1
202.3002    4    5.100   1.0000          evt4
207.4002    0    1.700   1.0000          NULL 
209.1002    1    5.100   1.0000          evt1
214.2002    0    0.850   1.0000          NULL 
215.0502    3    5.100   1.0000          evt3
220.1502    0    1.700   1.0000          NULL 
221.8502    1    5.100   1.0000          evt1
226.9502    3    5.100   1.0000          evt3
232.0502    6    5.100   1.0000          evt6
237.1502    0    4.250   1.0000          NULL 
241.4003    4    5.100   1.0000          evt4
246.5003    0    1.700   1.0000          NULL 
248.2003    3    5.100   1.0000          evt3
253.3003    0    5.950   1.0000          NULL 
259.2503    1    5.100   1.0000          evt1
264.3503    0    2.550   1.0000          NULL 
266.9003    4    5.100   1.0000          evt4
272.0003    0    5.100   1.0000          NULL 
277.1004    3    5.100   1.0000          evt3
282.2004    0    7.650   1.0000          NULL 
289.8504    6    5.100   1.0000          evt6
294.9504    6    5.100   1.0000          evt6
300.0504    0    0.850   1.0000          NULL 
300.9005    1    5.100   1.0000          evt1
306.0005    0    3.400   1.0000          NULL 
309.4005    2    5.100   1.0000          evt2
314.5005    1    5.100   1.0000          evt1
319.6005    0    0.850   1.0000          NULL 
320.4505    4    5.100   1.0000          evt4
325.5505    5    5.100   1.0000          evt5
330.6505    2    5.100   1.0000          evt2
335.7505    0    2.550   1.0000          NULL 
338.3005    1    5.100   1.0000          evt1
343.4005    0    0.850   1.0000          NULL 
344.2505    4    5.100   1.0000          evt4
349.3506    2    5.100   1.0000          evt2
354.4506    0    0.850   1.0000          NULL 
355.3006    6    5.100   1.0000          evt6
