  0.0000    5    5.100   1.0000          evt5
  5.1000    0    2.550   1.0000          NULL 
  7.6500    3    5.100   1.0000          evt3
 12.7500    0    1.700   1.0000          NULL 
 14.4500    6    5.100   1.0000          evt6
 19.5500    1    5.100   1.0000          evt1
 24.6500    0    2.550   1.0000          NULL 
 27.2000    1    5.100   1.0000          evt1
 32.3000    0    0.850   1.0000          NULL 
 33.1500    6    5.100   1.0000          evt6
 38.2500    0    1.700   1.0000          NULL 
 39.9500    3    5.100   1.0000          evt3
 45.0500    0    1.700   1.0000          NULL 
 46.7500    6    5.100   1.0000          evt6
 51.8500    3    5.100   1.0000          evt3
 56.9500    0    1.700   1.0000          NULL 
 58.6500    5    5.100   1.0000          evt5
 63.7500    0    2.550   1.0000          NULL 
 66.3000    6    5.100   1.0000          evt6
 71.4000    0   11.050   1.0000          NULL 
 82.4500    3    5.100   1.0000          evt3
 87.5500    0    1.700   1.0000          NULL 
 89.2500    1    5.100   1.0000          evt1
 94.3500    0    1.700   1.0000          NULL 
 96.0499    2    5.100   1.0000          evt2
101.1499    2    5.100   1.0000          evt2
106.2499    4    5.100   1.0000          evt4
111.3499    0    2.550   1.0000          NULL 
113.8999    5    5.100   1.0000          evt5
118.9999    4    5.100   1.0000          evt4
124.0999    0    5.100   1.0000          NULL 
129.1999    3    5.100   1.0000          evt3
134.2999    0    3.400   1.0000          NULL 
137.7000    3    5.100   1.0000          evt3
142.8000    1    5.100   1.0000          evt1
147.9000    2    5.100   1.0000          evt2
153.0000    0    0.850   1.0000          NULL 
153.8500    5    5.100   1.0000          evt5
158.9500    0    1.700   1.0000          NULL 
160.6500    6    5.100   1.0000          evt6
165.7500    0    5.950   1.0000          NULL 
171.7001    4    5.100   1.0000          evt4
176.8001    0    3.400   1.0000          NULL 
180.2001    1    5.100   1.0000          evt1
185.3001    6    5.100   1.0000          evt6
190.4001    0    4.250   1.0000          NULL 
194.6501    4    5.100   1.0000          evt4
199.7501    0    0.850   1.0000          NULL 
200.6001    4    5.100   1.0000          evt4
205.7001    1    5.100   1.0000          evt1
210.8002    0    0.850   1.0000          NULL 
211.6502    1    5.100   1.0000          evt1
216.7502    4    5.100   1.0000          evt4
221.8502    6    5.100   1.0000          evt6
226.9502    0    1.700   1.0000          NULL 
228.6502    4    5.100   1.0000          evt4
233.7502    0    0.850   1.0000          NULL 
234.6002    4    5.100   1.0000          evt4
239.7002    0    0.850   1.0000          NULL 
240.5502    3    5.100   1.0000          evt3
245.6502    6    5.100   1.0000          evt6
250.7502    0    0.850   1.0000          NULL 
251.6002    4    5.100   1.0000          evt4
256.7002    3    5.100   1.0000          evt3
261.8002    0    5.100   1.0000          NULL 
266.9003    1    5.100   1.0000          evt1
272.0003    0    1.700   1.0000          NULL 
273.7003    3    5.100   1.0000          evt3
278.8003    0    1.700   1.0000          NULL 
280.5003    4    5.100   1.0000          evt4
285.6003    5    5.100   1.0000          evt5
290.7003    3    5.100   1.0000          evt3
295.8003    6    5.100   1.0000          evt6
300.9003    6    5.100   1.0000          evt6
306.0003    0    0.850   1.0000          NULL 
306.8503    2    5.100   1.0000          evt2
311.9503    1    5.100   1.0000          evt1
317.0504    0    2.550   1.0000          NULL 
319.6004    3    5.100   1.0000          evt3
324.7004    1    5.100   1.0000          evt1
329.8004    0    0.850   1.0000          NULL 
330.6504    6    5.100   1.0000          evt6
335.7504    0    1.700   1.0000          NULL 
337.4504    4    5.100   1.0000          evt4
342.5504    0    3.400   1.0000          NULL 
345.9504    2    5.100   1.0000          evt2
351.0504    0    1.700   1.0000          NULL 
352.7505    1    5.100   1.0000          evt1
357.8505    0    2.550   1.0000          NULL 
