  0.0000    3    5.100   1.0000          evt3
  5.1000    0    2.550   1.0000          NULL 
  7.6500    3    5.100   1.0000          evt3
 12.7500    0    0.850   1.0000          NULL 
 13.6000    1    5.100   1.0000          evt1
 18.7000    0    3.400   1.0000          NULL 
 22.1000    1    5.100   1.0000          evt1
 27.2000    0    0.850   1.0000          NULL 
 28.0500    6    5.100   1.0000          evt6
 33.1500    0    0.850   1.0000          NULL 
 34.0000    6    5.100   1.0000          evt6
 39.1000    0    1.700   1.0000          NULL 
 40.8000    6    5.100   1.0000          evt6
 45.9000    0    2.550   1.0000          NULL 
 48.4500    6    5.100   1.0000          evt6
 53.5500    0    0.850   1.0000          NULL 
 54.4000    1    5.100   1.0000          evt1
 59.5000    0    1.700   1.0000          NULL 
 61.2000    2    5.100   1.0000          evt2
 66.3000    0    2.550   1.0000          NULL 
 68.8500    6    5.100   1.0000          evt6
 73.9500    0    0.850   1.0000          NULL 
 74.8000    2    5.100   1.0000          evt2
 79.9000    0    0.850   1.0000          NULL 
 80.7500    4    5.100   1.0000          evt4
 85.8500    0    1.700   1.0000          NULL 
 87.5500    3    5.100   1.0000          evt3
 92.6500    0    0.850   1.0000          NULL 
 93.5000    5    5.100   1.0000          evt5
 98.6000    0    0.850   1.0000          NULL 
 99.4500    4    5.100   1.0000          evt4
104.5500    0    1.700   1.0000          NULL 
106.2500    3    5.100   1.0000          evt3
111.3500    0    3.400   1.0000          NULL 
114.7499    3    5.100   1.0000          evt3
119.8499    0    0.850   1.0000          NULL 
120.6999    3    5.100   1.0000          evt3
125.7999    0    0.850   1.0000          NULL 
126.6499    2    5.100   1.0000          evt2
131.7499    0    0.850   1.0000          NULL 
132.5999    4    5.100   1.0000          evt4
137.7000    0    1.700   1.0000          NULL 
139.4000    1    5.100   1.0000          evt1
144.5000    0    1.700   1.0000          NULL 
146.2000    4    5.100   1.0000          evt4
151.3000    0    1.700   1.0000          NULL 
153.0000    5    5.100   1.0000          evt5
158.1000    0    2.550   1.0000          NULL 
160.6500    6    5.100   1.0000          evt6
165.7500    0    0.850   1.0000          NULL 
166.6000    2    5.100   1.0000          evt2
171.7000    0    0.850   1.0000          NULL 
172.5500    4    5.100   1.0000          evt4
177.6501    0    1.700   1.0000          NULL 
179.3501    6    5.100   1.0000          evt6
184.4501    0    0.850   1.0000          NULL 
185.3001    5    5.100   1.0000          evt5
190.4001    0    0.850   1.0000          NULL 
191.2501    4    5.100   1.0000          evt4
196.3501    0    5.100   1.0000          NULL 
201.4501    6    5.100   1.0000          evt6
206.5501    0    1.700   1.0000          NULL 
208.2502    4    5.100   1.0000          evt4
213.3502    0    1.700   1.0000          NULL 
215.0502    3    5.100   1.0000          evt3
220.1502    0    0.850   1.0000          NULL 
221.0002    1    5.100   1.0000          evt1
226.1002    0    1.700   1.0000          NULL 
227.8002    6    5.100   1.0000          evt6
232.9002    0    0.850   1.0000          NULL 
233.7502    4    5.100   1.0000          evt4
238.8502    0    0.850   1.0000          NULL 
239.7002    3    5.100   1.0000          evt3
244.8002    0    1.700   1.0000          NULL 
246.5002    1    5.100   1.0000          evt1
251.6003    0    5.100   1.0000          NULL 
256.7003    1    5.100   1.0000          evt1
261.8003    0    1.700   1.0000          NULL 
263.5003    5    5.100   1.0000          evt5
268.6003    0    0.850   1.0000          NULL 
269.4503    3    5.100   1.0000          evt3
274.5503    0    1.700   1.0000          NULL 
276.2503    4    5.100   1.0000          evt4
281.3503    0    1.700   1.0000          NULL 
283.0504    1    5.100   1.0000          evt1
288.1504    0    1.700   1.0000          NULL 
289.8504    4    5.100   1.0000          evt4
294.9504    0    0.850   1.0000          NULL 
295.8004    1    5.100   1.0000          evt1
300.9004    0    2.550   1.0000          NULL 
303.4504    1    5.100   1.0000          evt1
308.5504    0    1.700   1.0000          NULL 
310.2504    1    5.100   1.0000          evt1
315.3504    0    0.850   1.0000          NULL 
316.2004    6    5.100   1.0000          evt6
321.3004    0    0.850   1.0000          NULL 
322.1505    6    5.100   1.0000          evt6
327.2505    0    0.850   1.0000          NULL 
328.1005    3    5.100   1.0000          evt3
333.2005    0    0.850   1.0000          NULL 
334.0505    4    5.100   1.0000          evt4
339.1505    0    1.700   1.0000          NULL 
340.8505    3    5.100   1.0000          evt3
345.9505    0    0.850   1.0000          NULL 
346.8005    5    5.100   1.0000          evt5
351.9005    0    0.850   1.0000          NULL 
352.7505    2    5.100   1.0000          evt2
357.8505    0    2.549   1.0000          NULL 
