  0.0000    1    5.100   1.0000          evt1
  5.1000    4    5.100   1.0000          evt4
 10.2000    0    3.400   1.0000          NULL 
 13.6000    1    5.100   1.0000          evt1
 18.7000    0    4.250   1.0000          NULL 
 22.9500    6    5.100   1.0000          evt6
 28.0500    0    1.700   1.0000          NULL 
 29.7500    6    5.100   1.0000          evt6
 34.8500    0    8.500   1.0000          NULL 
 43.3500    4    5.100   1.0000          evt4
 48.4500    0    2.550   1.0000          NULL 
 51.0000    3    5.100   1.0000          evt3
 56.1000    2    5.100   1.0000          evt2
 61.2000    0    1.700   1.0000          NULL 
 62.9000    5    5.100   1.0000          evt5
 68.0000    0    2.550   1.0000          NULL 
 70.5500    5    5.100   1.0000          evt5
 75.6500    0    0.850   1.0000          NULL 
 76.5000    1    5.100   1.0000          evt1
 81.6000    0    0.850   1.0000          NULL 
 82.4500    5    5.100   1.0000          evt5
 87.5500    4    5.100   1.0000          evt4
 92.6500    1    5.100   1.0000          evt1
 97.7500    0    3.400   1.0000          NULL 
101.1500    3    5.100   1.0000          evt3
106.2500    1    5.100   1.0000          evt1
111.3500    4    5.100   1.0000          evt4
116.4500    3    5.100   1.0000          evt3
121.5499    3    5.100   1.0000          evt3
126.6499    6    5.100   1.0000          evt6
131.7500    2    5.100   1.0000          evt2
136.8500    2    5.100   1.0000          evt2
141.9500    6    5.100   1.0000          evt6
147.0500    2    5.100   1.0000          evt2
152.1500    2    5.100   1.0000          evt2
157.2500    6    5.100   1.0000          evt6
162.3500    1    5.100   1.0000          evt1
167.4500    0    0.850   1.0000          NULL 
168.3000    3    5.100   1.0000          evt3
173.4000    0    5.950   1.0000          NULL 
179.3501    5    5.100   1.0000          evt5
184.4501    3    5.100   1.0000          evt3
189.5501    4    5.100   1.0000          evt4
194.6501    0    0.850   1.0000          NULL 
195.5001    1    5.100   1.0000          evt1
200.6001    0    2.550   1.0000          NULL 
203.1501    6    5.100   1.0000          evt6
208.2501    5    5.100   1.0000          evt5
213.3501    0    7.650   1.0000          NULL 
221.0002    1    5.100   1.0000          evt1
226.1002    0    2.550   1.0000          NULL 
228.6502    4    5.100   1.0000          evt4
233.7502    0    0.850   1.0000          NULL 
234.6002    1    5.100   1.0000          evt1
239.7002    6    5.100   1.0000          evt6
244.8002    0    5.100   1.0000          NULL 
249.9003    6    5.100   1.0000          evt6
255.0003    0    1.700   1.0000          NULL 
256.7003    4    5.100   1.0000          evt4
261.8003    0    6.800   1.0000          NULL 
268.6003    6    5.100   1.0000          evt6
273.7003    3    5.100   1.0000          evt3
278.8003    0    0.850   1.0000          NULL 
279.6503    1    5.100   1.0000          evt1
284.7503    0    0.850   1.0000          NULL 
285.6003    6    5.100   1.0000          evt6
290.7003    0    0.850   1.0000          NULL 
291.5504    4    5.100   1.0000          evt4
296.6504    0    4.250   1.0000          NULL 
300.9004    3    5.100   1.0000          evt3
306.0004    0    3.400   1.0000          NULL 
309.4004    3    5.100   1.0000          evt3
314.5004    0    4.250   1.0000          NULL 
318.7505    3    5.100   1.0000          evt3
323.8505    4    5.100   1.0000          evt4
328.9505    1    5.100   1.0000          evt1
334.0505    6    5.100   1.0000          evt6
339.1505    4    5.100   1.0000          evt4
344.2505    0    3.400   1.0000          NULL 
347.6505    3    5.100   1.0000          evt3
352.7505    0    0.850   1.0000          NULL 
353.6005    4    5.100   1.0000          evt4
358.7005    0    1.699   1.0000          NULL 
