  0.0000    1    5.100   1.0000          evt1
  5.1000    2    5.100   1.0000          evt2
 10.2000    0    0.850   1.0000          NULL 
 11.0500    1    5.100   1.0000          evt1
 16.1500    0    0.850   1.0000          NULL 
 17.0000    6    5.100   1.0000          evt6
 22.1000    4    5.100   1.0000          evt4
 27.2000    0    1.700   1.0000          NULL 
 28.9000    4    5.100   1.0000          evt4
 34.0000    0    0.850   1.0000          NULL 
 34.8500    6    5.100   1.0000          evt6
 39.9500    0    5.950   1.0000          NULL 
 45.9000    4    5.100   1.0000          evt4
 51.0000    0    4.250   1.0000          NULL 
 55.2500    4    5.100   1.0000          evt4
 60.3500    6    5.100   1.0000          evt6
 65.4500    0    0.850   1.0000          NULL 
 66.3000    6    5.100   1.0000          evt6
 71.4000    0    1.700   1.0000          NULL 
 73.1000    2    5.100   1.0000          evt2
 78.2000    2    5.100   1.0000          evt2
 83.3000    5    5.100   1.0000          evt5
 88.4000    0    5.100   1.0000          NULL 
 93.5000    1    5.100   1.0000          evt1
 98.6000    0    0.850   1.0000          NULL 
 99.4500    4    5.100   1.0000          evt4
104.5499    3    5.100   1.0000          evt3
109.6499    0    4.250   1.0000          NULL 
113.8999    4    5.100   1.0000          evt4
118.9999    0    1.700   1.0000          NULL 
120.6999    3    5.100   1.0000          evt3
125.7999    0    0.850   1.0000          NULL 
126.6499    6    5.100   1.0000          evt6
131.7499    3    5.100   1.0000          evt3
136.8499    0    1.700   1.0000          NULL 
138.5500    4    5.100   1.0000          evt4
143.6500    0    3.400   1.0000          NULL 
147.0500    3    5.100   1.0000          evt3
152.1500    1    5.100   1.0000          evt1
157.2500    0    2.550   1.0000          NULL 
159.8000    3    5.100   1.0000          evt3
164.9000    1    5.100   1.0000          evt1
170.0000    0    9.350   1.0000          NULL 
179.3501    5    5.100   1.0000          evt5
184.4501    3    5.100   1.0000          evt3
189.5501    0    0.850   1.0000          NULL 
190.4001    3    5.100   1.0000          evt3
195.5001    1    5.100   1.0000          evt1
200.6001    0    0.850   1.0000          NULL 
201.4501    6    5.100   1.0000          evt6
206.5501    0    1.700   1.0000          NULL 
208.2502    3    5.100   1.0000          evt3
213.3502    0    5.100   1.0000          NULL 
218.4502    4    5.100   1.0000          evt4
223.5502    4    5.100   1.0000          evt4
228.6502    3    5.100   1.0000          evt3
233.7502    0    0.850   1.0000          NULL 
234.6002    1    5.100   1.0000          evt1
239.7002    6    5.100   1.0000          evt6
244.8002    1    5.100   1.0000          evt1
249.9002    0    1.700   1.0000          NULL 
251.6003    6    5.100   1.0000          evt6
256.7003    0    1.700   1.0000          NULL 
258.4003    1    5.100   1.0000          evt1
263.5003    3    5.100   1.0000          evt3
268.6003    0    5.100   1.0000          NULL 
273.7003    4    5.100   1.0000          evt4
278.8003    6    5.100   1.0000          evt6
283.9003    0    1.700   1.0000          NULL 
285.6003    6    5.100   1.0000          evt6
290.7003    0    2.550   1.0000          NULL 
293.2504    5    5.100   1.0000          evt5
298.3504    2    5.100   1.0000          evt2
303.4504    0    0.850   1.0000          NULL 
304.3004    5    5.100   1.0000          evt5
309.4004    0    4.250   1.0000          NULL 
313.6504    4    5.100   1.0000          evt4
318.7504    0    0.850   1.0000          NULL 
319.6004    2    5.100   1.0000          evt2
324.7004    0    2.550   1.0000          NULL 
327.2505    3    5.100   1.0000          evt3
332.3505    1    5.100   1.0000          evt1
337.4505    0    1.700   1.0000          NULL 
339.1505    1    5.100   1.0000          evt1
344.2505    0    5.950   1.0000          NULL 
350.2005    6    5.100   1.0000          evt6
355.3005    5    5.100   1.0000          evt5
