  0.0000    4    5.100   1.0000          evt4
  5.1000    0    1.700   1.0000          NULL 
  6.8000    1    5.100   1.0000          evt1
 11.9000    0    3.400   1.0000          NULL 
 15.3000    3    5.100   1.0000          evt3
 20.4000    0    0.850   1.0000          NULL 
 21.2500    6    5.100   1.0000          evt6
 26.3500    0    4.250   1.0000          NULL 
 30.6000    1    5.100   1.0000          evt1
 35.7000    0    0.850   1.0000          NULL 
 36.5500    4    5.100   1.0000          evt4
 41.6500    0    1.700   1.0000          NULL 
 43.3500    4    5.100   1.0000          evt4
 48.4500    0    0.850   1.0000          NULL 
 49.3000    1    5.100   1.0000          evt1
 54.4000    0    0.850   1.0000          NULL 
 55.2500    6    5.100   1.0000          evt6
 60.3500    0    0.850   1.0000          NULL 
 61.2000    4    5.100   1.0000          evt4
 66.3000    0    0.850   1.0000          NULL 
 67.1500    4    5.100   1.0000          evt4
 72.2500    0    0.850   1.0000          NULL 
 73.1000    5    5.100   1.0000          evt5
 78.2000    0    0.850   1.0000          NULL 
 79.0500    3    5.100   1.0000          evt3
 84.1500    0    0.850   1.0000          NULL 
 85.0000    1    5.100   1.0000          evt1
 90.1000    0    0.850   1.0000          NULL 
 90.9500    3    5.100   1.0000          evt3
 96.0500    0    1.700   1.0000          NULL 
 97.7500    6    5.100   1.0000          evt6
102.8500    0    0.850   1.0000          NULL 
103.7000    1    5.100   1.0000          evt1
108.8000    0    2.550   1.0000          NULL 
111.3500    6    5.100   1.0000          evt6
116.4500    0    0.850   1.0000          NULL 
117.3000    3    5.100   1.0000          evt3
122.4000    0    1.700   1.0000          NULL 
124.1000    1    5.100   1.0000          evt1
129.2000    0    1.700   1.0000          NULL 
130.9000    6    5.100   1.0000          evt6
136.0000    0    0.850   1.0000          NULL 
136.8500    4    5.100   1.0000          evt4
141.9500    0    0.850   1.0000          NULL 
142.8000    6    5.100   1.0000          evt6
147.9000    0    1.700   1.0000          NULL 
149.6000    2    5.100   1.0000          evt2
154.7000    0    0.850   1.0000          NULL 
155.5500    5    5.100   1.0000          evt5
160.6500    0    1.700   1.0000          NULL 
162.3500    3    5.100   1.0000          evt3
167.4500    0    1.700   1.0000          NULL 
169.1501    2    5.100   1.0000          evt2
174.2501    0    2.550   1.0000          NULL 
176.8001    5    5.100   1.0000          evt5
181.9001    0    0.850   1.0000          NULL 
182.7501    1    5.100   1.0000          evt1
187.8501    0    6.800   1.0000          NULL 
194.6501    4    5.100   1.0000          evt4
199.7502    0    1.700   1.0000          NULL 
201.4502    1    5.100   1.0000          evt1
206.5502    0    0.850   1.0000          NULL 
207.4002    3    5.100   1.0000          evt3
212.5002    0    0.850   1.0000          NULL 
213.3502    4    5.100   1.0000          evt4
218.4502    0    1.700   1.0000          NULL 
220.1502    3    5.100   1.0000          evt3
225.2502    0    0.850   1.0000          NULL 
226.1002    6    5.100   1.0000          evt6
231.2002    0    0.850   1.0000          NULL 
232.0502    1    5.100   1.0000          evt1
237.1502    0    0.850   1.0000          NULL 
238.0002    5    5.100   1.0000          evt5
243.1003    0    0.850   1.0000          NULL 
243.9503    2    5.100   1.0000          evt2
249.0503    0    3.400   1.0000          NULL 
252.4503    6    5.100   1.0000          evt6
257.5503    0    0.850   1.0000          NULL 
258.4003    6    5.100   1.0000          evt6
263.5003    0    0.850   1.0000          NULL 
264.3503    2    5.100   1.0000          evt2
269.4503    0    0.850   1.0000          NULL 
270.3003    3    5.100   1.0000          evt3
275.4003    0    0.850   1.0000          NULL 
276.2503    4    5.100   1.0000          evt4
281.3503    0    3.400   1.0000          NULL 
284.7504    1    5.100   1.0000          evt1
289.8504    0    0.850   1.0000          NULL 
290.7004    6    5.100   1.0000          evt6
295.8004    0    5.950   1.0000          NULL 
301.7504    4    5.100   1.0000          evt4
306.8504    0    0.850   1.0000          NULL 
307.7004    2    5.100   1.0000          evt2
312.8004    0    0.850   1.0000          NULL 
313.6505    5    5.100   1.0000          evt5
318.7505    0    2.550   1.0000          NULL 
321.3005    3    5.100   1.0000          evt3
326.4005    0    2.550   1.0000          NULL 
328.9505    3    5.100   1.0000          evt3
334.0505    0    0.850   1.0000          NULL 
334.9005    4    5.100   1.0000          evt4
340.0005    0    0.850   1.0000          NULL 
340.8505    6    5.100   1.0000          evt6
345.9505    0    0.850   1.0000          NULL 
346.8005    1    5.100   1.0000          evt1
351.9005    0    0.850   1.0000          NULL 
352.7505    3    5.100   1.0000          evt3
357.8506    0    2.549   1.0000          NULL 
