  0.0000    4    5.100   1.0000          evt4
  5.1000    0    0.850   1.0000          NULL 
  5.9500    3    5.100   1.0000          evt3
 11.0500    0    0.850   1.0000          NULL 
 11.9000    6    5.100   1.0000          evt6
 17.0000    0    0.850   1.0000          NULL 
 17.8500    3    5.100   1.0000          evt3
 22.9500    0    0.850   1.0000          NULL 
 23.8000    4    5.100   1.0000          evt4
 28.9000    0    0.850   1.0000          NULL 
 29.7500    4    5.100   1.0000          evt4
 34.8500    0    1.700   1.0000          NULL 
 36.5500    1    5.100   1.0000          evt1
 41.6500    0    1.700   1.0000          NULL 
 43.3500    5    5.100   1.0000          evt5
 48.4500    0    0.850   1.0000          NULL 
 49.3000    6    5.100   1.0000          evt6
 54.4000    0    1.700   1.0000          NULL 
 56.1000    5    5.100   1.0000          evt5
 61.2000    0    1.700   1.0000          NULL 
 62.9000    2    5.100   1.0000          evt2
 68.0000    0    1.700   1.0000          NULL 
 69.7000    3    5.100   1.0000          evt3
 74.8000    0    0.850   1.0000          NULL 
 75.6500    4    5.100   1.0000          evt4
 80.7500    0    1.700   1.0000          NULL 
 82.4500    6    5.100   1.0000          evt6
 87.5500    0    3.400   1.0000          NULL 
 90.9500    2    5.100   1.0000          evt2
 96.0500    0    3.400   1.0000          NULL 
 99.4500    3    5.100   1.0000          evt3
104.5500    0    1.700   1.0000          NULL 
106.2500    2    5.100   1.0000          evt2
111.3500    0    0.850   1.0000          NULL 
112.2000    3    5.100   1.0000          evt3
117.2999    0    1.700   1.0000          NULL 
118.9999    6    5.100   1.0000          evt6
124.0999    0    0.850   1.0000          NULL 
124.9499    6    5.100   1.0000          evt6
130.0499    0    1.700   1.0000          NULL 
131.7500    3    5.100   1.0000          evt3
136.8500    0    2.550   1.0000          NULL 
139.4000    1    5.100   1.0000          evt1
144.5000    0    1.700   1.0000          NULL 
146.2000    6    5.100   1.0000          evt6
151.3000    0    0.850   1.0000          NULL 
152.1500    4    5.100   1.0000          evt4
157.2500    0    2.550   1.0000          NULL 
159.8000    1    5.100   1.0000          evt1
164.9000    0    0.850   1.0000          NULL 
165.7500    2    5.100   1.0000          evt2
170.8501    0    1.700   1.0000          NULL 
172.5501    4    5.100   1.0000          evt4
177.6501    0    2.550   1.0000          NULL 
180.2001    1    5.100   1.0000          evt1
185.3001    0    1.700   1.0000          NULL 
187.0001    1    5.100   1.0000          evt1
192.1001    0    2.550   1.0000          NULL 
194.6501    5    5.100   1.0000          evt5
199.7501    0    2.550   1.0000          NULL 
202.3002    3    5.100   1.0000          evt3
207.4002    0    1.700   1.0000          NULL 
209.1002    1    5.100   1.0000          evt1
214.2002    0    0.850   1.0000          NULL 
215.0502    1    5.100   1.0000          evt1
220.1502    0    3.400   1.0000          NULL 
223.5502    3    5.100   1.0000          evt3
228.6502    0    1.700   1.0000          NULL 
230.3502    5    5.100   1.0000          evt5
235.4502    0    0.850   1.0000          NULL 
236.3002    6    5.100   1.0000          evt6
241.4003    0    2.550   1.0000          NULL 
243.9503    1    5.100   1.0000          evt1
249.0503    0    1.700   1.0000          NULL 
250.7503    2    5.100   1.0000          evt2
255.8503    0    0.850   1.0000          NULL 
256.7003    3    5.100   1.0000          evt3
261.8003    0    0.850   1.0000          NULL 
262.6503    4    5.100   1.0000          evt4
267.7503    0    1.700   1.0000          NULL 
269.4503    4    5.100   1.0000          evt4
274.5503    0    1.700   1.0000          NULL 
276.2503    6    5.100   1.0000          evt6
281.3503    0    1.700   1.0000          NULL 
283.0504    1    5.100   1.0000          evt1
288.1504    0    0.850   1.0000          NULL 
289.0004    1    5.100   1.0000          evt1
294.1004    0    0.850   1.0000          NULL 
294.9504    3    5.100   1.0000          evt3
300.0504    0    0.850   1.0000          NULL 
300.9004    3    5.100   1.0000          evt3
306.0004    0    1.700   1.0000          NULL 
307.7004    6    5.100   1.0000          evt6
312.8004    0    2.550   1.0000          NULL 
315.3504    1    5.100   1.0000          evt1
320.4504    0    1.700   1.0000          NULL 
322.1505    4    5.100   1.0000          evt4
327.2505    0    1.700   1.0000          NULL 
328.9505    6    5.100   1.0000          evt6
334.0505    0    0.850   1.0000          NULL 
334.9005    4    5.100   1.0000          evt4
340.0005    0    1.700   1.0000          NULL 
341.7005    6    5.100   1.0000          evt6
346.8005    0    0.850   1.0000          NULL 
347.6505    5    5.100   1.0000          evt5
352.7505    0    1.700   1.0000          NULL 
354.4505    4    5.100   1.0000          evt4
359.5505    0    0.849   1.0000          NULL 
