  0.0000    6    5.100   1.0000          evt6
  5.1000    0    0.850   1.0000          NULL 
  5.9500    6    5.100   1.0000          evt6
 11.0500    0    1.700   1.0000          NULL 
 12.7500    3    5.100   1.0000          evt3
 17.8500    0    3.400   1.0000          NULL 
 21.2500    4    5.100   1.0000          evt4
 26.3500    0    0.850   1.0000          NULL 
 27.2000    2    5.100   1.0000          evt2
 32.3000    0    0.850   1.0000          NULL 
 33.1500    5    5.100   1.0000          evt5
 38.2500    0    1.700   1.0000          NULL 
 39.9500    4    5.100   1.0000          evt4
 45.0500    0    1.700   1.0000          NULL 
 46.7500    6    5.100   1.0000          evt6
 51.8500    0    1.700   1.0000          NULL 
 53.5500    1    5.100   1.0000          evt1
 58.6500    0    0.850   1.0000          NULL 
 59.5000    1    5.100   1.0000          evt1
 64.6000    0    1.700   1.0000          NULL 
 66.3000    6    5.100   1.0000          evt6
 71.4000    0    2.550   1.0000          NULL 
 73.9500    1    5.100   1.0000          evt1
 79.0500    0    2.550   1.0000          NULL 
 81.6000    6    5.100   1.0000          evt6
 86.7000    0    1.700   1.0000          NULL 
 88.4000    1    5.100   1.0000          evt1
 93.5000    0    0.850   1.0000          NULL 
 94.3500    4    5.100   1.0000          evt4
 99.4500    0    1.700   1.0000          NULL 
101.1500    3    5.100   1.0000          evt3
106.2500    0    0.850   1.0000          NULL 
107.1000    1    5.100   1.0000          evt1
112.2000    0    0.850   1.0000          NULL 
113.0499    5    5.100   1.0000          evt5
118.1499    0    2.550   1.0000          NULL 
120.6999    3    5.100   1.0000          evt3
125.7999    0    0.850   1.0000          NULL 
126.6499    4    5.100   1.0000          evt4
131.7499    0    0.850   1.0000          NULL 
132.5999    3    5.100   1.0000          evt3
137.7000    0    2.550   1.0000          NULL 
140.2500    6    5.100   1.0000          evt6
145.3500    0    0.850   1.0000          NULL 
146.2000    6    5.100   1.0000          evt6
151.3000    0    0.850   1.0000          NULL 
152.1500    1    5.100   1.0000          evt1
157.2500    0    0.850   1.0000          NULL 
158.1000    2    5.100   1.0000          evt2
163.2000    0    1.700   1.0000          NULL 
164.9000    4    5.100   1.0000          evt4
170.0000    0    0.850   1.0000          NULL 
170.8500    1    5.100   1.0000          evt1
175.9500    0    1.700   1.0000          NULL 
177.6501    3    5.100   1.0000          evt3
182.7501    0    0.850   1.0000          NULL 
183.6001    3    5.100   1.0000          evt3
188.7001    0    0.850   1.0000          NULL 
189.5501    4    5.100   1.0000          evt4
194.6501    0    5.100   1.0000          NULL 
199.7501    3    5.100   1.0000          evt3
204.8501    0    1.700   1.0000          NULL 
206.5501    6    5.100   1.0000          evt6
211.6501    0    0.850   1.0000          NULL 
212.5002    3    5.100   1.0000          evt3
217.6002    0    0.850   1.0000          NULL 
218.4502    6    5.100   1.0000          evt6
223.5502    0    1.700   1.0000          NULL 
225.2502    6    5.100   1.0000          evt6
230.3502    0    1.700   1.0000          NULL 
232.0502    5    5.100   1.0000          evt5
237.1502    0    1.700   1.0000          NULL 
238.8502    6    5.100   1.0000          evt6
243.9502    0    0.850   1.0000          NULL 
244.8002    2    5.100   1.0000          evt2
249.9002    0    0.850   1.0000          NULL 
250.7502    5    5.100   1.0000          evt5
255.8503    0    0.850   1.0000          NULL 
256.7003    3    5.100   1.0000          evt3
261.8003    0    0.850   1.0000          NULL 
262.6503    2    5.100   1.0000          evt2
267.7503    0    0.850   1.0000          NULL 
268.6003    5    5.100   1.0000          evt5
273.7003    0    1.700   1.0000          NULL 
275.4003    4    5.100   1.0000          evt4
280.5003    0    1.700   1.0000          NULL 
282.2003    3    5.100   1.0000          evt3
287.3003    0    1.700   1.0000          NULL 
289.0003    4    5.100   1.0000          evt4
294.1003    0    3.400   1.0000          NULL 
297.5004    4    5.100   1.0000          evt4
302.6004    0    1.700   1.0000          NULL 
304.3004    2    5.100   1.0000          evt2
309.4004    0    1.700   1.0000          NULL 
311.1004    3    5.100   1.0000          evt3
316.2004    0    1.700   1.0000          NULL 
317.9004    4    5.100   1.0000          evt4
323.0004    0    0.850   1.0000          NULL 
323.8504    4    5.100   1.0000          evt4
328.9504    0    2.550   1.0000          NULL 
331.5005    1    5.100   1.0000          evt1
336.6005    0    5.100   1.0000          NULL 
341.7005    1    5.100   1.0000          evt1
346.8005    0    0.850   1.0000          NULL 
347.6505    1    5.100   1.0000          evt1
352.7505    0    0.850   1.0000          NULL 
353.6005    1    5.100   1.0000          evt1
358.7005    0    1.699   1.0000          NULL 
