  0.0000    4    5.100   1.0000          evt4
  5.1000    0    0.850   1.0000          NULL 
  5.9500    4    5.100   1.0000          evt4
 11.0500    0    1.700   1.0000          NULL 
 12.7500    4    5.100   1.0000          evt4
 17.8500    0    2.550   1.0000          NULL 
 20.4000    5    5.100   1.0000          evt5
 25.5000    0    1.700   1.0000          NULL 
 27.2000    6    5.100   1.0000          evt6
 32.3000    0    0.850   1.0000          NULL 
 33.1500    2    5.100   1.0000          evt2
 38.2500    1    5.100   1.0000          evt1
 43.3500    0    2.550   1.0000          NULL 
 45.9000    4    5.100   1.0000          evt4
 51.0000    0    0.850   1.0000          NULL 
 51.8500    3    5.100   1.0000          evt3
 56.9500    0    0.850   1.0000          NULL 
 57.8000    6    5.100   1.0000          evt6
 62.9000    0    0.850   1.0000          NULL 
 63.7500    1    5.100   1.0000          evt1
 68.8500    0    6.800   1.0000          NULL 
 75.6500    4    5.100   1.0000          evt4
 80.7500    0    1.700   1.0000          NULL 
 82.4500    3    5.100   1.0000          evt3
 87.5500    2    5.100   1.0000          evt2
 92.6500    0    0.850   1.0000          NULL 
 93.5000    1    5.100   1.0000          evt1
 98.6000    0    2.550   1.0000          NULL 
101.1500    3    5.100   1.0000          evt3
106.2500    0    1.700   1.0000          NULL 
107.9500    2    5.100   1.0000          evt2
113.0499    0    0.850   1.0000          NULL 
113.8999    2    5.100   1.0000          evt2
118.9999    0    0.850   1.0000          NULL 
119.8499    6    5.100   1.0000          evt6
124.9499    6    5.100   1.0000          evt6
130.0499    0    0.850   1.0000          NULL 
130.8999    5    5.100   1.0000          evt5
136.0000    0    1.700   1.0000          NULL 
137.7000    6    5.100   1.0000          evt6
142.8000    0    1.700   1.0000          NULL 
144.5000    3    5.100   1.0000          evt3
149.6000    1    5.100   1.0000          evt1
154.7000    0    1.700   1.0000          NULL 
156.4000    4    5.100   1.0000          evt4
161.5000    0    0.850   1.0000          NULL 
162.3500    5    5.100   1.0000          evt5
167.4500    3    5.100   1.0000          evt3
172.5500    0    3.400   1.0000          NULL 
175.9501    5    5.100   1.0000          evt5
181.0501    1    5.100   1.0000          evt1
186.1501    4    5.100   1.0000          evt4
191.2501    0    4.250   1.0000          NULL 
195.5001    3    5.100   1.0000          evt3
200.6001    0    0.850   1.0000          NULL 
201.4501    4    5.100   1.0000          evt4
206.5501    0    0.850   1.0000          NULL 
207.4001    6    5.100   1.0000          evt6
212.5001    0    7.650   1.0000          NULL 
220.1502    6    5.100   1.0000          evt6
225.2502    0    2.550   1.0000          NULL 
227.8002    1    5.100   1.0000          evt1
232.9002    0    0.850   1.0000          NULL 
233.7502    1    5.100   1.0000          evt1
238.8502    6    5.100   1.0000          evt6
243.9502    6    5.100   1.0000          evt6
249.0502    0    0.850   1.0000          NULL 
249.9003    2    5.100   1.0000          evt2
255.0003    0    0.850   1.0000          NULL 
255.8503    1    5.100   1.0000          evt1
260.9503    1    5.100   1.0000          evt1
266.0503    0    5.950   1.0000          NULL 
272.0003    1    5.100   1.0000          evt1
277.1003    0    1.700   1.0000          NULL 
278.8003    3    5.100   1.0000          evt3
283.9003    0    4.250   1.0000          NULL 
288.1504    4    5.100   1.0000          evt4
293.2504    0    4.250   1.0000          NULL 
297.5004    3    5.100   1.0000          evt3
302.6004    6    5.100   1.0000          evt6
307.7004    0    2.550   1.0000          NULL 
310.2504    6    5.100   1.0000          evt6
315.3504    0    1.700   1.0000          NULL 
317.0504    3    5.100   1.0000          evt3
322.1505    0    2.550   1.0000          NULL 
324.7005    3    5.100   1.0000          evt3
329.8005    0    0.850   1.0000          NULL 
330.6505    3    5.100   1.0000          evt3
335.7505    0    0.850   1.0000          NULL 
336.6005    4    5.100   1.0000          evt4
341.7005    0    0.850   1.0000          NULL 
342.5505    4    5.100   1.0000          evt4
347.6505    5    5.100   1.0000          evt5
352.7505    0    2.550   1.0000          NULL 
355.3005    1    5.100   1.0000          evt1
