  0.0000    4    5.100   1.0000          evt4
  5.1000    0    5.100   1.0000          NULL 
 10.2000    1    5.100   1.0000          evt1
 15.3000    4    5.100   1.0000          evt4
 20.4000    0    4.250   1.0000          NULL 
 24.6500    5    5.100   1.0000          evt5
 29.7500    1    5.100   1.0000          evt1
 34.8500    6    5.100   1.0000          evt6
 39.9500    0    3.400   1.0000          NULL 
 43.3500    2    5.100   1.0000          evt2
 48.4500    0    1.700   1.0000          NULL 
 50.1500    5    5.100   1.0000          evt5
 55.2500    0    1.700   1.0000          NULL 
 56.9500    3    5.100   1.0000          evt3
 62.0500    3    5.100   1.0000          evt3
 67.1500    0    1.700   1.0000          NULL 
 68.8500    3    5.100   1.0000          evt3
 73.9500    0    2.550   1.0000          NULL 
 76.5000    1    5.100   1.0000          evt1
 81.6000    0    5.950   1.0000          NULL 
 87.5500    1    5.100   1.0000          evt1
 92.6500    1    5.100   1.0000          evt1
 97.7500    0    2.550   1.0000          NULL 
100.3000    4    5.100   1.0000          evt4
105.4000    0    2.550   1.0000          NULL 
107.9500    4    5.100   1.0000          evt4
113.0499    0    0.850   1.0000          NULL 
113.8999    6    5.100   1.0000          evt6
118.9999    0    3.400   1.0000          NULL 
122.3999    3    5.100   1.0000          evt3
127.4999    0    5.950   1.0000          NULL 
133.4500    6    5.100   1.0000          evt6
138.5500    0    0.850   1.0000          NULL 
139.4000    1    5.100   1.0000          evt1
144.5000    2    5.100   1.0000          evt2
149.6000    0    1.700   1.0000          NULL 
151.3000    3    5.100   1.0000          evt3
156.4000    5    5.100   1.0000          evt5
161.5000    2    5.100   1.0000          evt2
166.6000    0    2.550   1.0000          NULL 
169.1501    6    5.100   1.0000          evt6
174.2501    4    5.100   1.0000          evt4
179.3501    0    0.850   1.0000          NULL 
180.2001    5    5.100   1.0000          evt5
185.3001    3    5.100   1.0000          evt3
190.4001    0    2.550   1.0000          NULL 
192.9501    6    5.100   1.0000          evt6
198.0501    2    5.100   1.0000          evt2
203.1501    1    5.100   1.0000          evt1
208.2501    0    1.700   1.0000          NULL 
209.9501    2    5.100   1.0000          evt2
215.0501    0    5.100   1.0000          NULL 
220.1502    4    5.100   1.0000          evt4
225.2502    4    5.100   1.0000          evt4
230.3502    4    5.100   1.0000          evt4
235.4502    0    4.250   1.0000          NULL 
239.7002    6    5.100   1.0000          evt6
244.8002    0    5.100   1.0000          NULL 
249.9003    3    5.100   1.0000          evt3
255.0003    3    5.100   1.0000          evt3
260.1003    6    5.100   1.0000          evt6
265.2003    3    5.100   1.0000          evt3
270.3003    1    5.100   1.0000          evt1
275.4003    1    5.100   1.0000          evt1
280.5003    0    2.550   1.0000          NULL 
283.0503    6    5.100   1.0000          evt6
288.1503    4    5.100   1.0000          evt4
293.2503    0    1.700   1.0000          NULL 
294.9503    3    5.100   1.0000          evt3
300.0504    0    1.700   1.0000          NULL 
301.7504    6    5.100   1.0000          evt6
306.8504    0    1.700   1.0000          NULL 
308.5504    1    5.100   1.0000          evt1
313.6504    3    5.100   1.0000          evt3
318.7504    6    5.100   1.0000          evt6
323.8504    0    0.850   1.0000          NULL 
324.7004    4    5.100   1.0000          evt4
329.8004    0    0.850   1.0000          NULL 
330.6504    5    5.100   1.0000          evt5
335.7504    6    5.100   1.0000          evt6
340.8504    0    5.100   1.0000          NULL 
345.9505    4    5.100   1.0000          evt4
351.0505    0    1.700   1.0000          NULL 
352.7505    1    5.100   1.0000          evt1
357.8505    0    2.550   1.0000          NULL 
