  0.0000    2    5.100   1.0000          evt2
  5.1000    0    2.550   1.0000          NULL 
  7.6500    6    5.100   1.0000          evt6
 12.7500    0    0.850   1.0000          NULL 
 13.6000    1    5.100   1.0000          evt1
 18.7000    0    2.550   1.0000          NULL 
 21.2500    3    5.100   1.0000          evt3
 26.3500    0    5.100   1.0000          NULL 
 31.4500    1    5.100   1.0000          evt1
 36.5500    0    0.850   1.0000          NULL 
 37.4000    6    5.100   1.0000          evt6
 42.5000    1    5.100   1.0000          evt1
 47.6000    4    5.100   1.0000          evt4
 52.7000    0    4.250   1.0000          NULL 
 56.9500    3    5.100   1.0000          evt3
 62.0500    0    6.800   1.0000          NULL 
 68.8500    3    5.100   1.0000          evt3
 73.9500    0    3.400   1.0000          NULL 
 77.3500    2    5.100   1.0000          evt2
 82.4500    0    1.700   1.0000          NULL 
 84.1500    2    5.100   1.0000          evt2
 89.2500    4    5.100   1.0000          evt4
 94.3500    0    1.700   1.0000          NULL 
 96.0500    6    5.100   1.0000          evt6
101.1500    0    1.700   1.0000          NULL 
102.8500    4    5.100   1.0000          evt4
107.9500    3    5.100   1.0000          evt3
113.0499    2    5.100   1.0000          evt2
118.1499    0    0.850   1.0000          NULL 
118.9999    3    5.100   1.0000          evt3
124.0999    4    5.100   1.0000          evt4
129.2000    0    3.400   1.0000          NULL 
132.6000    5    5.100   1.0000          evt5
137.7000    1    5.100   1.0000          evt1
142.8000    0    4.250   1.0000          NULL 
147.0500    5    5.100   1.0000          evt5
152.1500    0    5.100   1.0000          NULL 
157.2501    6    5.100   1.0000          evt6
162.3501    1    5.100   1.0000          evt1
167.4501    0    4.250   1.0000          NULL 
171.7001    1    5.100   1.0000          evt1
176.8001    0    2.550   1.0000          NULL 
179.3501    1    5.100   1.0000          evt1
184.4501    0    0.850   1.0000          NULL 
185.3001    5    5.100   1.0000          evt5
190.4001    0    4.250   1.0000          NULL 
194.6502    1    5.100   1.0000          evt1
199.7502    5    5.100   1.0000          evt5
204.8502    6    5.100   1.0000          evt6
209.9502    0    1.700   1.0000          NULL 
211.6502    6    5.100   1.0000          evt6
216.7502    0    0.850   1.0000          NULL 
217.6002    6    5.100   1.0000          evt6
222.7002    3    5.100   1.0000          evt3
227.8002    3    5.100   1.0000          evt3
232.9002    1    5.100   1.0000          evt1
238.0002    0    1.700   1.0000          NULL 
239.7003    3    5.100   1.0000          evt3
244.8003    6    5.100   1.0000          evt6
249.9003    0    0.850   1.0000          NULL 
250.7503    3    5.100   1.0000          evt3
255.8503    4    5.100   1.0000          evt4
260.9503    0    1.700   1.0000          NULL 
262.6503    1    5.100   1.0000          evt1
267.7503    0    1.700   1.0000          NULL 
269.4503    3    5.100   1.0000          evt3
274.5503    0    0.850   1.0000          NULL 
275.4003    6    5.100   1.0000          evt6
280.5003    0    2.550   1.0000          NULL 
283.0504    4    5.100   1.0000          evt4
288.1504    0    4.250   1.0000          NULL 
292.4004    6    5.100   1.0000          evt6
297.5004    6    5.100   1.0000          evt6
302.6004    4    5.100   1.0000          evt4
307.7004    0    1.700   1.0000          NULL 
309.4004    4    5.100   1.0000          evt4
314.5004    0    2.550   1.0000          NULL 
317.0504    4    5.100   1.0000          evt4
322.1505    0    0.850   1.0000          NULL 
323.0005    3    5.100   1.0000          evt3
328.1005    0    0.850   1.0000          NULL 
328.9505    2    5.100   1.0000          evt2
334.0505    4    5.100   1.0000          evt4
339.1505    0    0.850   1.0000          NULL 
340.0005    1    5.100   1.0000          evt1
345.1005    0    4.250   1.0000          NULL 
349.3505    5    5.100   1.0000          evt5
354.4505    0    0.850   1.0000          NULL 
355.3005    4    5.100   1.0000          evt4
