  0.0000    1    5.100   1.0000          evt1
  5.1000    0    0.850   1.0000          NULL 
  5.9500    3    5.100   1.0000          evt3
 11.0500    0    0.850   1.0000          NULL 
 11.9000    2    5.100   1.0000          evt2
 17.0000    0    0.850   1.0000          NULL 
 17.8500    6    5.100   1.0000          evt6
 22.9500    0    1.700   1.0000          NULL 
 24.6500    5    5.100   1.0000          evt5
 29.7500    0    0.850   1.0000          NULL 
 30.6000    1    5.100   1.0000          evt1
 35.7000    0    1.700   1.0000          NULL 
 37.4000    2    5.100   1.0000          evt2
 42.5000    0    2.550   1.0000          NULL 
 45.0500    1    5.100   1.0000          evt1
 50.1500    0    0.850   1.0000          NULL 
 51.0000    2    5.100   1.0000          evt2
 56.1000    0    1.700   1.0000          NULL 
 57.8000    1    5.100   1.0000          evt1
 62.9000    0    1.700   1.0000          NULL 
 64.6000    3    5.100   1.0000          evt3
 69.7000    0    2.550   1.0000          NULL 
 72.2500    3    5.100   1.0000          evt3
 77.3500    0    1.700   1.0000          NULL 
 79.0500    4    5.100   1.0000          evt4
 84.1500    0    0.850   1.0000          NULL 
 85.0000    6    5.100   1.0000          evt6
 90.1000    0    2.550   1.0000          NULL 
 92.6500    3    5.100   1.0000          evt3
 97.7500    0    2.550   1.0000          NULL 
100.3000    4    5.100   1.0000          evt4
105.4000    0    0.850   1.0000          NULL 
106.2500    4    5.100   1.0000          evt4
111.3500    0    1.700   1.0000          NULL 
113.0499    1    5.100   1.0000          evt1
118.1499    0    0.850   1.0000          NULL 
118.9999    3    5.100   1.0000          evt3
124.0999    0    3.400   1.0000          NULL 
127.4999    3    5.100   1.0000          evt3
132.5999    0    0.850   1.0000          NULL 
133.4500    3    5.100   1.0000          evt3
138.5500    0    0.850   1.0000          NULL 
139.4000    1    5.100   1.0000          evt1
144.5000    0    0.850   1.0000          NULL 
145.3500    4    5.100   1.0000          evt4
150.4500    0    1.700   1.0000          NULL 
152.1500    6    5.100   1.0000          evt6
157.2500    0    1.700   1.0000          NULL 
158.9500    5    5.100   1.0000          evt5
164.0500    0    0.850   1.0000          NULL 
164.9000    4    5.100   1.0000          evt4
170.0000    0    0.850   1.0000          NULL 
170.8500    3    5.100   1.0000          evt3
175.9500    0    0.850   1.0000          NULL 
176.8000    6    5.100   1.0000          evt6
181.9001    0    0.850   1.0000          NULL 
182.7501    2    5.100   1.0000          evt2
187.8501    0    0.850   1.0000          NULL 
188.7001    5    5.100   1.0000          evt5
193.8001    0    0.850   1.0000          NULL 
194.6501    3    5.100   1.0000          evt3
199.7501    0    1.700   1.0000          NULL 
201.4501    6    5.100   1.0000          evt6
206.5501    0    1.700   1.0000          NULL 
208.2501    1    5.100   1.0000          evt1
213.3501    0    0.850   1.0000          NULL 
214.2001    1    5.100   1.0000          evt1
219.3001    0    2.550   1.0000          NULL 
221.8502    4    5.100   1.0000          evt4
226.9502    0    2.550   1.0000          NULL 
229.5002    4    5.100   1.0000          evt4
234.6002    0    3.400   1.0000          NULL 
238.0002    3    5.100   1.0000          evt3
243.1002    0    0.850   1.0000          NULL 
243.9502    4    5.100   1.0000          evt4
249.0502    0    1.700   1.0000          NULL 
250.7502    1    5.100   1.0000          evt1
255.8503    0    1.700   1.0000          NULL 
257.5503    1    5.100   1.0000          evt1
262.6503    0    1.700   1.0000          NULL 
264.3503    6    5.100   1.0000          evt6
269.4503    0    1.700   1.0000          NULL 
271.1503    4    5.100   1.0000          evt4
276.2503    0    3.400   1.0000          NULL 
279.6503    6    5.100   1.0000          evt6
284.7503    0    1.700   1.0000          NULL 
286.4503    5    5.100   1.0000          evt5
291.5504    0    0.850   1.0000          NULL 
292.4004    6    5.100   1.0000          evt6
297.5004    0    0.850   1.0000          NULL 
298.3504    6    5.100   1.0000          evt6
303.4504    0    2.550   1.0000          NULL 
306.0004    4    5.100   1.0000          evt4
311.1004    0    1.700   1.0000          NULL 
312.8004    6    5.100   1.0000          evt6
317.9004    0    0.850   1.0000          NULL 
318.7504    3    5.100   1.0000          evt3
323.8504    0    0.850   1.0000          NULL 
324.7004    4    5.100   1.0000          evt4
329.8004    0    0.850   1.0000          NULL 
330.6505    1    5.100   1.0000          evt1
335.7505    0    1.700   1.0000          NULL 
337.4505    2    5.100   1.0000          evt2
342.5505    0    0.850   1.0000          NULL 
343.4005    5    5.100   1.0000          evt5
348.5005    0    5.100   1.0000          NULL 
353.6005    6    5.100   1.0000          evt6
358.7005    0    1.699   1.0000          NULL 
