  0.0000    1    5.100   1.0000          evt1
  5.1000    0    1.700   1.0000          NULL 
  6.8000    2    5.100   1.0000          evt2
 11.9000    0    2.550   1.0000          NULL 
 14.4500    3    5.100   1.0000          evt3
 19.5500    0    1.700   1.0000          NULL 
 21.2500    1    5.100   1.0000          evt1
 26.3500    4    5.100   1.0000          evt4
 31.4500    0    5.100   1.0000          NULL 
 36.5500    3    5.100   1.0000          evt3
 41.6500    0    5.950   1.0000          NULL 
 47.6000    6    5.100   1.0000          evt6
 52.7000    0    1.700   1.0000          NULL 
 54.4000    2    5.100   1.0000          evt2
 59.5000    1    5.100   1.0000          evt1
 64.6000    0    5.950   1.0000          NULL 
 70.5500    4    5.100   1.0000          evt4
 75.6500    0    5.950   1.0000          NULL 
 81.6000    4    5.100   1.0000          evt4
 86.7000    0    1.700   1.0000          NULL 
 88.3999    1    5.100   1.0000          evt1
 93.4999    0    2.550   1.0000          NULL 
 96.0499    3    5.100   1.0000          evt3
101.1499    1    5.100   1.0000          evt1
106.2499    1    5.100   1.0000          evt1
111.3499    0    0.850   1.0000          NULL 
112.1999    6    5.100   1.0000          evt6
117.2999    2    5.100   1.0000          evt2
122.3999    0    0.850   1.0000          NULL 
123.2499    3    5.100   1.0000          evt3
128.3499    6    5.100   1.0000          evt6
133.4499    6    5.100   1.0000          evt6
138.5499    0    0.850   1.0000          NULL 
139.3999    3    5.100   1.0000          evt3
144.5000    0    2.550   1.0000          NULL 
147.0500    6    5.100   1.0000          evt6
152.1500    0    2.550   1.0000          NULL 
154.7000    4    5.100   1.0000          evt4
159.8000    5    5.100   1.0000          evt5
164.9000    5    5.100   1.0000          evt5
170.0000    0    1.700   1.0000          NULL 
171.7000    6    5.100   1.0000          evt6
176.8000    3    5.100   1.0000          evt3
181.9000    0    1.700   1.0000          NULL 
183.6001    1    5.100   1.0000          evt1
188.7001    0    2.550   1.0000          NULL 
191.2501    6    5.100   1.0000          evt6
196.3501    0    1.700   1.0000          NULL 
198.0501    4    5.100   1.0000          evt4
203.1501    0    1.700   1.0000          NULL 
204.8501    4    5.100   1.0000          evt4
209.9501    0    0.850   1.0000          NULL 
210.8001    3    5.100   1.0000          evt3
215.9001    5    5.100   1.0000          evt5
221.0001    0    3.400   1.0000          NULL 
224.4002    5    5.100   1.0000          evt5
229.5002    3    5.100   1.0000          evt3
234.6002    0    4.250   1.0000          NULL 
238.8502    4    5.100   1.0000          evt4
243.9502    1    5.100   1.0000          evt1
249.0502    6    5.100   1.0000          evt6
254.1502    4    5.100   1.0000          evt4
259.2502    0    1.700   1.0000          NULL 
260.9502    1    5.100   1.0000          evt1
266.0502    0    1.700   1.0000          NULL 
267.7502    4    5.100   1.0000          evt4
272.8503    3    5.100   1.0000          evt3
277.9503    0    0.850   1.0000          NULL 
278.8003    1    5.100   1.0000          evt1
283.9003    0    1.700   1.0000          NULL 
285.6003    6    5.100   1.0000          evt6
290.7003    0    0.850   1.0000          NULL 
291.5503    6    5.100   1.0000          evt6
296.6503    0    5.950   1.0000          NULL 
302.6003    3    5.100   1.0000          evt3
307.7003    0    0.850   1.0000          NULL 
308.5504    2    5.100   1.0000          evt2
313.6504    3    5.100   1.0000          evt3
318.7504    1    5.100   1.0000          evt1
323.8504    0    1.700   1.0000          NULL 
325.5504    5    5.100   1.0000          evt5
330.6504    6    5.100   1.0000          evt6
335.7504    0    0.850   1.0000          NULL 
336.6004    4    5.100   1.0000          evt4
341.7004    0    4.250   1.0000          NULL 
345.9504    2    5.100   1.0000          evt2
351.0504    0    1.700   1.0000          NULL 
352.7505    4    5.100   1.0000          evt4
357.8505    0    2.550   1.0000          NULL 
