  0.0000    6    5.100   1.0000          evt6
  5.1000    0    1.700   1.0000          NULL 
  6.8000    2    5.100   1.0000          evt2
 11.9000    0    0.850   1.0000          NULL 
 12.7500    5    5.100   1.0000          evt5
 17.8500    0    0.850   1.0000          NULL 
 18.7000    4    5.100   1.0000          evt4
 23.8000    0    1.700   1.0000          NULL 
 25.5000    3    5.100   1.0000          evt3
 30.6000    0    0.850   1.0000          NULL 
 31.4500    6    5.100   1.0000          evt6
 36.5500    0    1.700   1.0000          NULL 
 38.2500    4    5.100   1.0000          evt4
 43.3500    0    3.400   1.0000          NULL 
 46.7500    3    5.100   1.0000          evt3
 51.8500    0    0.850   1.0000          NULL 
 52.7000    1    5.100   1.0000          evt1
 57.8000    0    0.850   1.0000          NULL 
 58.6500    5    5.100   1.0000          evt5
 63.7500    0    0.850   1.0000          NULL 
 64.6000    6    5.100   1.0000          evt6
 69.7000    0    3.400   1.0000          NULL 
 73.1000    6    5.100   1.0000          evt6
 78.2000    0    1.700   1.0000          NULL 
 79.9000    5    5.100   1.0000          evt5
 85.0000    0    2.550   1.0000          NULL 
 87.5500    2    5.100   1.0000          evt2
 92.6500    0    3.400   1.0000          NULL 
 96.0500    6    5.100   1.0000          evt6
101.1500    0    0.850   1.0000          NULL 
102.0000    6    5.100   1.0000          evt6
107.1000    0    1.700   1.0000          NULL 
108.7999    3    5.100   1.0000          evt3
113.8999    0    0.850   1.0000          NULL 
114.7499    4    5.100   1.0000          evt4
119.8499    0    2.550   1.0000          NULL 
122.3999    3    5.100   1.0000          evt3
127.4999    0    0.850   1.0000          NULL 
128.3499    1    5.100   1.0000          evt1
133.4500    0    2.550   1.0000          NULL 
136.0000    4    5.100   1.0000          evt4
141.1000    0    2.550   1.0000          NULL 
143.6500    5    5.100   1.0000          evt5
148.7500    0    1.700   1.0000          NULL 
150.4500    6    5.100   1.0000          evt6
155.5500    0    0.850   1.0000          NULL 
156.4000    1    5.100   1.0000          evt1
161.5000    0    0.850   1.0000          NULL 
162.3500    4    5.100   1.0000          evt4
167.4500    0    3.400   1.0000          NULL 
170.8501    4    5.100   1.0000          evt4
175.9501    0    0.850   1.0000          NULL 
176.8001    3    5.100   1.0000          evt3
181.9001    0    0.850   1.0000          NULL 
182.7501    3    5.100   1.0000          evt3
187.8501    0    0.850   1.0000          NULL 
188.7001    2    5.100   1.0000          evt2
193.8001    0    0.850   1.0000          NULL 
194.6501    1    5.100   1.0000          evt1
199.7501    0    0.850   1.0000          NULL 
200.6001    6    5.100   1.0000          evt6
205.7001    0    1.700   1.0000          NULL 
207.4001    3    5.100   1.0000          evt3
212.5002    0    0.850   1.0000          NULL 
213.3502    6    5.100   1.0000          evt6
218.4502    0    0.850   1.0000          NULL 
219.3002    2    5.100   1.0000          evt2
224.4002    0    2.550   1.0000          NULL 
226.9502    3    5.100   1.0000          evt3
232.0502    0    0.850   1.0000          NULL 
232.9002    2    5.100   1.0000          evt2
238.0002    0    1.700   1.0000          NULL 
239.7002    1    5.100   1.0000          evt1
244.8002    0    4.250   1.0000          NULL 
249.0503    3    5.100   1.0000          evt3
254.1503    0    2.550   1.0000          NULL 
256.7003    4    5.100   1.0000          evt4
261.8003    0    0.850   1.0000          NULL 
262.6503    4    5.100   1.0000          evt4
267.7503    0    2.550   1.0000          NULL 
270.3003    1    5.100   1.0000          evt1
275.4003    0    0.850   1.0000          NULL 
276.2503    3    5.100   1.0000          evt3
281.3503    0    0.850   1.0000          NULL 
282.2003    1    5.100   1.0000          evt1
287.3004    0    0.850   1.0000          NULL 
288.1504    4    5.100   1.0000          evt4
293.2504    0    0.850   1.0000          NULL 
294.1004    1    5.100   1.0000          evt1
299.2004    0    0.850   1.0000          NULL 
300.0504    1    5.100   1.0000          evt1
305.1504    0    0.850   1.0000          NULL 
306.0004    3    5.100   1.0000          evt3
311.1004    0    0.850   1.0000          NULL 
311.9504    4    5.100   1.0000          evt4
317.0504    0    0.850   1.0000          NULL 
317.9004    1    5.100   1.0000          evt1
323.0004    0    0.850   1.0000          NULL 
323.8504    6    5.100   1.0000          evt6
328.9504    0    0.850   1.0000          NULL 
329.8004    6    5.100   1.0000          evt6
334.9005    0    2.550   1.0000          NULL 
337.4505    1    5.100   1.0000          evt1
342.5505    0    1.700   1.0000          NULL 
344.2505    5    5.100   1.0000          evt5
349.3505    0    3.400   1.0000          NULL 
352.7505    4    5.100   1.0000          evt4
357.8505    0    2.549   1.0000          NULL 
