  0.0000    1    5.100   1.0000          evt1
  5.1000    0    0.850   1.0000          NULL 
  5.9500    1    5.100   1.0000          evt1
 11.0500    1    5.100   1.0000          evt1
 16.1500    0    0.850   1.0000          NULL 
 17.0000    1    5.100   1.0000          evt1
 22.1000    0    2.550   1.0000          NULL 
 24.6500    4    5.100   1.0000          evt4
 29.7500    0    3.400   1.0000          NULL 
 33.1500    3    5.100   1.0000          evt3
 38.2500    6    5.100   1.0000          evt6
 43.3500    1    5.100   1.0000          evt1
 48.4500    1    5.100   1.0000          evt1
 53.5500    0    2.550   1.0000          NULL 
 56.1000    4    5.100   1.0000          evt4
 61.2000    0    0.850   1.0000          NULL 
 62.0500    6    5.100   1.0000          evt6
 67.1500    0    1.700   1.0000          NULL 
 68.8500    3    5.100   1.0000          evt3
 73.9500    1    5.100   1.0000          evt1
 79.0500    0    1.700   1.0000          NULL 
 80.7500    3    5.100   1.0000          evt3
 85.8500    0    0.850   1.0000          NULL 
 86.7000    3    5.100   1.0000          evt3
 91.8000    0    1.700   1.0000          NULL 
 93.5000    4    5.100   1.0000          evt4
 98.6000    6    5.100   1.0000          evt6
103.7000    0    0.850   1.0000          NULL 
104.5500    3    5.100   1.0000          evt3
109.6500    0    0.850   1.0000          NULL 
110.5000    4    5.100   1.0000          evt4
115.6000    0    0.850   1.0000          NULL 
116.4500    4    5.100   1.0000          evt4
121.5500    0    0.850   1.0000          NULL 
122.4000    2    5.100   1.0000          evt2
127.5000    0    4.250   1.0000          NULL 
131.7500    5    5.100   1.0000          evt5
136.8500    1    5.100   1.0000          evt1
141.9500    0    7.650   1.0000          NULL 
149.6001    2    5.100   1.0000          evt2
154.7001    0    1.700   1.0000          NULL 
156.4001    3    5.100   1.0000          evt3
161.5001    6    5.100   1.0000          evt6
166.6001    0    2.550   1.0000          NULL 
169.1501    6    5.100   1.0000          evt6
174.2501    0    4.250   1.0000          NULL 
178.5001    2    5.100   1.0000          evt2
183.6001    4    5.100   1.0000          evt4
188.7001    0    2.550   1.0000          NULL 
191.2502    4    5.100   1.0000          evt4
196.3502    0    1.700   1.0000          NULL 
198.0502    2    5.100   1.0000          evt2
203.1502    6    5.100   1.0000          evt6
208.2502    0    0.850   1.0000          NULL 
209.1002    5    5.100   1.0000          evt5
214.2002    4    5.100   1.0000          evt4
219.3002    0    1.700   1.0000          NULL 
221.0002    6    5.100   1.0000          evt6
226.1002    1    5.100   1.0000          evt1
231.2002    0    7.650   1.0000          NULL 
238.8503    3    5.100   1.0000          evt3
243.9503    0    1.700   1.0000          NULL 
245.6503    4    5.100   1.0000          evt4
250.7503    0    2.550   1.0000          NULL 
253.3003    6    5.100   1.0000          evt6
258.4003    0    4.250   1.0000          NULL 
262.6504    3    5.100   1.0000          evt3
267.7504    0    3.400   1.0000          NULL 
271.1504    6    5.100   1.0000          evt6
276.2504    5    5.100   1.0000          evt5
281.3504    0    2.550   1.0000          NULL 
283.9004    6    5.100   1.0000          evt6
289.0004    0    1.700   1.0000          NULL 
290.7004    4    5.100   1.0000          evt4
295.8004    1    5.100   1.0000          evt1
300.9005    6    5.100   1.0000          evt6
306.0005    3    5.100   1.0000          evt3
311.1005    0    4.250   1.0000          NULL 
315.3505    2    5.100   1.0000          evt2
320.4505    0    0.850   1.0000          NULL 
321.3005    4    5.100   1.0000          evt4
326.4005    5    5.100   1.0000          evt5
331.5005    3    5.100   1.0000          evt3
336.6005    1    5.100   1.0000          evt1
341.7005    0    0.850   1.0000          NULL 
342.5505    5    5.100   1.0000          evt5
347.6505    0    1.700   1.0000          NULL 
349.3506    3    5.100   1.0000          evt3
354.4506    0    5.949   1.0000          NULL 
