  0.0000    4    5.100   1.0000          evt4
  5.1000    0    0.850   1.0000          NULL 
  5.9500    3    5.100   1.0000          evt3
 11.0500    0    0.850   1.0000          NULL 
 11.9000    4    5.100   1.0000          evt4
 17.0000    0    1.700   1.0000          NULL 
 18.7000    5    5.100   1.0000          evt5
 23.8000    0    1.700   1.0000          NULL 
 25.5000    1    5.100   1.0000          evt1
 30.6000    0    3.400   1.0000          NULL 
 34.0000    2    5.100   1.0000          evt2
 39.1000    0    1.700   1.0000          NULL 
 40.8000    2    5.100   1.0000          evt2
 45.9000    0    0.850   1.0000          NULL 
 46.7500    3    5.100   1.0000          evt3
 51.8500    0    0.850   1.0000          NULL 
 52.7000    1    5.100   1.0000          evt1
 57.8000    0    0.850   1.0000          NULL 
 58.6500    3    5.100   1.0000          evt3
 63.7500    0    1.700   1.0000          NULL 
 65.4500    5    5.100   1.0000          evt5
 70.5500    0    0.850   1.0000          NULL 
 71.4000    1    5.100   1.0000          evt1
 76.5000    0    0.850   1.0000          NULL 
 77.3500    2    5.100   1.0000          evt2
 82.4500    0    0.850   1.0000          NULL 
 83.3000    2    5.100   1.0000          evt2
 88.4000    0    2.550   1.0000          NULL 
 90.9500    4    5.100   1.0000          evt4
 96.0500    0    0.850   1.0000          NULL 
 96.9000    1    5.100   1.0000          evt1
102.0000    0    0.850   1.0000          NULL 
102.8500    4    5.100   1.0000          evt4
107.9500    0    2.550   1.0000          NULL 
110.5000    6    5.100   1.0000          evt6
115.6000    0    0.850   1.0000          NULL 
116.4500    1    5.100   1.0000          evt1
121.5499    0    1.700   1.0000          NULL 
123.2499    4    5.100   1.0000          evt4
128.3499    0    0.850   1.0000          NULL 
129.2000    5    5.100   1.0000          evt5
134.3000    0    1.700   1.0000          NULL 
136.0000    5    5.100   1.0000          evt5
141.1000    0    1.700   1.0000          NULL 
142.8000    4    5.100   1.0000          evt4
147.9000    0    0.850   1.0000          NULL 
148.7500    1    5.100   1.0000          evt1
153.8500    0    0.850   1.0000          NULL 
154.7000    6    5.100   1.0000          evt6
159.8000    0    0.850   1.0000          NULL 
160.6500    3    5.100   1.0000          evt3
165.7500    0    0.850   1.0000          NULL 
166.6000    3    5.100   1.0000          evt3
171.7000    0    0.850   1.0000          NULL 
172.5500    4    5.100   1.0000          evt4
177.6501    0    0.850   1.0000          NULL 
178.5001    1    5.100   1.0000          evt1
183.6001    0    2.550   1.0000          NULL 
186.1501    6    5.100   1.0000          evt6
191.2501    0    0.850   1.0000          NULL 
192.1001    4    5.100   1.0000          evt4
197.2001    0    8.500   1.0000          NULL 
205.7002    3    5.100   1.0000          evt3
210.8002    0    0.850   1.0000          NULL 
211.6502    6    5.100   1.0000          evt6
216.7502    0    2.550   1.0000          NULL 
219.3002    4    5.100   1.0000          evt4
224.4002    0    0.850   1.0000          NULL 
225.2502    4    5.100   1.0000          evt4
230.3502    0    0.850   1.0000          NULL 
231.2002    5    5.100   1.0000          evt5
236.3002    0    0.850   1.0000          NULL 
237.1502    6    5.100   1.0000          evt6
242.2502    0    0.850   1.0000          NULL 
243.1003    6    5.100   1.0000          evt6
248.2003    0    5.950   1.0000          NULL 
254.1503    6    5.100   1.0000          evt6
259.2503    0    2.550   1.0000          NULL 
261.8003    2    5.100   1.0000          evt2
266.9003    0    0.850   1.0000          NULL 
267.7503    1    5.100   1.0000          evt1
272.8503    0    0.850   1.0000          NULL 
273.7003    6    5.100   1.0000          evt6
278.8004    0    1.700   1.0000          NULL 
280.5004    1    5.100   1.0000          evt1
285.6004    0    0.850   1.0000          NULL 
286.4504    3    5.100   1.0000          evt3
291.5504    0    0.850   1.0000          NULL 
292.4004    1    5.100   1.0000          evt1
297.5004    0    1.700   1.0000          NULL 
299.2004    6    5.100   1.0000          evt6
304.3004    0    1.700   1.0000          NULL 
306.0004    6    5.100   1.0000          evt6
311.1004    0    1.700   1.0000          NULL 
312.8004    3    5.100   1.0000          evt3
317.9005    0    0.850   1.0000          NULL 
318.7505    3    5.100   1.0000          evt3
323.8505    0    1.700   1.0000          NULL 
325.5505    4    5.100   1.0000          evt4
330.6505    0    1.700   1.0000          NULL 
332.3505    6    5.100   1.0000          evt6
337.4505    0    4.250   1.0000          NULL 
341.7005    3    5.100   1.0000          evt3
346.8005    0    0.850   1.0000          NULL 
347.6505    3    5.100   1.0000          evt3
352.7505    0    1.700   1.0000          NULL 
354.4506    1    5.100   1.0000          evt1
359.5506    0    0.849   1.0000          NULL 
