  0.0000    4    5.100   1.0000          evt4
  5.1000    5    5.100   1.0000          evt5
 10.2000    5    5.100   1.0000          evt5
 15.3000    0    1.700   1.0000          NULL 
 17.0000    2    5.100   1.0000          evt2
 22.1000    0    0.850   1.0000          NULL 
 22.9500    2    5.100   1.0000          evt2
 28.0500    3    5.100   1.0000          evt3
 33.1500    0    1.700   1.0000          NULL 
 34.8500    1    5.100   1.0000          evt1
 39.9500    2    5.100   1.0000          evt2
 45.0500    3    5.100   1.0000          evt3
 50.1500    6    5.100   1.0000          evt6
 55.2500    0    2.550   1.0000          NULL 
 57.8000    1    5.100   1.0000          evt1
 62.9000    6    5.100   1.0000          evt6
 68.0000    6    5.100   1.0000          evt6
 73.1000    0    3.400   1.0000          NULL 
 76.5000    6    5.100   1.0000          evt6
 81.6000    0    3.400   1.0000          NULL 
 85.0000    4    5.100   1.0000          evt4
 90.1000    0    0.850   1.0000          NULL 
 90.9500    3    5.100   1.0000          evt3
 96.0500    3    5.100   1.0000          evt3
101.1500    0    6.800   1.0000          NULL 
107.9500    1    5.100   1.0000          evt1
113.0499    0    2.550   1.0000          NULL 
115.5999    1    5.100   1.0000          evt1
120.6999    1    5.100   1.0000          evt1
125.7999    0    7.650   1.0000          NULL 
133.4500    3    5.100   1.0000          evt3
138.5500    5    5.100   1.0000          evt5
143.6500    0    8.500   1.0000          NULL 
152.1501    5    5.100   1.0000          evt5
157.2501    0    0.850   1.0000          NULL 
158.1001    1    5.100   1.0000          evt1
163.2001    4    5.100   1.0000          evt4
168.3001    4    5.100   1.0000          evt4
173.4001    0    4.250   1.0000          NULL 
177.6501    2    5.100   1.0000          evt2
182.7501    0    4.250   1.0000          NULL 
187.0002    6    5.100   1.0000          evt6
192.1002    0    0.850   1.0000          NULL 
192.9502    1    5.100   1.0000          evt1
198.0502    6    5.100   1.0000          evt6
203.1502    6    5.100   1.0000          evt6
208.2502    0    4.250   1.0000          NULL 
212.5002    3    5.100   1.0000          evt3
217.6002    0    1.700   1.0000          NULL 
219.3002    6    5.100   1.0000          evt6
224.4002    1    5.100   1.0000          evt1
229.5002    0    5.950   1.0000          NULL 
235.4503    1    5.100   1.0000          evt1
240.5503    0    0.850   1.0000          NULL 
241.4003    3    5.100   1.0000          evt3
246.5003    4    5.100   1.0000          evt4
251.6003    0    0.850   1.0000          NULL 
252.4503    5    5.100   1.0000          evt5
257.5503    4    5.100   1.0000          evt4
262.6503    2    5.100   1.0000          evt2
267.7503    0    1.700   1.0000          NULL 
269.4503    4    5.100   1.0000          evt4
274.5504    0    0.850   1.0000          NULL 
275.4004    1    5.100   1.0000          evt1
280.5004    0    0.850   1.0000          NULL 
281.3504    4    5.100   1.0000          evt4
286.4504    3    5.100   1.0000          evt3
291.5504    0    4.250   1.0000          NULL 
295.8004    6    5.100   1.0000          evt6
300.9004    4    5.100   1.0000          evt4
306.0004    0    0.850   1.0000          NULL 
306.8504    4    5.100   1.0000          evt4
311.9504    4    5.100   1.0000          evt4
317.0504    0    1.700   1.0000          NULL 
318.7505    6    5.100   1.0000          evt6
323.8505    0    0.850   1.0000          NULL 
324.7005    6    5.100   1.0000          evt6
329.8005    0    0.850   1.0000          NULL 
330.6505    3    5.100   1.0000          evt3
335.7505    3    5.100   1.0000          evt3
340.8505    0    2.550   1.0000          NULL 
343.4005    3    5.100   1.0000          evt3
348.5005    0    0.850   1.0000          NULL 
349.3505    1    5.100   1.0000          evt1
354.4505    0    5.949   1.0000          NULL 
