  0.0000    4    5.100   1.0000          evt4
  5.1000    0    2.550   1.0000          NULL 
  7.6500    1    5.100   1.0000          evt1
 12.7500    0    1.700   1.0000          NULL 
 14.4500    1    5.100   1.0000          evt1
 19.5500    0    5.100   1.0000          NULL 
 24.6500    4    5.100   1.0000          evt4
 29.7500    0    5.100   1.0000          NULL 
 34.8500    1    5.100   1.0000          evt1
 39.9500    0    4.250   1.0000          NULL 
 44.2000    3    5.100   1.0000          evt3
 49.3000    0    0.850   1.0000          NULL 
 50.1500    4    5.100   1.0000          evt4
 55.2500    3    5.100   1.0000          evt3
 60.3500    0    0.850   1.0000          NULL 
 61.2000    6    5.100   1.0000          evt6
 66.3000    4    5.100   1.0000          evt4
 71.4000    0    5.100   1.0000          NULL 
 76.5000    1    5.100   1.0000          evt1
 81.6000    1    5.100   1.0000          evt1
 86.7000    0    0.850   1.0000          NULL 
 87.5500    1    5.100   1.0000          evt1
 92.6500    3    5.100   1.0000          evt3
 97.7500    0    5.100   1.0000          NULL 
102.8500    6    5.100   1.0000          evt6
107.9500    0    1.700   1.0000          NULL 
109.6499    6    5.100   1.0000          evt6
114.7499    0    0.850   1.0000          NULL 
115.5999    6    5.100   1.0000          evt6
120.6999    0    0.850   1.0000          NULL 
121.5499    6    5.100   1.0000          evt6
126.6499    0    3.400   1.0000          NULL 
130.0500    1    5.100   1.0000          evt1
135.1500    0    1.700   1.0000          NULL 
136.8500    3    5.100   1.0000          evt3
141.9500    0    3.400   1.0000          NULL 
145.3500    3    5.100   1.0000          evt3
150.4500    4    5.100   1.0000          evt4
155.5500    5    5.100   1.0000          evt5
160.6500    5    5.100   1.0000          evt5
165.7500    0    0.850   1.0000          NULL 
166.6000    2    5.100   1.0000          evt2
171.7000    5    5.100   1.0000          evt5
176.8000    0    0.850   1.0000          NULL 
177.6501    4    5.100   1.0000          evt4
182.7501    3    5.100   1.0000          evt3
187.8501    3    5.100   1.0000          evt3
192.9501    2    5.100   1.0000          evt2
198.0501    0    1.700   1.0000          NULL 
199.7501    1    5.100   1.0000          evt1
204.8501    0    3.400   1.0000          NULL 
208.2501    1    5.100   1.0000          evt1
213.3501    2    5.100   1.0000          evt2
218.4501    0    0.850   1.0000          NULL 
219.3001    3    5.100   1.0000          evt3
224.4001    4    5.100   1.0000          evt4
229.5002    0    2.550   1.0000          NULL 
232.0502    2    5.100   1.0000          evt2
237.1502    1    5.100   1.0000          evt1
242.2502    0    4.250   1.0000          NULL 
246.5002    4    5.100   1.0000          evt4
251.6002    0    2.550   1.0000          NULL 
254.1502    4    5.100   1.0000          evt4
259.2502    4    5.100   1.0000          evt4
264.3503    0    5.100   1.0000          NULL 
269.4503    6    5.100   1.0000          evt6
274.5503    0    3.400   1.0000          NULL 
277.9503    2    5.100   1.0000          evt2
283.0503    0    1.700   1.0000          NULL 
284.7503    4    5.100   1.0000          evt4
289.8503    0    2.550   1.0000          NULL 
292.4004    6    5.100   1.0000          evt6
297.5004    1    5.100   1.0000          evt1
302.6004    0    0.850   1.0000          NULL 
303.4504    6    5.100   1.0000          evt6
308.5504    0    2.550   1.0000          NULL 
311.1004    6    5.100   1.0000          evt6
316.2004    6    5.100   1.0000          evt6
321.3004    0    2.550   1.0000          NULL 
323.8504    3    5.100   1.0000          evt3
328.9504    6    5.100   1.0000          evt6
334.0504    3    5.100   1.0000          evt3
339.1505    0    1.700   1.0000          NULL 
340.8505    5    5.100   1.0000          evt5
345.9505    0    4.250   1.0000          NULL 
350.2005    5    5.100   1.0000          evt5
355.3005    3    5.100   1.0000          evt3
