  0.0000    4    5.100   1.0000          evt4
  5.1000    1    5.100   1.0000          evt1
 10.2000    0    0.850   1.0000          NULL 
 11.0500    1    5.100   1.0000          evt1
 16.1500    1    5.100   1.0000          evt1
 21.2500    0    1.700   1.0000          NULL 
 22.9500    4    5.100   1.0000          evt4
 28.0500    3    5.100   1.0000          evt3
 33.1500    0    1.700   1.0000          NULL 
 34.8500    6    5.100   1.0000          evt6
 39.9500    6    5.100   1.0000          evt6
 45.0500    3    5.100   1.0000          evt3
 50.1500    0    1.700   1.0000          NULL 
 51.8500    6    5.100   1.0000          evt6
 56.9500    0    0.850   1.0000          NULL 
 57.8000    4    5.100   1.0000          evt4
 62.9000    0    2.550   1.0000          NULL 
 65.4500    4    5.100   1.0000          evt4
 70.5500    3    5.100   1.0000          evt3
 75.6500    0    0.850   1.0000          NULL 
 76.5000    6    5.100   1.0000          evt6
 81.6000    0    1.700   1.0000          NULL 
 83.3000    6    5.100   1.0000          evt6
 88.4000    0    0.850   1.0000          NULL 
 89.2500    3    5.100   1.0000          evt3
 94.3500    0    3.400   1.0000          NULL 
 97.7500    1    5.100   1.0000          evt1
102.8500    0    2.550   1.0000          NULL 
105.4000    4    5.100   1.0000          evt4
110.5000    0    5.100   1.0000          NULL 
115.5999    1    5.100   1.0000          evt1
120.6999    2    5.100   1.0000          evt2
125.7999    3    5.100   1.0000          evt3
130.8999    0    1.700   1.0000          NULL 
132.6000    6    5.100   1.0000          evt6
137.7000    2    5.100   1.0000          evt2
142.8000    1    5.100   1.0000          evt1
147.9000    0    0.850   1.0000          NULL 
148.7500    3    5.100   1.0000          evt3
153.8500    0    1.700   1.0000          NULL 
155.5500    6    5.100   1.0000          evt6
160.6500    0    4.250   1.0000          NULL 
164.9000    4    5.100   1.0000          evt4
170.0000    0    7.650   1.0000          NULL 
177.6501    6    5.100   1.0000          evt6
182.7501    0    2.550   1.0000          NULL 
185.3001    5    5.100   1.0000          evt5
190.4001    5    5.100   1.0000          evt5
195.5001    0    1.700   1.0000          NULL 
197.2001    5    5.100   1.0000          evt5
202.3002    0    2.550   1.0000          NULL 
204.8502    1    5.100   1.0000          evt1
209.9502    0    1.700   1.0000          NULL 
211.6502    4    5.100   1.0000          evt4
216.7502    0    4.250   1.0000          NULL 
221.0002    1    5.100   1.0000          evt1
226.1002    0    5.100   1.0000          NULL 
231.2003    2    5.100   1.0000          evt2
236.3003    0    4.250   1.0000          NULL 
240.5503    2    5.100   1.0000          evt2
245.6503    1    5.100   1.0000          evt1
250.7503    0    3.400   1.0000          NULL 
254.1503    5    5.100   1.0000          evt5
259.2503    3    5.100   1.0000          evt3
264.3503    3    5.100   1.0000          evt3
269.4503    0    4.250   1.0000          NULL 
273.7004    3    5.100   1.0000          evt3
278.8004    5    5.100   1.0000          evt5
283.9004    4    5.100   1.0000          evt4
289.0004    0    1.700   1.0000          NULL 
290.7004    6    5.100   1.0000          evt6
295.8004    3    5.100   1.0000          evt3
300.9004    0    3.400   1.0000          NULL 
304.3004    1    5.100   1.0000          evt1
309.4005    0    1.700   1.0000          NULL 
311.1005    4    5.100   1.0000          evt4
316.2005    6    5.100   1.0000          evt6
321.3005    0    2.550   1.0000          NULL 
323.8505    6    5.100   1.0000          evt6
328.9505    0    0.850   1.0000          NULL 
329.8005    3    5.100   1.0000          evt3
334.9005    0    1.700   1.0000          NULL 
336.6005    2    5.100   1.0000          evt2
341.7005    0    0.850   1.0000          NULL 
342.5505    1    5.100   1.0000          evt1
347.6505    4    5.100   1.0000          evt4
352.7505    0    2.550   1.0000          NULL 
355.3006    4    5.100   1.0000          evt4
