  0.0000    1    5.100   1.0000          evt1
  5.1000    0    0.850   1.0000          NULL 
  5.9500    2    5.100   1.0000          evt2
 11.0500    0    0.850   1.0000          NULL 
 11.9000    4    5.100   1.0000          evt4
 17.0000    0    2.550   1.0000          NULL 
 19.5500    1    5.100   1.0000          evt1
 24.6500    0    6.800   1.0000          NULL 
 31.4500    4    5.100   1.0000          evt4
 36.5500    0    2.550   1.0000          NULL 
 39.1000    3    5.100   1.0000          evt3
 44.2000    0    5.100   1.0000          NULL 
 49.3000    3    5.100   1.0000          evt3
 54.4000    0    0.850   1.0000          NULL 
 55.2500    1    5.100   1.0000          evt1
 60.3500    0    0.850   1.0000          NULL 
 61.2000    6    5.100   1.0000          evt6
 66.3000    0    0.850   1.0000          NULL 
 67.1500    2    5.100   1.0000          evt2
 72.2500    0    0.850   1.0000          NULL 
 73.1000    1    5.100   1.0000          evt1
 78.2000    0    0.850   1.0000          NULL 
 79.0500    1    5.100   1.0000          evt1
 84.1500    0    0.850   1.0000          NULL 
 85.0000    4    5.100   1.0000          evt4
 90.1000    0    2.550   1.0000          NULL 
 92.6500    2    5.100   1.0000          evt2
 97.7500    0    0.850   1.0000          NULL 
 98.6000    3    5.100   1.0000          evt3
103.7000    0    1.700   1.0000          NULL 
105.4000    6    5.100   1.0000          evt6
110.5000    0    2.550   1.0000          NULL 
113.0499    4    5.100   1.0000          evt4
118.1499    0    0.850   1.0000          NULL 
118.9999    6    5.100   1.0000          evt6
124.0999    0    2.550   1.0000          NULL 
126.6499    6    5.100   1.0000          evt6
131.7499    0    5.950   1.0000          NULL 
137.7000    4    5.100   1.0000          evt4
142.8000    0    0.850   1.0000          NULL 
143.6500    1    5.100   1.0000          evt1
148.7500    0    3.400   1.0000          NULL 
152.1500    3    5.100   1.0000          evt3
157.2500    0    0.850   1.0000          NULL 
158.1000    4    5.100   1.0000          evt4
163.2000    0    0.850   1.0000          NULL 
164.0500    4    5.100   1.0000          evt4
169.1501    0    0.850   1.0000          NULL 
170.0001    4    5.100   1.0000          evt4
175.1001    0    0.850   1.0000          NULL 
175.9501    5    5.100   1.0000          evt5
181.0501    0    0.850   1.0000          NULL 
181.9001    2    5.100   1.0000          evt2
187.0001    0    0.850   1.0000          NULL 
187.8501    2    5.100   1.0000          evt2
192.9501    0    0.850   1.0000          NULL 
193.8001    5    5.100   1.0000          evt5
198.9001    0    3.400   1.0000          NULL 
202.3001    3    5.100   1.0000          evt3
207.4001    0    0.850   1.0000          NULL 
208.2502    3    5.100   1.0000          evt3
213.3502    0    1.700   1.0000          NULL 
215.0502    6    5.100   1.0000          evt6
220.1502    0    0.850   1.0000          NULL 
221.0002    1    5.100   1.0000          evt1
226.1002    0    1.700   1.0000          NULL 
227.8002    5    5.100   1.0000          evt5
232.9002    0    0.850   1.0000          NULL 
233.7502    6    5.100   1.0000          evt6
238.8502    0    0.850   1.0000          NULL 
239.7002    4    5.100   1.0000          evt4
244.8002    0    0.850   1.0000          NULL 
245.6502    3    5.100   1.0000          evt3
250.7502    0    0.850   1.0000          NULL 
251.6003    1    5.100   1.0000          evt1
256.7003    0    0.850   1.0000          NULL 
257.5503    6    5.100   1.0000          evt6
262.6503    0    1.700   1.0000          NULL 
264.3503    1    5.100   1.0000          evt1
269.4503    0    0.850   1.0000          NULL 
270.3003    5    5.100   1.0000          evt5
275.4003    0    1.700   1.0000          NULL 
277.1003    6    5.100   1.0000          evt6
282.2003    0    0.850   1.0000          NULL 
283.0503    6    5.100   1.0000          evt6
288.1503    0    0.850   1.0000          NULL 
289.0003    3    5.100   1.0000          evt3
294.1003    0    3.400   1.0000          NULL 
297.5004    5    5.100   1.0000          evt5
302.6004    0    0.850   1.0000          NULL 
303.4504    3    5.100   1.0000          evt3
308.5504    0    0.850   1.0000          NULL 
309.4004    6    5.100   1.0000          evt6
314.5004    0    0.850   1.0000          NULL 
315.3504    1    5.100   1.0000          evt1
320.4504    0    0.850   1.0000          NULL 
321.3004    4    5.100   1.0000          evt4
326.4004    0    1.700   1.0000          NULL 
328.1004    3    5.100   1.0000          evt3
333.2004    0    0.850   1.0000          NULL 
334.0504    4    5.100   1.0000          evt4
339.1505    0    2.550   1.0000          NULL 
341.7005    3    5.100   1.0000          evt3
346.8005    0    0.850   1.0000          NULL 
347.6505    6    5.100   1.0000          evt6
352.7505    0    1.700   1.0000          NULL 
354.4505    1    5.100   1.0000          evt1
359.5505    0    0.850   1.0000          NULL 
