  0.0000    5    5.100   1.0000          evt5
  5.1000    0    1.700   1.0000          NULL 
  6.8000    2    5.100   1.0000          evt2
 11.9000    0    2.550   1.0000          NULL 
 14.4500    3    5.100   1.0000          evt3
 19.5500    0    3.400   1.0000          NULL 
 22.9500    6    5.100   1.0000          evt6
 28.0500    1    5.100   1.0000          evt1
 33.1500    0    0.850   1.0000          NULL 
 34.0000    3    5.100   1.0000          evt3
 39.1000    6    5.100   1.0000          evt6
 44.2000    0    2.550   1.0000          NULL 
 46.7500    5    5.100   1.0000          evt5
 51.8500    5    5.100   1.0000          evt5
 56.9500    3    5.100   1.0000          evt3
 62.0500    2    5.100   1.0000          evt2
 67.1500    0    3.400   1.0000          NULL 
 70.5500    6    5.100   1.0000          evt6
 75.6500    0    0.850   1.0000          NULL 
 76.5000    1    5.100   1.0000          evt1
 81.6000    0    0.850   1.0000          NULL 
 82.4500    3    5.100   1.0000          evt3
 87.5500    2    5.100   1.0000          evt2
 92.6500    0    1.700   1.0000          NULL 
 94.3500    1    5.100   1.0000          evt1
 99.4500    0    3.400   1.0000          NULL 
102.8500    3    5.100   1.0000          evt3
107.9500    0    0.850   1.0000          NULL 
108.8000    6    5.100   1.0000          evt6
113.9000    0    0.850   1.0000          NULL 
114.7500    1    5.100   1.0000          evt1
119.8500    0    7.650   1.0000          NULL 
127.4999    4    5.100   1.0000          evt4
132.5999    0    5.100   1.0000          NULL 
137.7000    4    5.100   1.0000          evt4
142.8000    3    5.100   1.0000          evt3
147.9000    0    2.550   1.0000          NULL 
150.4500    6    5.100   1.0000          evt6
155.5500    0    1.700   1.0000          NULL 
157.2500    1    5.100   1.0000          evt1
162.3500    4    5.100   1.0000          evt4
167.4500    0    0.850   1.0000          NULL 
168.3000    6    5.100   1.0000          evt6
173.4001    4    5.100   1.0000          evt4
178.5001    0    0.850   1.0000          NULL 
179.3501    5    5.100   1.0000          evt5
184.4501    0    1.700   1.0000          NULL 
186.1501    6    5.100   1.0000          evt6
191.2501    1    5.100   1.0000          evt1
196.3501    0    1.700   1.0000          NULL 
198.0501    3    5.100   1.0000          evt3
203.1501    0    2.550   1.0000          NULL 
205.7001    4    5.100   1.0000          evt4
210.8001    1    5.100   1.0000          evt1
215.9001    0    2.550   1.0000          NULL 
218.4502    5    5.100   1.0000          evt5
223.5502    0    0.850   1.0000          NULL 
224.4002    1    5.100   1.0000          evt1
229.5002    4    5.100   1.0000          evt4
234.6002    0    4.250   1.0000          NULL 
238.8502    6    5.100   1.0000          evt6
243.9502    0    0.850   1.0000          NULL 
244.8002    3    5.100   1.0000          evt3
249.9002    3    5.100   1.0000          evt3
255.0002    0    4.250   1.0000          NULL 
259.2503    2    5.100   1.0000          evt2
264.3503    0    0.850   1.0000          NULL 
265.2003    1    5.100   1.0000          evt1
270.3003    1    5.100   1.0000          evt1
275.4003    0    4.250   1.0000          NULL 
279.6503    2    5.100   1.0000          evt2
284.7503    1    5.100   1.0000          evt1
289.8503    0    3.400   1.0000          NULL 
293.2504    4    5.100   1.0000          evt4
298.3504    0    4.250   1.0000          NULL 
302.6004    6    5.100   1.0000          evt6
307.7004    0    0.850   1.0000          NULL 
308.5504    6    5.100   1.0000          evt6
313.6504    0    5.950   1.0000          NULL 
319.6005    4    5.100   1.0000          evt4
324.7005    4    5.100   1.0000          evt4
329.8005    0    0.850   1.0000          NULL 
330.6505    6    5.100   1.0000          evt6
335.7505    3    5.100   1.0000          evt3
340.8505    0    0.850   1.0000          NULL 
341.7005    4    5.100   1.0000          evt4
346.8005    4    5.100   1.0000          evt4
351.9005    0    1.700   1.0000          NULL 
353.6005    3    5.100   1.0000          evt3
358.7005    0    1.699   1.0000          NULL 
