  0.0000    5    5.100   1.0000          evt5
  5.1000    0    4.250   1.0000          NULL 
  9.3500    2    5.100   1.0000          evt2
 14.4500    0    0.850   1.0000          NULL 
 15.3000    1    5.100   1.0000          evt1
 20.4000    0    1.700   1.0000          NULL 
 22.1000    6    5.100   1.0000          evt6
 27.2000    0    2.550   1.0000          NULL 
 29.7500    1    5.100   1.0000          evt1
 34.8500    0    3.400   1.0000          NULL 
 38.2500    3    5.100   1.0000          evt3
 43.3500    0    1.700   1.0000          NULL 
 45.0500    6    5.100   1.0000          evt6
 50.1500    0    0.850   1.0000          NULL 
 51.0000    1    5.100   1.0000          evt1
 56.1000    0    0.850   1.0000          NULL 
 56.9500    5    5.100   1.0000          evt5
 62.0500    0    1.700   1.0000          NULL 
 63.7500    5    5.100   1.0000          evt5
 68.8500    0    1.700   1.0000          NULL 
 70.5500    3    5.100   1.0000          evt3
 75.6500    0    0.850   1.0000          NULL 
 76.5000    6    5.100   1.0000          evt6
 81.6000    0    1.700   1.0000          NULL 
 83.3000    4    5.100   1.0000          evt4
 88.4000    0    0.850   1.0000          NULL 
 89.2500    1    5.100   1.0000          evt1
 94.3500    0    1.700   1.0000          NULL 
 96.0500    4    5.100   1.0000          evt4
101.1500    0    0.850   1.0000          NULL 
102.0000    4    5.100   1.0000          evt4
107.1000    0    0.850   1.0000          NULL 
107.9500    4    5.100   1.0000          evt4
113.0500    0    1.700   1.0000          NULL 
114.7500    1    5.100   1.0000          evt1
119.8500    0    5.100   1.0000          NULL 
124.9499    2    5.100   1.0000          evt2
130.0499    0    0.850   1.0000          NULL 
130.8999    6    5.100   1.0000          evt6
136.0000    0    0.850   1.0000          NULL 
136.8500    4    5.100   1.0000          evt4
141.9500    0    1.700   1.0000          NULL 
143.6500    3    5.100   1.0000          evt3
148.7500    0    0.850   1.0000          NULL 
149.6000    4    5.100   1.0000          evt4
154.7000    0    0.850   1.0000          NULL 
155.5500    3    5.100   1.0000          evt3
160.6500    0    4.250   1.0000          NULL 
164.9000    6    5.100   1.0000          evt6
170.0000    0    1.700   1.0000          NULL 
171.7001    4    5.100   1.0000          evt4
176.8001    0    1.700   1.0000          NULL 
178.5001    4    5.100   1.0000          evt4
183.6001    0    0.850   1.0000          NULL 
184.4501    6    5.100   1.0000          evt6
189.5501    0    1.700   1.0000          NULL 
191.2501    5    5.100   1.0000          evt5
196.3501    0    0.850   1.0000          NULL 
197.2001    2    5.100   1.0000          evt2
202.3001    0    0.850   1.0000          NULL 
203.1501    6    5.100   1.0000          evt6
208.2501    0    0.850   1.0000          NULL 
209.1001    4    5.100   1.0000          evt4
214.2001    0    0.850   1.0000          NULL 
215.0502    1    5.100   1.0000          evt1
220.1502    0    0.850   1.0000          NULL 
221.0002    6    5.100   1.0000          evt6
226.1002    0    0.850   1.0000          NULL 
226.9502    3    5.100   1.0000          evt3
232.0502    0    1.700   1.0000          NULL 
233.7502    6    5.100   1.0000          evt6
238.8502    0    0.850   1.0000          NULL 
239.7002    3    5.100   1.0000          evt3
244.8002    0    0.850   1.0000          NULL 
245.6502    6    5.100   1.0000          evt6
250.7502    0    2.550   1.0000          NULL 
253.3002    4    5.100   1.0000          evt4
258.4002    0    1.700   1.0000          NULL 
260.1003    1    5.100   1.0000          evt1
265.2003    0    0.850   1.0000          NULL 
266.0503    3    5.100   1.0000          evt3
271.1503    0    1.700   1.0000          NULL 
272.8503    2    5.100   1.0000          evt2
277.9503    0    1.700   1.0000          NULL 
279.6503    6    5.100   1.0000          evt6
284.7503    0    0.850   1.0000          NULL 
285.6003    3    5.100   1.0000          evt3
290.7003    0    0.850   1.0000          NULL 
291.5503    1    5.100   1.0000          evt1
296.6503    0    0.850   1.0000          NULL 
297.5003    1    5.100   1.0000          evt1
302.6003    0    1.700   1.0000          NULL 
304.3004    1    5.100   1.0000          evt1
309.4004    0    0.850   1.0000          NULL 
310.2504    4    5.100   1.0000          evt4
315.3504    0    0.850   1.0000          NULL 
316.2004    3    5.100   1.0000          evt3
321.3004    0    2.550   1.0000          NULL 
323.8504    2    5.100   1.0000          evt2
328.9504    0    2.550   1.0000          NULL 
331.5004    3    5.100   1.0000          evt3
336.6004    0    0.850   1.0000          NULL 
337.4504    5    5.100   1.0000          evt5
342.5504    0    1.700   1.0000          NULL 
344.2505    3    5.100   1.0000          evt3
349.3505    0    3.400   1.0000          NULL 
352.7505    1    5.100   1.0000          evt1
357.8505    0    2.550   1.0000          NULL 
