  0.0000    2    5.100   1.0000          evt2
  5.1000    0    0.850   1.0000          NULL 
  5.9500    6    5.100   1.0000          evt6
 11.0500    0    1.700   1.0000          NULL 
 12.7500    3    5.100   1.0000          evt3
 17.8500    0    1.700   1.0000          NULL 
 19.5500    4    5.100   1.0000          evt4
 24.6500    0    0.850   1.0000          NULL 
 25.5000    4    5.100   1.0000          evt4
 30.6000    0    1.700   1.0000          NULL 
 32.3000    3    5.100   1.0000          evt3
 37.4000    0    1.700   1.0000          NULL 
 39.1000    1    5.100   1.0000          evt1
 44.2000    0    0.850   1.0000          NULL 
 45.0500    2    5.100   1.0000          evt2
 50.1500    0    0.850   1.0000          NULL 
 51.0000    4    5.100   1.0000          evt4
 56.1000    0    0.850   1.0000          NULL 
 56.9500    3    5.100   1.0000          evt3
 62.0500    0    0.850   1.0000          NULL 
 62.9000    1    5.100   1.0000          evt1
 68.0000    0    0.850   1.0000          NULL 
 68.8500    1    5.100   1.0000          evt1
 73.9500    0    1.700   1.0000          NULL 
 75.6500    3    5.100   1.0000          evt3
 80.7500    0    1.700   1.0000          NULL 
 82.4500    6    5.100   1.0000          evt6
 87.5500    0    0.850   1.0000          NULL 
 88.4000    6    5.100   1.0000          evt6
 93.5000    0    1.700   1.0000          NULL 
 95.2000    6    5.100   1.0000          evt6
100.3000    0    0.850   1.0000          NULL 
101.1500    4    5.100   1.0000          evt4
106.2500    0    0.850   1.0000          NULL 
107.1000    1    5.100   1.0000          evt1
112.2000    0    0.850   1.0000          NULL 
113.0500    3    5.100   1.0000          evt3
118.1500    0    0.850   1.0000          NULL 
119.0000    1    5.100   1.0000          evt1
124.1000    0    2.550   1.0000          NULL 
126.6499    1    5.100   1.0000          evt1
131.7500    0    0.850   1.0000          NULL 
132.6000    3    5.100   1.0000          evt3
137.7000    0    0.850   1.0000          NULL 
138.5500    1    5.100   1.0000          evt1
143.6500    0    1.700   1.0000          NULL 
145.3500    3    5.100   1.0000          evt3
150.4500    0    0.850   1.0000          NULL 
151.3000    6    5.100   1.0000          evt6
156.4000    0    0.850   1.0000          NULL 
157.2500    6    5.100   1.0000          evt6
162.3500    0    0.850   1.0000          NULL 
163.2000    4    5.100   1.0000          evt4
168.3000    0    0.850   1.0000          NULL 
169.1500    1    5.100   1.0000          evt1
174.2500    0    2.550   1.0000          NULL 
176.8001    3    5.100   1.0000          evt3
181.9001    0    3.400   1.0000          NULL 
185.3001    6    5.100   1.0000          evt6
190.4001    0    0.850   1.0000          NULL 
191.2501    6    5.100   1.0000          evt6
196.3501    0    0.850   1.0000          NULL 
197.2001    4    5.100   1.0000          evt4
202.3001    0    5.100   1.0000          NULL 
207.4002    3    5.100   1.0000          evt3
212.5002    0    0.850   1.0000          NULL 
213.3502    6    5.100   1.0000          evt6
218.4502    0    1.700   1.0000          NULL 
220.1502    1    5.100   1.0000          evt1
225.2502    0    0.850   1.0000          NULL 
226.1002    4    5.100   1.0000          evt4
231.2002    0    1.700   1.0000          NULL 
232.9002    1    5.100   1.0000          evt1
238.0002    0    1.700   1.0000          NULL 
239.7002    4    5.100   1.0000          evt4
244.8002    0    0.850   1.0000          NULL 
245.6503    1    5.100   1.0000          evt1
250.7503    0    1.700   1.0000          NULL 
252.4503    5    5.100   1.0000          evt5
257.5503    0    7.650   1.0000          NULL 
265.2003    5    5.100   1.0000          evt5
270.3003    0    1.700   1.0000          NULL 
272.0003    3    5.100   1.0000          evt3
277.1003    0    2.550   1.0000          NULL 
279.6504    2    5.100   1.0000          evt2
284.7504    0    1.700   1.0000          NULL 
286.4504    4    5.100   1.0000          evt4
291.5504    0    1.700   1.0000          NULL 
293.2504    6    5.100   1.0000          evt6
298.3504    0    0.850   1.0000          NULL 
299.2004    4    5.100   1.0000          evt4
304.3004    0    0.850   1.0000          NULL 
305.1504    4    5.100   1.0000          evt4
310.2504    0    0.850   1.0000          NULL 
311.1004    6    5.100   1.0000          evt6
316.2004    0    0.850   1.0000          NULL 
317.0504    5    5.100   1.0000          evt5
322.1505    0    1.700   1.0000          NULL 
323.8505    2    5.100   1.0000          evt2
328.9505    0    0.850   1.0000          NULL 
329.8005    5    5.100   1.0000          evt5
334.9005    0    1.700   1.0000          NULL 
336.6005    3    5.100   1.0000          evt3
341.7005    0    1.700   1.0000          NULL 
343.4005    2    5.100   1.0000          evt2
348.5005    0    4.250   1.0000          NULL 
352.7505    5    5.100   1.0000          evt5
357.8506    0    2.549   1.0000          NULL 
