  0.0000    6    5.100   1.0000          evt6
  5.1000    0    0.850   1.0000          NULL 
  5.9500    4    5.100   1.0000          evt4
 11.0500    0    0.850   1.0000          NULL 
 11.9000    6    5.100   1.0000          evt6
 17.0000    0    2.550   1.0000          NULL 
 19.5500    4    5.100   1.0000          evt4
 24.6500    0    0.850   1.0000          NULL 
 25.5000    1    5.100   1.0000          evt1
 30.6000    0    2.550   1.0000          NULL 
 33.1500    3    5.100   1.0000          evt3
 38.2500    0    1.700   1.0000          NULL 
 39.9500    6    5.100   1.0000          evt6
 45.0500    0    1.700   1.0000          NULL 
 46.7500    2    5.100   1.0000          evt2
 51.8500    0    0.850   1.0000          NULL 
 52.7000    3    5.100   1.0000          evt3
 57.8000    0    3.400   1.0000          NULL 
 61.2000    3    5.100   1.0000          evt3
 66.3000    0    1.700   1.0000          NULL 
 68.0000    3    5.100   1.0000          evt3
 73.1000    0    0.850   1.0000          NULL 
 73.9500    4    5.100   1.0000          evt4
 79.0500    0    1.700   1.0000          NULL 
 80.7500    3    5.100   1.0000          evt3
 85.8500    0    0.850   1.0000          NULL 
 86.7000    6    5.100   1.0000          evt6
 91.8000    0    2.550   1.0000          NULL 
 94.3500    4    5.100   1.0000          evt4
 99.4500    0    1.700   1.0000          NULL 
101.1500    1    5.100   1.0000          evt1
106.2500    0    1.700   1.0000          NULL 
107.9500    4    5.100   1.0000          evt4
113.0499    0    2.550   1.0000          NULL 
115.5999    6    5.100   1.0000          evt6
120.6999    0    0.850   1.0000          NULL 
121.5499    6    5.100   1.0000          evt6
126.6499    0    0.850   1.0000          NULL 
127.4999    4    5.100   1.0000          evt4
132.5999    0    0.850   1.0000          NULL 
133.4500    3    5.100   1.0000          evt3
138.5500    0    2.550   1.0000          NULL 
141.1000    1    5.100   1.0000          evt1
146.2000    0    0.850   1.0000          NULL 
147.0500    5    5.100   1.0000          evt5
152.1500    0    0.850   1.0000          NULL 
153.0000    4    5.100   1.0000          evt4
158.1000    0    1.700   1.0000          NULL 
159.8000    3    5.100   1.0000          evt3
164.9000    0    2.550   1.0000          NULL 
167.4500    5    5.100   1.0000          evt5
172.5500    0    0.850   1.0000          NULL 
173.4001    3    5.100   1.0000          evt3
178.5001    0    0.850   1.0000          NULL 
179.3501    6    5.100   1.0000          evt6
184.4501    0    0.850   1.0000          NULL 
185.3001    3    5.100   1.0000          evt3
190.4001    0    0.850   1.0000          NULL 
191.2501    2    5.100   1.0000          evt2
196.3501    0    0.850   1.0000          NULL 
197.2001    2    5.100   1.0000          evt2
202.3001    0    1.700   1.0000          NULL 
204.0001    5    5.100   1.0000          evt5
209.1001    0    0.850   1.0000          NULL 
209.9501    1    5.100   1.0000          evt1
215.0501    0    1.700   1.0000          NULL 
216.7502    1    5.100   1.0000          evt1
221.8502    0    1.700   1.0000          NULL 
223.5502    3    5.100   1.0000          evt3
228.6502    0    2.550   1.0000          NULL 
231.2002    4    5.100   1.0000          evt4
236.3002    0    2.550   1.0000          NULL 
238.8502    6    5.100   1.0000          evt6
243.9502    0    0.850   1.0000          NULL 
244.8002    6    5.100   1.0000          evt6
249.9002    0    0.850   1.0000          NULL 
250.7502    5    5.100   1.0000          evt5
255.8503    0    0.850   1.0000          NULL 
256.7003    1    5.100   1.0000          evt1
261.8003    0    0.850   1.0000          NULL 
262.6503    2    5.100   1.0000          evt2
267.7503    0    4.250   1.0000          NULL 
272.0003    1    5.100   1.0000          evt1
277.1003    0    0.850   1.0000          NULL 
277.9503    4    5.100   1.0000          evt4
283.0503    0    0.850   1.0000          NULL 
283.9003    3    5.100   1.0000          evt3
289.0003    0    1.700   1.0000          NULL 
290.7003    1    5.100   1.0000          evt1
295.8004    0    0.850   1.0000          NULL 
296.6504    5    5.100   1.0000          evt5
301.7504    0    0.850   1.0000          NULL 
302.6004    6    5.100   1.0000          evt6
307.7004    0    0.850   1.0000          NULL 
308.5504    1    5.100   1.0000          evt1
313.6504    0    2.550   1.0000          NULL 
316.2004    4    5.100   1.0000          evt4
321.3004    0    2.550   1.0000          NULL 
323.8504    2    5.100   1.0000          evt2
328.9504    0    0.850   1.0000          NULL 
329.8004    4    5.100   1.0000          evt4
334.9005    0    4.250   1.0000          NULL 
339.1505    6    5.100   1.0000          evt6
344.2505    0    1.700   1.0000          NULL 
345.9505    1    5.100   1.0000          evt1
351.0505    0    3.400   1.0000          NULL 
354.4505    1    5.100   1.0000          evt1
359.5505    0    0.849   1.0000          NULL 
