  0.0000    1    5.100   1.0000          evt1
  5.1000    0    1.700   1.0000          NULL 
  6.8000    5    5.100   1.0000          evt5
 11.9000    1    5.100   1.0000          evt1
 17.0000    0    0.850   1.0000          NULL 
 17.8500    2    5.100   1.0000          evt2
 22.9500    0    1.700   1.0000          NULL 
 24.6500    1    5.100   1.0000          evt1
 29.7500    0    2.550   1.0000          NULL 
 32.3000    1    5.100   1.0000          evt1
 37.4000    0    0.850   1.0000          NULL 
 38.2500    4    5.100   1.0000          evt4
 43.3500    0    0.850   1.0000          NULL 
 44.2000    6    5.100   1.0000          evt6
 49.3000    0    2.550   1.0000          NULL 
 51.8500    6    5.100   1.0000          evt6
 56.9500    0    0.850   1.0000          NULL 
 57.8000    3    5.100   1.0000          evt3
 62.9000    4    5.100   1.0000          evt4
 68.0000    2    5.100   1.0000          evt2
 73.1000    0    0.850   1.0000          NULL 
 73.9500    3    5.100   1.0000          evt3
 79.0500    4    5.100   1.0000          evt4
 84.1500    0    5.950   1.0000          NULL 
 90.1000    2    5.100   1.0000          evt2
 95.2000    0    1.700   1.0000          NULL 
 96.9000    4    5.100   1.0000          evt4
102.0000    0    1.700   1.0000          NULL 
103.7000    1    5.100   1.0000          evt1
108.8000    4    5.100   1.0000          evt4
113.9000    0    0.850   1.0000          NULL 
114.7500    3    5.100   1.0000          evt3
119.8500    0    4.250   1.0000          NULL 
124.0999    4    5.100   1.0000          evt4
129.2000    0    1.700   1.0000          NULL 
130.9000    6    5.100   1.0000          evt6
136.0000    0    1.700   1.0000          NULL 
137.7000    6    5.100   1.0000          evt6
142.8000    0    0.850   1.0000          NULL 
143.6500    3    5.100   1.0000          evt3
148.7500    0    5.950   1.0000          NULL 
154.7000    3    5.100   1.0000          evt3
159.8000    0    0.850   1.0000          NULL 
160.6501    4    5.100   1.0000          evt4
165.7501    3    5.100   1.0000          evt3
170.8501    0    1.700   1.0000          NULL 
172.5501    6    5.100   1.0000          evt6
177.6501    0    0.850   1.0000          NULL 
178.5001    3    5.100   1.0000          evt3
183.6001    5    5.100   1.0000          evt5
188.7001    0    2.550   1.0000          NULL 
191.2501    4    5.100   1.0000          evt4
196.3501    0    1.700   1.0000          NULL 
198.0501    3    5.100   1.0000          evt3
203.1501    5    5.100   1.0000          evt5
208.2502    3    5.100   1.0000          evt3
213.3502    6    5.100   1.0000          evt6
218.4502    4    5.100   1.0000          evt4
223.5502    1    5.100   1.0000          evt1
228.6502    0    3.400   1.0000          NULL 
232.0502    6    5.100   1.0000          evt6
237.1502    0    0.850   1.0000          NULL 
238.0002    1    5.100   1.0000          evt1
243.1002    0    0.850   1.0000          NULL 
243.9502    1    5.100   1.0000          evt1
249.0502    0    1.700   1.0000          NULL 
250.7502    5    5.100   1.0000          evt5
255.8503    1    5.100   1.0000          evt1
260.9503    0    1.700   1.0000          NULL 
262.6503    6    5.100   1.0000          evt6
267.7503    0    3.400   1.0000          NULL 
271.1503    4    5.100   1.0000          evt4
276.2503    0    3.400   1.0000          NULL 
279.6503    1    5.100   1.0000          evt1
284.7503    0    0.850   1.0000          NULL 
285.6003    3    5.100   1.0000          evt3
290.7003    0    2.550   1.0000          NULL 
293.2504    5    5.100   1.0000          evt5
298.3504    0    3.400   1.0000          NULL 
301.7504    1    5.100   1.0000          evt1
306.8504    0    1.700   1.0000          NULL 
308.5504    2    5.100   1.0000          evt2
313.6504    0    0.850   1.0000          NULL 
314.5004    6    5.100   1.0000          evt6
319.6004    0    0.850   1.0000          NULL 
320.4504    6    5.100   1.0000          evt6
325.5504    0    7.650   1.0000          NULL 
333.2005    6    5.100   1.0000          evt6
338.3005    0    0.850   1.0000          NULL 
339.1505    4    5.100   1.0000          evt4
344.2505    0    4.250   1.0000          NULL 
348.5005    2    5.100   1.0000          evt2
353.6006    0    0.850   1.0000          NULL 
354.4506    3    5.100   1.0000          evt3
359.5506    0    0.849   1.0000          NULL 
