  0.0000    2    5.100   1.0000          evt2
  5.1000    0    1.700   1.0000          NULL 
  6.8000    3    5.100   1.0000          evt3
 11.9000    6    5.100   1.0000          evt6
 17.0000    5    5.100   1.0000          evt5
 22.1000    0    1.700   1.0000          NULL 
 23.8000    4    5.100   1.0000          evt4
 28.9000    0    1.700   1.0000          NULL 
 30.6000    1    5.100   1.0000          evt1
 35.7000    2    5.100   1.0000          evt2
 40.8000    0    2.550   1.0000          NULL 
 43.3500    3    5.100   1.0000          evt3
 48.4500    4    5.100   1.0000          evt4
 53.5500    0    4.250   1.0000          NULL 
 57.8000    3    5.100   1.0000          evt3
 62.9000    0    1.700   1.0000          NULL 
 64.6000    1    5.100   1.0000          evt1
 69.7000    4    5.100   1.0000          evt4
 74.8000    4    5.100   1.0000          evt4
 79.9000    0    1.700   1.0000          NULL 
 81.6000    4    5.100   1.0000          evt4
 86.7000    1    5.100   1.0000          evt1
 91.8000    0    0.850   1.0000          NULL 
 92.6500    6    5.100   1.0000          evt6
 97.7500    0    1.700   1.0000          NULL 
 99.4500    1    5.100   1.0000          evt1
104.5500    0    1.700   1.0000          NULL 
106.2500    5    5.100   1.0000          evt5
111.3500    0    6.800   1.0000          NULL 
118.1499    4    5.100   1.0000          evt4
123.2499    0    2.550   1.0000          NULL 
125.7999    6    5.100   1.0000          evt6
130.8999    0    2.550   1.0000          NULL 
133.4500    1    5.100   1.0000          evt1
138.5500    1    5.100   1.0000          evt1
143.6500    0    1.700   1.0000          NULL 
145.3500    4    5.100   1.0000          evt4
150.4500    0    3.400   1.0000          NULL 
153.8500    3    5.100   1.0000          evt3
158.9500    0    3.400   1.0000          NULL 
162.3501    4    5.100   1.0000          evt4
167.4501    4    5.100   1.0000          evt4
172.5501    0    0.850   1.0000          NULL 
173.4001    3    5.100   1.0000          evt3
178.5001    0    2.550   1.0000          NULL 
181.0501    3    5.100   1.0000          evt3
186.1501    0    0.850   1.0000          NULL 
187.0001    4    5.100   1.0000          evt4
192.1001    0    0.850   1.0000          NULL 
192.9501    3    5.100   1.0000          evt3
198.0501    0    0.850   1.0000          NULL 
198.9001    6    5.100   1.0000          evt6
204.0001    0    1.700   1.0000          NULL 
205.7001    3    5.100   1.0000          evt3
210.8002    0    5.100   1.0000          NULL 
215.9002    1    5.100   1.0000          evt1
221.0002    0    0.850   1.0000          NULL 
221.8502    2    5.100   1.0000          evt2
226.9502    1    5.100   1.0000          evt1
232.0502    0    1.700   1.0000          NULL 
233.7502    3    5.100   1.0000          evt3
238.8502    6    5.100   1.0000          evt6
243.9502    3    5.100   1.0000          evt3
249.0502    0    4.250   1.0000          NULL 
253.3003    4    5.100   1.0000          evt4
258.4003    0    3.400   1.0000          NULL 
261.8003    5    5.100   1.0000          evt5
266.9003    6    5.100   1.0000          evt6
272.0003    0    1.700   1.0000          NULL 
273.7003    1    5.100   1.0000          evt1
278.8003    6    5.100   1.0000          evt6
283.9003    5    5.100   1.0000          evt5
289.0003    0   14.450   1.0000          NULL 
303.4504    5    5.100   1.0000          evt5
308.5504    2    5.100   1.0000          evt2
313.6505    6    5.100   1.0000          evt6
318.7505    1    5.100   1.0000          evt1
323.8505    6    5.100   1.0000          evt6
328.9505    6    5.100   1.0000          evt6
334.0505    1    5.100   1.0000          evt1
339.1505    0    1.700   1.0000          NULL 
340.8505    3    5.100   1.0000          evt3
345.9505    0    3.400   1.0000          NULL 
349.3505    2    5.100   1.0000          evt2
354.4505    0    0.850   1.0000          NULL 
355.3005    6    5.100   1.0000          evt6
