  0.0000    4    5.100   1.0000          evt4
  5.1000    0    0.850   1.0000          NULL 
  5.9500    6    5.100   1.0000          evt6
 11.0500    0    0.850   1.0000          NULL 
 11.9000    3    5.100   1.0000          evt3
 17.0000    0    0.850   1.0000          NULL 
 17.8500    4    5.100   1.0000          evt4
 22.9500    0    1.700   1.0000          NULL 
 24.6500    6    5.100   1.0000          evt6
 29.7500    0    0.850   1.0000          NULL 
 30.6000    2    5.100   1.0000          evt2
 35.7000    0    0.850   1.0000          NULL 
 36.5500    6    5.100   1.0000          evt6
 41.6500    0    0.850   1.0000          NULL 
 42.5000    6    5.100   1.0000          evt6
 47.6000    0    0.850   1.0000          NULL 
 48.4500    6    5.100   1.0000          evt6
 53.5500    0    3.400   1.0000          NULL 
 56.9500    4    5.100   1.0000          evt4
 62.0500    0    0.850   1.0000          NULL 
 62.9000    3    5.100   1.0000          evt3
 68.0000    0    0.850   1.0000          NULL 
 68.8500    1    5.100   1.0000          evt1
 73.9500    0    2.550   1.0000          NULL 
 76.5000    1    5.100   1.0000          evt1
 81.6000    0    0.850   1.0000          NULL 
 82.4500    4    5.100   1.0000          evt4
 87.5500    0    3.400   1.0000          NULL 
 90.9500    5    5.100   1.0000          evt5
 96.0500    0    0.850   1.0000          NULL 
 96.9000    6    5.100   1.0000          evt6
102.0000    0    1.700   1.0000          NULL 
103.7000    5    5.100   1.0000          evt5
108.8000    0    0.850   1.0000          NULL 
109.6500    2    5.100   1.0000          evt2
114.7500    0    1.700   1.0000          NULL 
116.4500    5    5.100   1.0000          evt5
121.5499    0    1.700   1.0000          NULL 
123.2499    6    5.100   1.0000          evt6
128.3499    0    0.850   1.0000          NULL 
129.2000    1    5.100   1.0000          evt1
134.3000    0    0.850   1.0000          NULL 
135.1500    1    5.100   1.0000          evt1
140.2500    0    3.400   1.0000          NULL 
143.6500    4    5.100   1.0000          evt4
148.7500    0    0.850   1.0000          NULL 
149.6000    6    5.100   1.0000          evt6
154.7000    0    1.700   1.0000          NULL 
156.4000    2    5.100   1.0000          evt2
161.5000    0    3.400   1.0000          NULL 
164.9001    3    5.100   1.0000          evt3
170.0001    0    0.850   1.0000          NULL 
170.8501    3    5.100   1.0000          evt3
175.9501    0    1.700   1.0000          NULL 
177.6501    3    5.100   1.0000          evt3
182.7501    0    1.700   1.0000          NULL 
184.4501    4    5.100   1.0000          evt4
189.5501    0    2.550   1.0000          NULL 
192.1001    2    5.100   1.0000          evt2
197.2001    0    1.700   1.0000          NULL 
198.9001    1    5.100   1.0000          evt1
204.0002    0    0.850   1.0000          NULL 
204.8502    3    5.100   1.0000          evt3
209.9502    0    0.850   1.0000          NULL 
210.8002    6    5.100   1.0000          evt6
215.9002    0    2.550   1.0000          NULL 
218.4502    2    5.100   1.0000          evt2
223.5502    0    1.700   1.0000          NULL 
225.2502    5    5.100   1.0000          evt5
230.3502    0    2.550   1.0000          NULL 
232.9002    1    5.100   1.0000          evt1
238.0002    0    4.250   1.0000          NULL 
242.2503    4    5.100   1.0000          evt4
247.3503    0    1.700   1.0000          NULL 
249.0503    1    5.100   1.0000          evt1
254.1503    0    1.700   1.0000          NULL 
255.8503    4    5.100   1.0000          evt4
260.9503    0    0.850   1.0000          NULL 
261.8003    4    5.100   1.0000          evt4
266.9003    0    0.850   1.0000          NULL 
267.7503    3    5.100   1.0000          evt3
272.8503    0    2.550   1.0000          NULL 
275.4004    3    5.100   1.0000          evt3
280.5004    0    2.550   1.0000          NULL 
283.0504    3    5.100   1.0000          evt3
288.1504    0    1.700   1.0000          NULL 
289.8504    4    5.100   1.0000          evt4
294.9504    0    0.850   1.0000          NULL 
295.8004    4    5.100   1.0000          evt4
300.9004    0    1.700   1.0000          NULL 
302.6004    3    5.100   1.0000          evt3
307.7004    0    1.700   1.0000          NULL 
309.4005    6    5.100   1.0000          evt6
314.5005    0    0.850   1.0000          NULL 
315.3505    1    5.100   1.0000          evt1
320.4505    0    0.850   1.0000          NULL 
321.3005    1    5.100   1.0000          evt1
326.4005    0    1.700   1.0000          NULL 
328.1005    6    5.100   1.0000          evt6
333.2005    0    1.700   1.0000          NULL 
334.9005    1    5.100   1.0000          evt1
340.0005    0    1.700   1.0000          NULL 
341.7005    1    5.100   1.0000          evt1
346.8005    0    0.850   1.0000          NULL 
347.6505    5    5.100   1.0000          evt5
352.7505    0    1.700   1.0000          NULL 
354.4506    3    5.100   1.0000          evt3
359.5506    0    0.849   1.0000          NULL 
