  0.0000    4    5.100   1.0000          evt4
  5.1000    0    0.850   1.0000          NULL 
  5.9500    3    5.100   1.0000          evt3
 11.0500    0    0.850   1.0000          NULL 
 11.9000    6    5.100   1.0000          evt6
 17.0000    0    1.700   1.0000          NULL 
 18.7000    6    5.100   1.0000          evt6
 23.8000    0    1.700   1.0000          NULL 
 25.5000    3    5.100   1.0000          evt3
 30.6000    0    0.850   1.0000          NULL 
 31.4500    3    5.100   1.0000          evt3
 36.5500    0    0.850   1.0000          NULL 
 37.4000    1    5.100   1.0000          evt1
 42.5000    0    0.850   1.0000          NULL 
 43.3500    2    5.100   1.0000          evt2
 48.4500    0    0.850   1.0000          NULL 
 49.3000    5    5.100   1.0000          evt5
 54.4000    0    2.550   1.0000          NULL 
 56.9500    4    5.100   1.0000          evt4
 62.0500    0    0.850   1.0000          NULL 
 62.9000    1    5.100   1.0000          evt1
 68.0000    0    0.850   1.0000          NULL 
 68.8500    6    5.100   1.0000          evt6
 73.9500    0    2.550   1.0000          NULL 
 76.5000    5    5.100   1.0000          evt5
 81.6000    0    0.850   1.0000          NULL 
 82.4500    2    5.100   1.0000          evt2
 87.5500    0    1.700   1.0000          NULL 
 89.2500    3    5.100   1.0000          evt3
 94.3500    0    1.700   1.0000          NULL 
 96.0500    3    5.100   1.0000          evt3
101.1500    0    0.850   1.0000          NULL 
102.0000    5    5.100   1.0000          evt5
107.1000    0    0.850   1.0000          NULL 
107.9500    1    5.100   1.0000          evt1
113.0500    0    3.400   1.0000          NULL 
116.4500    2    5.100   1.0000          evt2
121.5499    0    1.700   1.0000          NULL 
123.2499    4    5.100   1.0000          evt4
128.3499    0    2.550   1.0000          NULL 
130.9000    1    5.100   1.0000          evt1
136.0000    0    0.850   1.0000          NULL 
136.8500    2    5.100   1.0000          evt2
141.9500    0    5.100   1.0000          NULL 
147.0500    3    5.100   1.0000          evt3
152.1500    0    0.850   1.0000          NULL 
153.0000    3    5.100   1.0000          evt3
158.1000    0    0.850   1.0000          NULL 
158.9500    3    5.100   1.0000          evt3
164.0500    0    0.850   1.0000          NULL 
164.9001    4    5.100   1.0000          evt4
170.0001    0    1.700   1.0000          NULL 
171.7001    1    5.100   1.0000          evt1
176.8001    0    1.700   1.0000          NULL 
178.5001    5    5.100   1.0000          evt5
183.6001    0    0.850   1.0000          NULL 
184.4501    1    5.100   1.0000          evt1
189.5501    0    1.700   1.0000          NULL 
191.2501    4    5.100   1.0000          evt4
196.3501    0    0.850   1.0000          NULL 
197.2001    4    5.100   1.0000          evt4
202.3001    0    2.550   1.0000          NULL 
204.8502    4    5.100   1.0000          evt4
209.9502    0    3.400   1.0000          NULL 
213.3502    6    5.100   1.0000          evt6
218.4502    0    2.550   1.0000          NULL 
221.0002    3    5.100   1.0000          evt3
226.1002    0    0.850   1.0000          NULL 
226.9502    4    5.100   1.0000          evt4
232.0502    0    0.850   1.0000          NULL 
232.9002    6    5.100   1.0000          evt6
238.0002    0    1.700   1.0000          NULL 
239.7003    1    5.100   1.0000          evt1
244.8003    0    0.850   1.0000          NULL 
245.6503    1    5.100   1.0000          evt1
250.7503    0    0.850   1.0000          NULL 
251.6003    6    5.100   1.0000          evt6
256.7003    0    2.550   1.0000          NULL 
259.2503    1    5.100   1.0000          evt1
264.3503    0    1.700   1.0000          NULL 
266.0503    6    5.100   1.0000          evt6
271.1503    0    0.850   1.0000          NULL 
272.0003    3    5.100   1.0000          evt3
277.1003    0    1.700   1.0000          NULL 
278.8004    4    5.100   1.0000          evt4
283.9004    0    3.400   1.0000          NULL 
287.3004    2    5.100   1.0000          evt2
292.4004    0    2.550   1.0000          NULL 
294.9504    5    5.100   1.0000          evt5
300.0504    0    0.850   1.0000          NULL 
300.9004    6    5.100   1.0000          evt6
306.0004    0    1.700   1.0000          NULL 
307.7004    3    5.100   1.0000          evt3
312.8004    0    0.850   1.0000          NULL 
313.6505    1    5.100   1.0000          evt1
318.7505    0    0.850   1.0000          NULL 
319.6005    6    5.100   1.0000          evt6
324.7005    0    1.700   1.0000          NULL 
326.4005    1    5.100   1.0000          evt1
331.5005    0    0.850   1.0000          NULL 
332.3505    6    5.100   1.0000          evt6
337.4505    0    0.850   1.0000          NULL 
338.3005    4    5.100   1.0000          evt4
343.4005    0    1.700   1.0000          NULL 
345.1005    6    5.100   1.0000          evt6
350.2005    0    2.550   1.0000          NULL 
352.7505    4    5.100   1.0000          evt4
357.8506    0    2.549   1.0000          NULL 
