  0.0000    3    5.100   1.0000          evt3
  5.1000    0    0.850   1.0000          NULL 
  5.9500    2    5.100   1.0000          evt2
 11.0500    0    1.700   1.0000          NULL 
 12.7500    6    5.100   1.0000          evt6
 17.8500    0    2.550   1.0000          NULL 
 20.4000    1    5.100   1.0000          evt1
 25.5000    0    0.850   1.0000          NULL 
 26.3500    5    5.100   1.0000          evt5
 31.4500    0    2.550   1.0000          NULL 
 34.0000    1    5.100   1.0000          evt1
 39.1000    0    1.700   1.0000          NULL 
 40.8000    6    5.100   1.0000          evt6
 45.9000    0    0.850   1.0000          NULL 
 46.7500    3    5.100   1.0000          evt3
 51.8500    0    3.400   1.0000          NULL 
 55.2500    3    5.100   1.0000          evt3
 60.3500    0    1.700   1.0000          NULL 
 62.0500    4    5.100   1.0000          evt4
 67.1500    0    0.850   1.0000          NULL 
 68.0000    4    5.100   1.0000          evt4
 73.1000    0    1.700   1.0000          NULL 
 74.8000    3    5.100   1.0000          evt3
 79.9000    0    5.100   1.0000          NULL 
 85.0000    4    5.100   1.0000          evt4
 90.1000    0    0.850   1.0000          NULL 
 90.9500    3    5.100   1.0000          evt3
 96.0500    0    2.550   1.0000          NULL 
 98.6000    4    5.100   1.0000          evt4
103.7000    0    0.850   1.0000          NULL 
104.5499    4    5.100   1.0000          evt4
109.6499    0    0.850   1.0000          NULL 
110.4999    4    5.100   1.0000          evt4
115.5999    0    0.850   1.0000          NULL 
116.4499    1    5.100   1.0000          evt1
121.5499    0    1.700   1.0000          NULL 
123.2499    1    5.100   1.0000          evt1
128.3499    0    0.850   1.0000          NULL 
129.2000    6    5.100   1.0000          evt6
134.3000    0    1.700   1.0000          NULL 
136.0000    1    5.100   1.0000          evt1
141.1000    0    0.850   1.0000          NULL 
141.9500    5    5.100   1.0000          evt5
147.0500    0    2.550   1.0000          NULL 
149.6000    3    5.100   1.0000          evt3
154.7000    0    1.700   1.0000          NULL 
156.4000    3    5.100   1.0000          evt3
161.5000    0    0.850   1.0000          NULL 
162.3500    4    5.100   1.0000          evt4
167.4500    0    0.850   1.0000          NULL 
168.3000    6    5.100   1.0000          evt6
173.4001    0    0.850   1.0000          NULL 
174.2501    4    5.100   1.0000          evt4
179.3501    0    0.850   1.0000          NULL 
180.2001    3    5.100   1.0000          evt3
185.3001    0    1.700   1.0000          NULL 
187.0001    6    5.100   1.0000          evt6
192.1001    0    2.550   1.0000          NULL 
194.6501    2    5.100   1.0000          evt2
199.7501    0    1.700   1.0000          NULL 
201.4501    4    5.100   1.0000          evt4
206.5501    0    0.850   1.0000          NULL 
207.4001    6    5.100   1.0000          evt6
212.5002    0    3.400   1.0000          NULL 
215.9002    6    5.100   1.0000          evt6
221.0002    0    0.850   1.0000          NULL 
221.8502    6    5.100   1.0000          evt6
226.9502    0    1.700   1.0000          NULL 
228.6502    3    5.100   1.0000          evt3
233.7502    0    0.850   1.0000          NULL 
234.6002    1    5.100   1.0000          evt1
239.7002    0    0.850   1.0000          NULL 
240.5502    1    5.100   1.0000          evt1
245.6502    0    0.850   1.0000          NULL 
246.5002    4    5.100   1.0000          evt4
251.6003    0    1.700   1.0000          NULL 
253.3003    1    5.100   1.0000          evt1
258.4003    0    0.850   1.0000          NULL 
259.2503    6    5.100   1.0000          evt6
264.3503    0    0.850   1.0000          NULL 
265.2003    6    5.100   1.0000          evt6
270.3003    0    2.550   1.0000          NULL 
272.8503    6    5.100   1.0000          evt6
277.9503    0    1.700   1.0000          NULL 
279.6503    1    5.100   1.0000          evt1
284.7503    0    2.550   1.0000          NULL 
287.3004    1    5.100   1.0000          evt1
292.4004    0    0.850   1.0000          NULL 
293.2504    2    5.100   1.0000          evt2
298.3504    0    0.850   1.0000          NULL 
299.2004    5    5.100   1.0000          evt5
304.3004    0    1.700   1.0000          NULL 
306.0004    2    5.100   1.0000          evt2
311.1004    0    0.850   1.0000          NULL 
311.9504    5    5.100   1.0000          evt5
317.0504    0    1.700   1.0000          NULL 
318.7504    2    5.100   1.0000          evt2
323.8504    0    1.700   1.0000          NULL 
325.5504    3    5.100   1.0000          evt3
330.6505    0    0.850   1.0000          NULL 
331.5005    4    5.100   1.0000          evt4
336.6005    0    1.700   1.0000          NULL 
338.3005    1    5.100   1.0000          evt1
343.4005    0    1.700   1.0000          NULL 
345.1005    5    5.100   1.0000          evt5
350.2005    0    2.550   1.0000          NULL 
352.7505    3    5.100   1.0000          evt3
357.8505    0    2.549   1.0000          NULL 
