  0.0000    4    5.100   1.0000          evt4
  5.1000    0    0.850   1.0000          NULL 
  5.9500    2    5.100   1.0000          evt2
 11.0500    0    3.400   1.0000          NULL 
 14.4500    3    5.100   1.0000          evt3
 19.5500    3    5.100   1.0000          evt3
 24.6500    0    2.550   1.0000          NULL 
 27.2000    3    5.100   1.0000          evt3
 32.3000    0    5.950   1.0000          NULL 
 38.2500    5    5.100   1.0000          evt5
 43.3500    0    0.850   1.0000          NULL 
 44.2000    6    5.100   1.0000          evt6
 49.3000    3    5.100   1.0000          evt3
 54.4000    0    0.850   1.0000          NULL 
 55.2500    1    5.100   1.0000          evt1
 60.3500    0    2.550   1.0000          NULL 
 62.9000    1    5.100   1.0000          evt1
 68.0000    0    3.400   1.0000          NULL 
 71.4000    1    5.100   1.0000          evt1
 76.5000    0    1.700   1.0000          NULL 
 78.2000    1    5.100   1.0000          evt1
 83.3000    4    5.100   1.0000          evt4
 88.4000    0    1.700   1.0000          NULL 
 90.1000    4    5.100   1.0000          evt4
 95.2000    0    1.700   1.0000          NULL 
 96.9000    1    5.100   1.0000          evt1
102.0000    0    3.400   1.0000          NULL 
105.3999    6    5.100   1.0000          evt6
110.4999    0    1.700   1.0000          NULL 
112.1999    1    5.100   1.0000          evt1
117.2999    1    5.100   1.0000          evt1
122.3999    0    3.400   1.0000          NULL 
125.7999    4    5.100   1.0000          evt4
130.8999    0    0.850   1.0000          NULL 
131.7499    6    5.100   1.0000          evt6
136.8499    4    5.100   1.0000          evt4
141.9500    0    1.700   1.0000          NULL 
143.6500    3    5.100   1.0000          evt3
148.7500    1    5.100   1.0000          evt1
153.8500    4    5.100   1.0000          evt4
158.9500    2    5.100   1.0000          evt2
164.0500    0    0.850   1.0000          NULL 
164.9000    6    5.100   1.0000          evt6
170.0000    0    1.700   1.0000          NULL 
171.7000    3    5.100   1.0000          evt3
176.8000    3    5.100   1.0000          evt3
181.9000    0    2.550   1.0000          NULL 
184.4500    6    5.100   1.0000          evt6
189.5500    0    0.850   1.0000          NULL 
190.4001    3    5.100   1.0000          evt3
195.5001    0    1.700   1.0000          NULL 
197.2001    6    5.100   1.0000          evt6
202.3001    0    1.700   1.0000          NULL 
204.0001    4    5.100   1.0000          evt4
209.1001    0    3.400   1.0000          NULL 
212.5001    3    5.100   1.0000          evt3
217.6001    0    2.550   1.0000          NULL 
220.1501    6    5.100   1.0000          evt6
225.2502    5    5.100   1.0000          evt5
230.3502    2    5.100   1.0000          evt2
235.4502    6    5.100   1.0000          evt6
240.5502    0    3.400   1.0000          NULL 
243.9502    1    5.100   1.0000          evt1
249.0502    6    5.100   1.0000          evt6
254.1502    4    5.100   1.0000          evt4
259.2502    0    5.100   1.0000          NULL 
264.3503    5    5.100   1.0000          evt5
269.4503    0    0.850   1.0000          NULL 
270.3003    4    5.100   1.0000          evt4
275.4003    0    1.700   1.0000          NULL 
277.1003    1    5.100   1.0000          evt1
282.2003    0    0.850   1.0000          NULL 
283.0503    3    5.100   1.0000          evt3
288.1503    0    1.700   1.0000          NULL 
289.8503    4    5.100   1.0000          evt4
294.9503    0    0.850   1.0000          NULL 
295.8003    1    5.100   1.0000          evt1
300.9003    0    2.550   1.0000          NULL 
303.4503    2    5.100   1.0000          evt2
308.5504    0    0.850   1.0000          NULL 
309.4004    2    5.100   1.0000          evt2
314.5004    0    1.700   1.0000          NULL 
316.2004    5    5.100   1.0000          evt5
321.3004    0    0.850   1.0000          NULL 
322.1504    3    5.100   1.0000          evt3
327.2504    5    5.100   1.0000          evt5
332.3504    0    2.550   1.0000          NULL 
334.9004    6    5.100   1.0000          evt6
340.0004    0    4.250   1.0000          NULL 
344.2505    4    5.100   1.0000          evt4
349.3505    0    4.250   1.0000          NULL 
353.6005    6    5.100   1.0000          evt6
358.7005    0    1.700   1.0000          NULL 
