  0.0000    5    5.100   1.0000          evt5
  5.1000    0    0.850   1.0000          NULL 
  5.9500    4    5.100   1.0000          evt4
 11.0500    0    4.250   1.0000          NULL 
 15.3000    5    5.100   1.0000          evt5
 20.4000    0    4.250   1.0000          NULL 
 24.6500    5    5.100   1.0000          evt5
 29.7500    0    2.550   1.0000          NULL 
 32.3000    2    5.100   1.0000          evt2
 37.4000    0    2.550   1.0000          NULL 
 39.9500    6    5.100   1.0000          evt6
 45.0500    1    5.100   1.0000          evt1
 50.1500    0    4.250   1.0000          NULL 
 54.4000    1    5.100   1.0000          evt1
 59.5000    4    5.100   1.0000          evt4
 64.6000    0    5.100   1.0000          NULL 
 69.7000    3    5.100   1.0000          evt3
 74.8000    3    5.100   1.0000          evt3
 79.9000    4    5.100   1.0000          evt4
 85.0000    3    5.100   1.0000          evt3
 90.1000    0    5.100   1.0000          NULL 
 95.2000    4    5.100   1.0000          evt4
100.3000    0    1.700   1.0000          NULL 
102.0000    1    5.100   1.0000          evt1
107.1000    3    5.100   1.0000          evt3
112.2000    0    2.550   1.0000          NULL 
114.7499    6    5.100   1.0000          evt6
119.8499    0    1.700   1.0000          NULL 
121.5499    3    5.100   1.0000          evt3
126.6499    1    5.100   1.0000          evt1
131.7499    3    5.100   1.0000          evt3
136.8499    0    0.850   1.0000          NULL 
137.7000    4    5.100   1.0000          evt4
142.8000    4    5.100   1.0000          evt4
147.9000    1    5.100   1.0000          evt1
153.0000    6    5.100   1.0000          evt6
158.1000    5    5.100   1.0000          evt5
163.2000    6    5.100   1.0000          evt6
168.3000    0    1.700   1.0000          NULL 
170.0000    3    5.100   1.0000          evt3
175.1000    4    5.100   1.0000          evt4
180.2000    0    0.850   1.0000          NULL 
181.0500    1    5.100   1.0000          evt1
186.1500    6    5.100   1.0000          evt6
191.2500    0    1.700   1.0000          NULL 
192.9500    4    5.100   1.0000          evt4
198.0500    6    5.100   1.0000          evt6
203.1501    0    1.700   1.0000          NULL 
204.8501    1    5.100   1.0000          evt1
209.9501    0    0.850   1.0000          NULL 
210.8001    3    5.100   1.0000          evt3
215.9001    0    0.850   1.0000          NULL 
216.7501    6    5.100   1.0000          evt6
221.8501    0    5.100   1.0000          NULL 
226.9501    2    5.100   1.0000          evt2
232.0501    4    5.100   1.0000          evt4
237.1501    0    6.800   1.0000          NULL 
243.9502    3    5.100   1.0000          evt3
249.0502    0    0.850   1.0000          NULL 
249.9002    1    5.100   1.0000          evt1
255.0002    0    0.850   1.0000          NULL 
255.8502    6    5.100   1.0000          evt6
260.9502    2    5.100   1.0000          evt2
266.0502    0    5.100   1.0000          NULL 
271.1503    6    5.100   1.0000          evt6
276.2503    0    1.700   1.0000          NULL 
277.9503    1    5.100   1.0000          evt1
283.0503    0    2.550   1.0000          NULL 
285.6003    6    5.100   1.0000          evt6
290.7003    6    5.100   1.0000          evt6
295.8003    0    0.850   1.0000          NULL 
296.6503    2    5.100   1.0000          evt2
301.7503    0    0.850   1.0000          NULL 
302.6003    3    5.100   1.0000          evt3
307.7003    0    6.800   1.0000          NULL 
314.5004    4    5.100   1.0000          evt4
319.6004    0    1.700   1.0000          NULL 
321.3004    5    5.100   1.0000          evt5
326.4004    0    1.700   1.0000          NULL 
328.1004    4    5.100   1.0000          evt4
333.2004    1    5.100   1.0000          evt1
338.3004    0    2.550   1.0000          NULL 
340.8505    2    5.100   1.0000          evt2
345.9505    0    1.700   1.0000          NULL 
347.6505    1    5.100   1.0000          evt1
352.7505    0    2.550   1.0000          NULL 
355.3005    3    5.100   1.0000          evt3
