  0.0000    6    5.100   1.0000          evt6
  5.1000    0    2.550   1.0000          NULL 
  7.6500    5    5.100   1.0000          evt5
 12.7500    0    0.850   1.0000          NULL 
 13.6000    3    5.100   1.0000          evt3
 18.7000    0    0.850   1.0000          NULL 
 19.5500    4    5.100   1.0000          evt4
 24.6500    0    0.850   1.0000          NULL 
 25.5000    3    5.100   1.0000          evt3
 30.6000    0    1.700   1.0000          NULL 
 32.3000    1    5.100   1.0000          evt1
 37.4000    0    2.550   1.0000          NULL 
 39.9500    6    5.100   1.0000          evt6
 45.0500    0    3.400   1.0000          NULL 
 48.4500    1    5.100   1.0000          evt1
 53.5500    0    0.850   1.0000          NULL 
 54.4000    2    5.100   1.0000          evt2
 59.5000    0    1.700   1.0000          NULL 
 61.2000    1    5.100   1.0000          evt1
 66.3000    0    0.850   1.0000          NULL 
 67.1500    4    5.100   1.0000          evt4
 72.2500    0    1.700   1.0000          NULL 
 73.9500    1    5.100   1.0000          evt1
 79.0500    0    1.700   1.0000          NULL 
 80.7500    1    5.100   1.0000          evt1
 85.8500    0    0.850   1.0000          NULL 
 86.7000    3    5.100   1.0000          evt3
 91.8000    0    0.850   1.0000          NULL 
 92.6500    6    5.100   1.0000          evt6
 97.7500    0    1.700   1.0000          NULL 
 99.4500    4    5.100   1.0000          evt4
104.5500    0    1.700   1.0000          NULL 
106.2500    2    5.100   1.0000          evt2
111.3500    0    0.850   1.0000          NULL 
112.2000    5    5.100   1.0000          evt5
117.2999    0    0.850   1.0000          NULL 
118.1499    1    5.100   1.0000          evt1
123.2499    0    0.850   1.0000          NULL 
124.0999    2    5.100   1.0000          evt2
129.2000    0    0.850   1.0000          NULL 
130.0500    5    5.100   1.0000          evt5
135.1500    0    0.850   1.0000          NULL 
136.0000    4    5.100   1.0000          evt4
141.1000    0    1.700   1.0000          NULL 
142.8000    2    5.100   1.0000          evt2
147.9000    0    0.850   1.0000          NULL 
148.7500    1    5.100   1.0000          evt1
153.8500    0    0.850   1.0000          NULL 
154.7000    1    5.100   1.0000          evt1
159.8000    0    7.650   1.0000          NULL 
167.4501    6    5.100   1.0000          evt6
172.5501    0    0.850   1.0000          NULL 
173.4001    6    5.100   1.0000          evt6
178.5001    0    1.700   1.0000          NULL 
180.2001    6    5.100   1.0000          evt6
185.3001    0    1.700   1.0000          NULL 
187.0001    4    5.100   1.0000          evt4
192.1001    0    2.550   1.0000          NULL 
194.6501    5    5.100   1.0000          evt5
199.7502    0    1.700   1.0000          NULL 
201.4502    5    5.100   1.0000          evt5
206.5502    0    0.850   1.0000          NULL 
207.4002    1    5.100   1.0000          evt1
212.5002    0    5.950   1.0000          NULL 
218.4502    3    5.100   1.0000          evt3
223.5502    0    0.850   1.0000          NULL 
224.4002    4    5.100   1.0000          evt4
229.5002    0    0.850   1.0000          NULL 
230.3503    6    5.100   1.0000          evt6
235.4503    0    0.850   1.0000          NULL 
236.3003    6    5.100   1.0000          evt6
241.4003    0    0.850   1.0000          NULL 
242.2503    3    5.100   1.0000          evt3
247.3503    0    0.850   1.0000          NULL 
248.2003    4    5.100   1.0000          evt4
253.3003    0    0.850   1.0000          NULL 
254.1503    6    5.100   1.0000          evt6
259.2503    0    0.850   1.0000          NULL 
260.1003    4    5.100   1.0000          evt4
265.2003    0    1.700   1.0000          NULL 
266.9003    1    5.100   1.0000          evt1
272.0003    0    0.850   1.0000          NULL 
272.8503    4    5.100   1.0000          evt4
277.9503    0    0.850   1.0000          NULL 
278.8004    6    5.100   1.0000          evt6
283.9004    0    0.850   1.0000          NULL 
284.7504    3    5.100   1.0000          evt3
289.8504    0    5.100   1.0000          NULL 
294.9504    1    5.100   1.0000          evt1
300.0504    0    1.700   1.0000          NULL 
301.7504    3    5.100   1.0000          evt3
306.8504    0    0.850   1.0000          NULL 
307.7004    4    5.100   1.0000          evt4
312.8004    0    2.550   1.0000          NULL 
315.3505    4    5.100   1.0000          evt4
320.4505    0    0.850   1.0000          NULL 
321.3005    6    5.100   1.0000          evt6
326.4005    0    2.550   1.0000          NULL 
328.9505    3    5.100   1.0000          evt3
334.0505    0    0.850   1.0000          NULL 
334.9005    3    5.100   1.0000          evt3
340.0005    0    2.550   1.0000          NULL 
342.5505    3    5.100   1.0000          evt3
347.6505    0    0.850   1.0000          NULL 
348.5005    3    5.100   1.0000          evt3
353.6006    0    0.850   1.0000          NULL 
354.4506    2    5.100   1.0000          evt2
359.5506    0    0.849   1.0000          NULL 
