  0.0000    5    5.100   1.0000          evt5
  5.1000    2    5.100   1.0000          evt2
 10.2000    0    0.850   1.0000          NULL 
 11.0500    2    5.100   1.0000          evt2
 16.1500    4    5.100   1.0000          evt4
 21.2500    0    0.850   1.0000          NULL 
 22.1000    6    5.100   1.0000          evt6
 27.2000    0    0.850   1.0000          NULL 
 28.0500    3    5.100   1.0000          evt3
 33.1500    0    1.700   1.0000          NULL 
 34.8500    5    5.100   1.0000          evt5
 39.9500    1    5.100   1.0000          evt1
 45.0500    2    5.100   1.0000          evt2
 50.1500    0    0.850   1.0000          NULL 
 51.0000    1    5.100   1.0000          evt1
 56.1000    0    2.550   1.0000          NULL 
 58.6500    1    5.100   1.0000          evt1
 63.7500    0    0.850   1.0000          NULL 
 64.6000    4    5.100   1.0000          evt4
 69.7000    4    5.100   1.0000          evt4
 74.8000    0    5.950   1.0000          NULL 
 80.7500    6    5.100   1.0000          evt6
 85.8500    0    1.700   1.0000          NULL 
 87.5500    1    5.100   1.0000          evt1
 92.6500    4    5.100   1.0000          evt4
 97.7500    0    9.350   1.0000          NULL 
107.0999    6    5.100   1.0000          evt6
112.1999    4    5.100   1.0000          evt4
117.2999    1    5.100   1.0000          evt1
122.3999    0    1.700   1.0000          NULL 
124.0999    4    5.100   1.0000          evt4
129.1999    3    5.100   1.0000          evt3
134.2999    0    0.850   1.0000          NULL 
135.1499    3    5.100   1.0000          evt3
140.2500    0    6.800   1.0000          NULL 
147.0500    3    5.100   1.0000          evt3
152.1500    4    5.100   1.0000          evt4
157.2500    3    5.100   1.0000          evt3
162.3500    0    1.700   1.0000          NULL 
164.0500    6    5.100   1.0000          evt6
169.1500    0    1.700   1.0000          NULL 
170.8501    5    5.100   1.0000          evt5
175.9501    5    5.100   1.0000          evt5
181.0501    1    5.100   1.0000          evt1
186.1501    0    0.850   1.0000          NULL 
187.0001    6    5.100   1.0000          evt6
192.1001    6    5.100   1.0000          evt6
197.2001    1    5.100   1.0000          evt1
202.3001    0    0.850   1.0000          NULL 
203.1501    5    5.100   1.0000          evt5
208.2501    0    0.850   1.0000          NULL 
209.1001    1    5.100   1.0000          evt1
214.2001    0    0.850   1.0000          NULL 
215.0501    6    5.100   1.0000          evt6
220.1501    0    7.650   1.0000          NULL 
227.8002    3    5.100   1.0000          evt3
232.9002    0    3.400   1.0000          NULL 
236.3002    3    5.100   1.0000          evt3
241.4002    0    2.550   1.0000          NULL 
243.9502    6    5.100   1.0000          evt6
249.0502    2    5.100   1.0000          evt2
254.1503    0    0.850   1.0000          NULL 
255.0003    1    5.100   1.0000          evt1
260.1003    4    5.100   1.0000          evt4
265.2003    3    5.100   1.0000          evt3
270.3003    0    1.700   1.0000          NULL 
272.0003    4    5.100   1.0000          evt4
277.1003    0    4.250   1.0000          NULL 
281.3503    2    5.100   1.0000          evt2
286.4503    3    5.100   1.0000          evt3
291.5503    0    0.850   1.0000          NULL 
292.4003    3    5.100   1.0000          evt3
297.5003    0    0.850   1.0000          NULL 
298.3503    6    5.100   1.0000          evt6
303.4503    0    0.850   1.0000          NULL 
304.3004    6    5.100   1.0000          evt6
309.4004    0    2.550   1.0000          NULL 
311.9504    6    5.100   1.0000          evt6
317.0504    0    0.850   1.0000          NULL 
317.9004    1    5.100   1.0000          evt1
323.0004    0    1.700   1.0000          NULL 
324.7004    1    5.100   1.0000          evt1
329.8004    0    8.500   1.0000          NULL 
338.3005    4    5.100   1.0000          evt4
343.4005    4    5.100   1.0000          evt4
348.5005    0    3.400   1.0000          NULL 
351.9005    3    5.100   1.0000          evt3
357.0005    0    3.400   1.0000          NULL 
