  0.0000    3    5.100   1.0000          evt3
  5.1000    0    0.850   1.0000          NULL 
  5.9500    6    5.100   1.0000          evt6
 11.0500    0    0.850   1.0000          NULL 
 11.9000    1    5.100   1.0000          evt1
 17.0000    0    0.850   1.0000          NULL 
 17.8500    1    5.100   1.0000          evt1
 22.9500    0    0.850   1.0000          NULL 
 23.8000    4    5.100   1.0000          evt4
 28.9000    0    1.700   1.0000          NULL 
 30.6000    2    5.100   1.0000          evt2
 35.7000    0    0.850   1.0000          NULL 
 36.5500    4    5.100   1.0000          evt4
 41.6500    0    1.700   1.0000          NULL 
 43.3500    4    5.100   1.0000          evt4
 48.4500    0    1.700   1.0000          NULL 
 50.1500    6    5.100   1.0000          evt6
 55.2500    0    1.700   1.0000          NULL 
 56.9500    3    5.100   1.0000          evt3
 62.0500    0    0.850   1.0000          NULL 
 62.9000    1    5.100   1.0000          evt1
 68.0000    0    0.850   1.0000          NULL 
 68.8500    6    5.100   1.0000          evt6
 73.9500    0    1.700   1.0000          NULL 
 75.6500    5    5.100   1.0000          evt5
 80.7500    0    4.250   1.0000          NULL 
 85.0000    1    5.100   1.0000          evt1
 90.1000    0    1.700   1.0000          NULL 
 91.8000    4    5.100   1.0000          evt4
 96.9000    0    2.550   1.0000          NULL 
 99.4500    1    5.100   1.0000          evt1
104.5500    0    0.850   1.0000          NULL 
105.4000    6    5.100   1.0000          evt6
110.5000    0    0.850   1.0000          NULL 
111.3500    6    5.100   1.0000          evt6
116.4500    0    0.850   1.0000          NULL 
117.2999    6    5.100   1.0000          evt6
122.3999    0    0.850   1.0000          NULL 
123.2499    3    5.100   1.0000          evt3
128.3499    0    0.850   1.0000          NULL 
129.2000    6    5.100   1.0000          evt6
134.3000    0    0.850   1.0000          NULL 
135.1500    1    5.100   1.0000          evt1
140.2500    0    1.700   1.0000          NULL 
141.9500    3    5.100   1.0000          evt3
147.0500    0    2.550   1.0000          NULL 
149.6000    3    5.100   1.0000          evt3
154.7000    0    2.550   1.0000          NULL 
157.2500    4    5.100   1.0000          evt4
162.3500    0    1.700   1.0000          NULL 
164.0500    5    5.100   1.0000          evt5
169.1501    0    2.550   1.0000          NULL 
171.7001    1    5.100   1.0000          evt1
176.8001    0    0.850   1.0000          NULL 
177.6501    3    5.100   1.0000          evt3
182.7501    0    0.850   1.0000          NULL 
183.6001    3    5.100   1.0000          evt3
188.7001    0    1.700   1.0000          NULL 
190.4001    4    5.100   1.0000          evt4
195.5001    0    6.800   1.0000          NULL 
202.3002    2    5.100   1.0000          evt2
207.4002    0    0.850   1.0000          NULL 
208.2502    1    5.100   1.0000          evt1
213.3502    0    0.850   1.0000          NULL 
214.2002    6    5.100   1.0000          evt6
219.3002    0    0.850   1.0000          NULL 
220.1502    2    5.100   1.0000          evt2
225.2502    0    1.700   1.0000          NULL 
226.9502    4    5.100   1.0000          evt4
232.0502    0    0.850   1.0000          NULL 
232.9002    5    5.100   1.0000          evt5
238.0002    0    0.850   1.0000          NULL 
238.8503    6    5.100   1.0000          evt6
243.9503    0    0.850   1.0000          NULL 
244.8003    2    5.100   1.0000          evt2
249.9003    0    2.550   1.0000          NULL 
252.4503    4    5.100   1.0000          evt4
257.5503    0    0.850   1.0000          NULL 
258.4003    1    5.100   1.0000          evt1
263.5003    0    0.850   1.0000          NULL 
264.3503    3    5.100   1.0000          evt3
269.4503    0    0.850   1.0000          NULL 
270.3003    3    5.100   1.0000          evt3
275.4003    0    2.550   1.0000          NULL 
277.9503    4    5.100   1.0000          evt4
283.0504    0    1.700   1.0000          NULL 
284.7504    4    5.100   1.0000          evt4
289.8504    0    0.850   1.0000          NULL 
290.7004    3    5.100   1.0000          evt3
295.8004    0    2.550   1.0000          NULL 
298.3504    6    5.100   1.0000          evt6
303.4504    0    0.850   1.0000          NULL 
304.3004    4    5.100   1.0000          evt4
309.4004    0    0.850   1.0000          NULL 
310.2504    1    5.100   1.0000          evt1
315.3504    0    0.850   1.0000          NULL 
316.2004    6    5.100   1.0000          evt6
321.3004    0    1.700   1.0000          NULL 
323.0005    1    5.100   1.0000          evt1
328.1005    0    0.850   1.0000          NULL 
328.9505    5    5.100   1.0000          evt5
334.0505    0    5.100   1.0000          NULL 
339.1505    3    5.100   1.0000          evt3
344.2505    0    0.850   1.0000          NULL 
345.1005    2    5.100   1.0000          evt2
350.2005    0    4.250   1.0000          NULL 
354.4506    5    5.100   1.0000          evt5
359.5506    0    0.849   1.0000          NULL 
