  0.0000    6    5.100   1.0000          evt6
  5.1000    0    0.850   1.0000          NULL 
  5.9500    3    5.100   1.0000          evt3
 11.0500    0    1.700   1.0000          NULL 
 12.7500    5    5.100   1.0000          evt5
 17.8500    0    2.550   1.0000          NULL 
 20.4000    4    5.100   1.0000          evt4
 25.5000    0    1.700   1.0000          NULL 
 27.2000    1    5.100   1.0000          evt1
 32.3000    0    2.550   1.0000          NULL 
 34.8500    3    5.100   1.0000          evt3
 39.9500    6    5.100   1.0000          evt6
 45.0500    4    5.100   1.0000          evt4
 50.1500    6    5.100   1.0000          evt6
 55.2500    1    5.100   1.0000          evt1
 60.3500    2    5.100   1.0000          evt2
 65.4500    0    0.850   1.0000          NULL 
 66.3000    5    5.100   1.0000          evt5
 71.4000    3    5.100   1.0000          evt3
 76.5000    0    1.700   1.0000          NULL 
 78.2000    3    5.100   1.0000          evt3
 83.3000    0    0.850   1.0000          NULL 
 84.1500    4    5.100   1.0000          evt4
 89.2500    3    5.100   1.0000          evt3
 94.3500    5    5.100   1.0000          evt5
 99.4500    3    5.100   1.0000          evt3
104.5500    1    5.100   1.0000          evt1
109.6500    4    5.100   1.0000          evt4
114.7500    0    1.700   1.0000          NULL 
116.4500    1    5.100   1.0000          evt1
121.5500    0    2.550   1.0000          NULL 
124.1000    1    5.100   1.0000          evt1
129.2000    0    4.250   1.0000          NULL 
133.4500    3    5.100   1.0000          evt3
138.5500    0    2.550   1.0000          NULL 
141.1000    6    5.100   1.0000          evt6
146.2000    0    2.550   1.0000          NULL 
148.7500    6    5.100   1.0000          evt6
153.8501    0    2.550   1.0000          NULL 
156.4001    2    5.100   1.0000          evt2
161.5001    0    4.250   1.0000          NULL 
165.7501    6    5.100   1.0000          evt6
170.8501    0    5.100   1.0000          NULL 
175.9501    1    5.100   1.0000          evt1
181.0502    0    0.850   1.0000          NULL 
181.9002    4    5.100   1.0000          evt4
187.0002    4    5.100   1.0000          evt4
192.1002    4    5.100   1.0000          evt4
197.2002    0    3.400   1.0000          NULL 
200.6002    2    5.100   1.0000          evt2
205.7002    0    1.700   1.0000          NULL 
207.4002    3    5.100   1.0000          evt3
212.5002    0    3.400   1.0000          NULL 
215.9003    4    5.100   1.0000          evt4
221.0003    3    5.100   1.0000          evt3
226.1003    4    5.100   1.0000          evt4
231.2003    0    0.850   1.0000          NULL 
232.0503    1    5.100   1.0000          evt1
237.1503    0    7.650   1.0000          NULL 
244.8003    6    5.100   1.0000          evt6
249.9003    0    1.700   1.0000          NULL 
251.6004    1    5.100   1.0000          evt1
256.7003    0    5.950   1.0000          NULL 
262.6504    4    5.100   1.0000          evt4
267.7504    4    5.100   1.0000          evt4
272.8504    0    1.700   1.0000          NULL 
274.5504    5    5.100   1.0000          evt5
279.6504    0    1.700   1.0000          NULL 
281.3504    5    5.100   1.0000          evt5
286.4504    6    5.100   1.0000          evt6
291.5504    0    1.700   1.0000          NULL 
293.2505    1    5.100   1.0000          evt1
298.3505    1    5.100   1.0000          evt1
303.4505    0    0.850   1.0000          NULL 
304.3005    3    5.100   1.0000          evt3
309.4005    0    1.700   1.0000          NULL 
311.1005    2    5.100   1.0000          evt2
316.2005    0    2.550   1.0000          NULL 
318.7505    3    5.100   1.0000          evt3
323.8505    0    0.850   1.0000          NULL 
324.7005    2    5.100   1.0000          evt2
329.8005    0    5.100   1.0000          NULL 
334.9006    6    5.100   1.0000          evt6
340.0006    6    5.100   1.0000          evt6
345.1006    0    0.850   1.0000          NULL 
345.9506    6    5.100   1.0000          evt6
351.0506    0    2.550   1.0000          NULL 
353.6006    1    5.100   1.0000          evt1
358.7006    0    1.699   1.0000          NULL 
