  0.0000    3    5.100   1.0000          evt3
  5.1000    0    1.700   1.0000          NULL 
  6.8000    4    5.100   1.0000          evt4
 11.9000    2    5.100   1.0000          evt2
 17.0000    0    0.850   1.0000          NULL 
 17.8500    1    5.100   1.0000          evt1
 22.9500    0    1.700   1.0000          NULL 
 24.6500    3    5.100   1.0000          evt3
 29.7500    4    5.100   1.0000          evt4
 34.8500    5    5.100   1.0000          evt5
 39.9500    0    1.700   1.0000          NULL 
 41.6500    6    5.100   1.0000          evt6
 46.7500    4    5.100   1.0000          evt4
 51.8500    0    0.850   1.0000          NULL 
 52.7000    1    5.100   1.0000          evt1
 57.8000    0    0.850   1.0000          NULL 
 58.6500    2    5.100   1.0000          evt2
 63.7500    0    0.850   1.0000          NULL 
 64.6000    4    5.100   1.0000          evt4
 69.7000    6    5.100   1.0000          evt6
 74.8000    0    0.850   1.0000          NULL 
 75.6500    2    5.100   1.0000          evt2
 80.7500    0    0.850   1.0000          NULL 
 81.6000    6    5.100   1.0000          evt6
 86.7000    0    1.700   1.0000          NULL 
 88.4000    1    5.100   1.0000          evt1
 93.5000    4    5.100   1.0000          evt4
 98.6000    0    2.550   1.0000          NULL 
101.1500    1    5.100   1.0000          evt1
106.2500    6    5.100   1.0000          evt6
111.3500    0    3.400   1.0000          NULL 
114.7500    4    5.100   1.0000          evt4
119.8500    0    0.850   1.0000          NULL 
120.7000    3    5.100   1.0000          evt3
125.8000    5    5.100   1.0000          evt5
130.9000    0    2.550   1.0000          NULL 
133.4500    6    5.100   1.0000          evt6
138.5500    0    2.550   1.0000          NULL 
141.1000    4    5.100   1.0000          evt4
146.2000    5    5.100   1.0000          evt5
151.3000    0    4.250   1.0000          NULL 
155.5500    1    5.100   1.0000          evt1
160.6501    6    5.100   1.0000          evt6
165.7501    0    0.850   1.0000          NULL 
166.6001    2    5.100   1.0000          evt2
171.7001    0    0.850   1.0000          NULL 
172.5501    3    5.100   1.0000          evt3
177.6501    0    9.350   1.0000          NULL 
187.0002    1    5.100   1.0000          evt1
192.1002    3    5.100   1.0000          evt3
197.2002    0    0.850   1.0000          NULL 
198.0502    5    5.100   1.0000          evt5
203.1502    4    5.100   1.0000          evt4
208.2502    0    1.700   1.0000          NULL 
209.9502    4    5.100   1.0000          evt4
215.0502    0    1.700   1.0000          NULL 
216.7502    3    5.100   1.0000          evt3
221.8502    0    2.550   1.0000          NULL 
224.4002    3    5.100   1.0000          evt3
229.5002    0    4.250   1.0000          NULL 
233.7503    1    5.100   1.0000          evt1
238.8503    0    0.850   1.0000          NULL 
239.7003    1    5.100   1.0000          evt1
244.8003    0    1.700   1.0000          NULL 
246.5003    6    5.100   1.0000          evt6
251.6003    6    5.100   1.0000          evt6
256.7003    0    9.350   1.0000          NULL 
266.0504    1    5.100   1.0000          evt1
271.1504    0    1.700   1.0000          NULL 
272.8504    6    5.100   1.0000          evt6
277.9504    3    5.100   1.0000          evt3
283.0504    0    0.850   1.0000          NULL 
283.9004    6    5.100   1.0000          evt6
289.0004    0    0.850   1.0000          NULL 
289.8504    3    5.100   1.0000          evt3
294.9504    0    4.250   1.0000          NULL 
299.2005    4    5.100   1.0000          evt4
304.3005    0    0.850   1.0000          NULL 
305.1505    2    5.100   1.0000          evt2
310.2505    0    1.700   1.0000          NULL 
311.9505    3    5.100   1.0000          evt3
317.0505    4    5.100   1.0000          evt4
322.1505    6    5.100   1.0000          evt6
327.2505    5    5.100   1.0000          evt5
332.3505    0    1.700   1.0000          NULL 
334.0505    1    5.100   1.0000          evt1
339.1505    0    2.550   1.0000          NULL 
341.7006    3    5.100   1.0000          evt3
346.8006    0    7.650   1.0000          NULL 
354.4506    1    5.100   1.0000          evt1
359.5506    0    0.849   1.0000          NULL 
