  0.0000    3    5.100   1.0000          evt3
  5.1000    0    0.850   1.0000          NULL 
  5.9500    6    5.100   1.0000          evt6
 11.0500    0    1.700   1.0000          NULL 
 12.7500    4    5.100   1.0000          evt4
 17.8500    0    1.700   1.0000          NULL 
 19.5500    6    5.100   1.0000          evt6
 24.6500    0    0.850   1.0000          NULL 
 25.5000    6    5.100   1.0000          evt6
 30.6000    0    0.850   1.0000          NULL 
 31.4500    6    5.100   1.0000          evt6
 36.5500    0    0.850   1.0000          NULL 
 37.4000    1    5.100   1.0000          evt1
 42.5000    0    0.850   1.0000          NULL 
 43.3500    4    5.100   1.0000          evt4
 48.4500    0    2.550   1.0000          NULL 
 51.0000    3    5.100   1.0000          evt3
 56.1000    0    1.700   1.0000          NULL 
 57.8000    1    5.100   1.0000          evt1
 62.9000    0    0.850   1.0000          NULL 
 63.7500    5    5.100   1.0000          evt5
 68.8500    0    0.850   1.0000          NULL 
 69.7000    2    5.100   1.0000          evt2
 74.8000    0    1.700   1.0000          NULL 
 76.5000    3    5.100   1.0000          evt3
 81.6000    0    0.850   1.0000          NULL 
 82.4500    1    5.100   1.0000          evt1
 87.5500    0    1.700   1.0000          NULL 
 89.2500    2    5.100   1.0000          evt2
 94.3500    0    1.700   1.0000          NULL 
 96.0500    2    5.100   1.0000          evt2
101.1500    0    5.100   1.0000          NULL 
106.2500    2    5.100   1.0000          evt2
111.3500    0    2.550   1.0000          NULL 
113.8999    1    5.100   1.0000          evt1
118.9999    0    0.850   1.0000          NULL 
119.8499    4    5.100   1.0000          evt4
124.9499    0    0.850   1.0000          NULL 
125.7999    6    5.100   1.0000          evt6
130.8999    0    0.850   1.0000          NULL 
131.7500    4    5.100   1.0000          evt4
136.8500    0    0.850   1.0000          NULL 
137.7000    4    5.100   1.0000          evt4
142.8000    0    4.250   1.0000          NULL 
147.0500    3    5.100   1.0000          evt3
152.1500    0    0.850   1.0000          NULL 
153.0000    1    5.100   1.0000          evt1
158.1000    0    0.850   1.0000          NULL 
158.9500    6    5.100   1.0000          evt6
164.0500    0    0.850   1.0000          NULL 
164.9000    3    5.100   1.0000          evt3
170.0000    0    1.700   1.0000          NULL 
171.7001    6    5.100   1.0000          evt6
176.8001    0    0.850   1.0000          NULL 
177.6501    3    5.100   1.0000          evt3
182.7501    0    1.700   1.0000          NULL 
184.4501    1    5.100   1.0000          evt1
189.5501    0    0.850   1.0000          NULL 
190.4001    1    5.100   1.0000          evt1
195.5001    0    2.550   1.0000          NULL 
198.0501    3    5.100   1.0000          evt3
203.1501    0    0.850   1.0000          NULL 
204.0001    5    5.100   1.0000          evt5
209.1001    0    1.700   1.0000          NULL 
210.8002    5    5.100   1.0000          evt5
215.9002    0    0.850   1.0000          NULL 
216.7502    1    5.100   1.0000          evt1
221.8502    0    1.700   1.0000          NULL 
223.5502    3    5.100   1.0000          evt3
228.6502    0    0.850   1.0000          NULL 
229.5002    4    5.100   1.0000          evt4
234.6002    0    0.850   1.0000          NULL 
235.4502    5    5.100   1.0000          evt5
240.5502    0    0.850   1.0000          NULL 
241.4002    2    5.100   1.0000          evt2
246.5002    0    5.950   1.0000          NULL 
252.4503    1    5.100   1.0000          evt1
257.5503    0    2.550   1.0000          NULL 
260.1003    5    5.100   1.0000          evt5
265.2003    0    1.700   1.0000          NULL 
266.9003    1    5.100   1.0000          evt1
272.0003    0    1.700   1.0000          NULL 
273.7003    6    5.100   1.0000          evt6
278.8003    0    1.700   1.0000          NULL 
280.5003    4    5.100   1.0000          evt4
285.6003    0    0.850   1.0000          NULL 
286.4503    6    5.100   1.0000          evt6
291.5504    0    1.700   1.0000          NULL 
293.2504    3    5.100   1.0000          evt3
298.3504    0    0.850   1.0000          NULL 
299.2004    4    5.100   1.0000          evt4
304.3004    0    0.850   1.0000          NULL 
305.1504    1    5.100   1.0000          evt1
310.2504    0    0.850   1.0000          NULL 
311.1004    4    5.100   1.0000          evt4
316.2004    0    3.400   1.0000          NULL 
319.6004    4    5.100   1.0000          evt4
324.7004    0    0.850   1.0000          NULL 
325.5504    6    5.100   1.0000          evt6
330.6505    0    3.400   1.0000          NULL 
334.0505    3    5.100   1.0000          evt3
339.1505    0    1.700   1.0000          NULL 
340.8505    3    5.100   1.0000          evt3
345.9505    0    1.700   1.0000          NULL 
347.6505    4    5.100   1.0000          evt4
352.7505    0    1.700   1.0000          NULL 
354.4505    6    5.100   1.0000          evt6
359.5505    0    0.849   1.0000          NULL 
