  0.0000    4    5.100   1.0000          evt4
  5.1000    0    0.850   1.0000          NULL 
  5.9500    1    5.100   1.0000          evt1
 11.0500    4    5.100   1.0000          evt4
 16.1500    2    5.100   1.0000          evt2
 21.2500    0    1.700   1.0000          NULL 
 22.9500    1    5.100   1.0000          evt1
 28.0500    0    3.400   1.0000          NULL 
 31.4500    4    5.100   1.0000          evt4
 36.5500    0    1.700   1.0000          NULL 
 38.2500    3    5.100   1.0000          evt3
 43.3500    6    5.100   1.0000          evt6
 48.4500    6    5.100   1.0000          evt6
 53.5500    0    0.850   1.0000          NULL 
 54.4000    6    5.100   1.0000          evt6
 59.5000    0    2.550   1.0000          NULL 
 62.0500    4    5.100   1.0000          evt4
 67.1500    1    5.100   1.0000          evt1
 72.2500    0    2.550   1.0000          NULL 
 74.8000    1    5.100   1.0000          evt1
 79.9000    0    0.850   1.0000          NULL 
 80.7500    5    5.100   1.0000          evt5
 85.8500    0    0.850   1.0000          NULL 
 86.7000    4    5.100   1.0000          evt4
 91.8000    0    7.650   1.0000          NULL 
 99.4500    3    5.100   1.0000          evt3
104.5500    0    2.550   1.0000          NULL 
107.1000    1    5.100   1.0000          evt1
112.2000    6    5.100   1.0000          evt6
117.2999    0    1.700   1.0000          NULL 
118.9999    3    5.100   1.0000          evt3
124.0999    0    2.550   1.0000          NULL 
126.6499    5    5.100   1.0000          evt5
131.7499    0    0.850   1.0000          NULL 
132.5999    6    5.100   1.0000          evt6
137.7000    0    1.700   1.0000          NULL 
139.4000    4    5.100   1.0000          evt4
144.5000    3    5.100   1.0000          evt3
149.6000    0    1.700   1.0000          NULL 
151.3000    4    5.100   1.0000          evt4
156.4000    0    5.100   1.0000          NULL 
161.5000    1    5.100   1.0000          evt1
166.6000    4    5.100   1.0000          evt4
171.7000    0    1.700   1.0000          NULL 
173.4001    6    5.100   1.0000          evt6
178.5001    0    0.850   1.0000          NULL 
179.3501    5    5.100   1.0000          evt5
184.4501    2    5.100   1.0000          evt2
189.5501    0    0.850   1.0000          NULL 
190.4001    3    5.100   1.0000          evt3
195.5001    0    7.650   1.0000          NULL 
203.1501    2    5.100   1.0000          evt2
208.2502    0    0.850   1.0000          NULL 
209.1002    4    5.100   1.0000          evt4
214.2002    0    3.400   1.0000          NULL 
217.6002    3    5.100   1.0000          evt3
222.7002    0    0.850   1.0000          NULL 
223.5502    5    5.100   1.0000          evt5
228.6502    0    2.550   1.0000          NULL 
231.2002    6    5.100   1.0000          evt6
236.3002    1    5.100   1.0000          evt1
241.4002    2    5.100   1.0000          evt2
246.5002    5    5.100   1.0000          evt5
251.6003    2    5.100   1.0000          evt2
256.7003    0    9.350   1.0000          NULL 
266.0503    6    5.100   1.0000          evt6
271.1503    1    5.100   1.0000          evt1
276.2503    0    0.850   1.0000          NULL 
277.1003    1    5.100   1.0000          evt1
282.2003    4    5.100   1.0000          evt4
287.3004    0    7.650   1.0000          NULL 
294.9504    3    5.100   1.0000          evt3
300.0504    1    5.100   1.0000          evt1
305.1504    3    5.100   1.0000          evt3
310.2504    3    5.100   1.0000          evt3
315.3504    0    0.850   1.0000          NULL 
316.2004    6    5.100   1.0000          evt6
321.3004    0    3.400   1.0000          NULL 
324.7005    3    5.100   1.0000          evt3
329.8005    0    0.850   1.0000          NULL 
330.6505    4    5.100   1.0000          evt4
335.7505    6    5.100   1.0000          evt6
340.8505    0    1.700   1.0000          NULL 
342.5505    1    5.100   1.0000          evt1
347.6505    3    5.100   1.0000          evt3
352.7505    0    1.700   1.0000          NULL 
354.4505    6    5.100   1.0000          evt6
359.5505    0    0.849   1.0000          NULL 
