  0.0000    6    5.100   1.0000          evt6
  5.1000    0    0.850   1.0000          NULL 
  5.9500    6    5.100   1.0000          evt6
 11.0500    1    5.100   1.0000          evt1
 16.1500    0    1.700   1.0000          NULL 
 17.8500    1    5.100   1.0000          evt1
 22.9500    6    5.100   1.0000          evt6
 28.0500    0    1.700   1.0000          NULL 
 29.7500    3    5.100   1.0000          evt3
 34.8500    6    5.100   1.0000          evt6
 39.9500    0    1.700   1.0000          NULL 
 41.6500    3    5.100   1.0000          evt3
 46.7500    0    0.850   1.0000          NULL 
 47.6000    4    5.100   1.0000          evt4
 52.7000    0    4.250   1.0000          NULL 
 56.9500    6    5.100   1.0000          evt6
 62.0500    0    0.850   1.0000          NULL 
 62.9000    5    5.100   1.0000          evt5
 68.0000    0    1.700   1.0000          NULL 
 69.7000    2    5.100   1.0000          evt2
 74.8000    6    5.100   1.0000          evt6
 79.9000    0    5.100   1.0000          NULL 
 85.0000    1    5.100   1.0000          evt1
 90.1000    1    5.100   1.0000          evt1
 95.2000    2    5.100   1.0000          evt2
100.3000    0   10.200   1.0000          NULL 
110.4999    4    5.100   1.0000          evt4
115.5999    4    5.100   1.0000          evt4
120.6999    0    0.850   1.0000          NULL 
121.5499    5    5.100   1.0000          evt5
126.6499    0    0.850   1.0000          NULL 
127.4999    3    5.100   1.0000          evt3
132.5999    0    1.700   1.0000          NULL 
134.3000    4    5.100   1.0000          evt4
139.4000    0    1.700   1.0000          NULL 
141.1000    3    5.100   1.0000          evt3
146.2000    0    3.400   1.0000          NULL 
149.6000    1    5.100   1.0000          evt1
154.7000    0    0.850   1.0000          NULL 
155.5500    3    5.100   1.0000          evt3
160.6500    0    2.550   1.0000          NULL 
163.2000    1    5.100   1.0000          evt1
168.3000    0    5.100   1.0000          NULL 
173.4001    3    5.100   1.0000          evt3
178.5001    0    0.850   1.0000          NULL 
179.3501    3    5.100   1.0000          evt3
184.4501    0    0.850   1.0000          NULL 
185.3001    3    5.100   1.0000          evt3
190.4001    0    1.700   1.0000          NULL 
192.1001    6    5.100   1.0000          evt6
197.2001    0    1.700   1.0000          NULL 
198.9001    1    5.100   1.0000          evt1
204.0002    0    0.850   1.0000          NULL 
204.8502    2    5.100   1.0000          evt2
209.9502    6    5.100   1.0000          evt6
215.0502    6    5.100   1.0000          evt6
220.1502    0    4.250   1.0000          NULL 
224.4002    6    5.100   1.0000          evt6
229.5002    0    4.250   1.0000          NULL 
233.7502    5    5.100   1.0000          evt5
238.8503    0    0.850   1.0000          NULL 
239.7003    1    5.100   1.0000          evt1
244.8003    0    0.850   1.0000          NULL 
245.6503    4    5.100   1.0000          evt4
250.7503    1    5.100   1.0000          evt1
255.8503    0    2.550   1.0000          NULL 
258.4003    4    5.100   1.0000          evt4
263.5003    1    5.100   1.0000          evt1
268.6003    0    0.850   1.0000          NULL 
269.4503    1    5.100   1.0000          evt1
274.5503    0    1.700   1.0000          NULL 
276.2503    6    5.100   1.0000          evt6
281.3503    5    5.100   1.0000          evt5
286.4503    0    0.850   1.0000          NULL 
287.3004    2    5.100   1.0000          evt2
292.4004    0    0.850   1.0000          NULL 
293.2504    4    5.100   1.0000          evt4
298.3504    0    1.700   1.0000          NULL 
300.0504    4    5.100   1.0000          evt4
305.1504    0    1.700   1.0000          NULL 
306.8504    2    5.100   1.0000          evt2
311.9504    4    5.100   1.0000          evt4
317.0504    3    5.100   1.0000          evt3
322.1504    0    5.100   1.0000          NULL 
327.2505    5    5.100   1.0000          evt5
332.3505    0    1.700   1.0000          NULL 
334.0505    4    5.100   1.0000          evt4
339.1505    3    5.100   1.0000          evt3
344.2505    3    5.100   1.0000          evt3
349.3505    0    3.400   1.0000          NULL 
352.7505    4    5.100   1.0000          evt4
357.8505    0    2.549   1.0000          NULL 
