  0.0000    4    5.100   1.0000          evt4
  5.1000    0    1.700   1.0000          NULL 
  6.8000    1    5.100   1.0000          evt1
 11.9000    0    0.850   1.0000          NULL 
 12.7500    3    5.100   1.0000          evt3
 17.8500    4    5.100   1.0000          evt4
 22.9500    0    1.700   1.0000          NULL 
 24.6500    1    5.100   1.0000          evt1
 29.7500    0    1.700   1.0000          NULL 
 31.4500    3    5.100   1.0000          evt3
 36.5500    0    0.850   1.0000          NULL 
 37.4000    4    5.100   1.0000          evt4
 42.5000    0    1.700   1.0000          NULL 
 44.2000    3    5.100   1.0000          evt3
 49.3000    0    4.250   1.0000          NULL 
 53.5500    2    5.100   1.0000          evt2
 58.6500    3    5.100   1.0000          evt3
 63.7500    4    5.100   1.0000          evt4
 68.8500    1    5.100   1.0000          evt1
 73.9500    0    1.700   1.0000          NULL 
 75.6500    4    5.100   1.0000          evt4
 80.7500    5    5.100   1.0000          evt5
 85.8500    0    0.850   1.0000          NULL 
 86.7000    6    5.100   1.0000          evt6
 91.8000    4    5.100   1.0000          evt4
 96.9000    6    5.100   1.0000          evt6
102.0000    0    4.250   1.0000          NULL 
106.2500    2    5.100   1.0000          evt2
111.3500    0    0.850   1.0000          NULL 
112.2000    1    5.100   1.0000          evt1
117.3000    0    0.850   1.0000          NULL 
118.1500    1    5.100   1.0000          evt1
123.2500    4    5.100   1.0000          evt4
128.3500    5    5.100   1.0000          evt5
133.4500    0    1.700   1.0000          NULL 
135.1500    1    5.100   1.0000          evt1
140.2500    4    5.100   1.0000          evt4
145.3500    0    0.850   1.0000          NULL 
146.2000    3    5.100   1.0000          evt3
151.3000    0    0.850   1.0000          NULL 
152.1500    6    5.100   1.0000          evt6
157.2500    0    1.700   1.0000          NULL 
158.9500    6    5.100   1.0000          evt6
164.0500    4    5.100   1.0000          evt4
169.1500    0    9.350   1.0000          NULL 
178.5001    3    5.100   1.0000          evt3
183.6001    4    5.100   1.0000          evt4
188.7001    0    3.400   1.0000          NULL 
192.1001    1    5.100   1.0000          evt1
197.2001    6    5.100   1.0000          evt6
202.3002    6    5.100   1.0000          evt6
207.4002    0    0.850   1.0000          NULL 
208.2502    6    5.100   1.0000          evt6
213.3502    0    4.250   1.0000          NULL 
217.6002    3    5.100   1.0000          evt3
222.7002    3    5.100   1.0000          evt3
227.8002    0    5.100   1.0000          NULL 
232.9003    3    5.100   1.0000          evt3
238.0003    0    4.250   1.0000          NULL 
242.2503    5    5.100   1.0000          evt5
247.3503    1    5.100   1.0000          evt1
252.4503    2    5.100   1.0000          evt2
257.5503    0    5.100   1.0000          NULL 
262.6503    5    5.100   1.0000          evt5
267.7503    0    1.700   1.0000          NULL 
269.4503    6    5.100   1.0000          evt6
274.5504    0    1.700   1.0000          NULL 
276.2504    2    5.100   1.0000          evt2
281.3504    0    2.550   1.0000          NULL 
283.9004    2    5.100   1.0000          evt2
289.0004    0    3.400   1.0000          NULL 
292.4004    5    5.100   1.0000          evt5
297.5004    3    5.100   1.0000          evt3
302.6004    6    5.100   1.0000          evt6
307.7004    0    5.100   1.0000          NULL 
312.8005    6    5.100   1.0000          evt6
317.9005    0    5.950   1.0000          NULL 
323.8505    1    5.100   1.0000          evt1
328.9505    6    5.100   1.0000          evt6
334.0505    1    5.100   1.0000          evt1
339.1505    0    1.700   1.0000          NULL 
340.8506    3    5.100   1.0000          evt3
345.9506    0    0.850   1.0000          NULL 
346.8006    4    5.100   1.0000          evt4
351.9006    0    3.400   1.0000          NULL 
355.3006    1    5.100   1.0000          evt1
