  0.0000    1    5.100   1.0000          evt1
  5.1000    3    5.100   1.0000          evt3
 10.2000    0    0.850   1.0000          NULL 
 11.0500    1    5.100   1.0000          evt1
 16.1500    1    5.100   1.0000          evt1
 21.2500    0    5.950   1.0000          NULL 
 27.2000    4    5.100   1.0000          evt4
 32.3000    0    0.850   1.0000          NULL 
 33.1500    1    5.100   1.0000          evt1
 38.2500    1    5.100   1.0000          evt1
 43.3500    0    5.100   1.0000          NULL 
 48.4500    3    5.100   1.0000          evt3
 53.5500    5    5.100   1.0000          evt5
 58.6500    0    1.700   1.0000          NULL 
 60.3500    4    5.100   1.0000          evt4
 65.4500    6    5.100   1.0000          evt6
 70.5500    4    5.100   1.0000          evt4
 75.6500    0    2.550   1.0000          NULL 
 78.2000    2    5.100   1.0000          evt2
 83.3000    5    5.100   1.0000          evt5
 88.4000    5    5.100   1.0000          evt5
 93.5000    0    0.850   1.0000          NULL 
 94.3500    6    5.100   1.0000          evt6
 99.4500    0   10.200   1.0000          NULL 
109.6499    2    5.100   1.0000          evt2
114.7499    6    5.100   1.0000          evt6
119.8499    0    3.400   1.0000          NULL 
123.2499    4    5.100   1.0000          evt4
128.3499    0    4.250   1.0000          NULL 
132.6000    3    5.100   1.0000          evt3
137.7000    0   10.200   1.0000          NULL 
147.9001    4    5.100   1.0000          evt4
153.0001    0    2.550   1.0000          NULL 
155.5501    1    5.100   1.0000          evt1
160.6501    0    0.850   1.0000          NULL 
161.5001    1    5.100   1.0000          evt1
166.6001    0    0.850   1.0000          NULL 
167.4501    6    5.100   1.0000          evt6
172.5501    4    5.100   1.0000          evt4
177.6501    3    5.100   1.0000          evt3
182.7501    0    3.400   1.0000          NULL 
186.1501    5    5.100   1.0000          evt5
191.2502    6    5.100   1.0000          evt6
196.3502    0    0.850   1.0000          NULL 
197.2002    3    5.100   1.0000          evt3
202.3002    6    5.100   1.0000          evt6
207.4002    0    2.550   1.0000          NULL 
209.9502    1    5.100   1.0000          evt1
215.0502    0    1.700   1.0000          NULL 
216.7502    4    5.100   1.0000          evt4
221.8502    0    2.550   1.0000          NULL 
224.4002    3    5.100   1.0000          evt3
229.5002    0    1.700   1.0000          NULL 
231.2003    6    5.100   1.0000          evt6
236.3003    0    1.700   1.0000          NULL 
238.0003    6    5.100   1.0000          evt6
243.1003    4    5.100   1.0000          evt4
248.2003    4    5.100   1.0000          evt4
253.3003    6    5.100   1.0000          evt6
258.4003    0    0.850   1.0000          NULL 
259.2503    2    5.100   1.0000          evt2
264.3503    0    0.850   1.0000          NULL 
265.2003    1    5.100   1.0000          evt1
270.3003    0    1.700   1.0000          NULL 
272.0003    6    5.100   1.0000          evt6
277.1003    0    8.500   1.0000          NULL 
285.6004    4    5.100   1.0000          evt4
290.7004    0    2.550   1.0000          NULL 
293.2504    4    5.100   1.0000          evt4
298.3504    5    5.100   1.0000          evt5
303.4504    0    0.850   1.0000          NULL 
304.3004    3    5.100   1.0000          evt3
309.4005    0    1.700   1.0000          NULL 
311.1005    3    5.100   1.0000          evt3
316.2005    0    0.850   1.0000          NULL 
317.0505    2    5.100   1.0000          evt2
322.1505    2    5.100   1.0000          evt2
327.2505    1    5.100   1.0000          evt1
332.3505    3    5.100   1.0000          evt3
337.4505    0    0.850   1.0000          NULL 
338.3005    1    5.100   1.0000          evt1
343.4005    6    5.100   1.0000          evt6
348.5005    3    5.100   1.0000          evt3
353.6005    3    5.100   1.0000          evt3
358.7005    0    1.699   1.0000          NULL 
