  0.0000    1    5.100   1.0000          evt1
  5.1000    0    0.850   1.0000          NULL 
  5.9500    3    5.100   1.0000          evt3
 11.0500    0    0.850   1.0000          NULL 
 11.9000    2    5.100   1.0000          evt2
 17.0000    0    1.700   1.0000          NULL 
 18.7000    3    5.100   1.0000          evt3
 23.8000    0    3.400   1.0000          NULL 
 27.2000    1    5.100   1.0000          evt1
 32.3000    0    1.700   1.0000          NULL 
 34.0000    3    5.100   1.0000          evt3
 39.1000    0    0.850   1.0000          NULL 
 39.9500    1    5.100   1.0000          evt1
 45.0500    0    1.700   1.0000          NULL 
 46.7500    1    5.100   1.0000          evt1
 51.8500    0    0.850   1.0000          NULL 
 52.7000    3    5.100   1.0000          evt3
 57.8000    0    0.850   1.0000          NULL 
 58.6500    4    5.100   1.0000          evt4
 63.7500    0    4.250   1.0000          NULL 
 68.0000    5    5.100   1.0000          evt5
 73.1000    0    1.700   1.0000          NULL 
 74.8000    5    5.100   1.0000          evt5
 79.9000    0    0.850   1.0000          NULL 
 80.7500    2    5.100   1.0000          evt2
 85.8500    0    0.850   1.0000          NULL 
 86.7000    6    5.100   1.0000          evt6
 91.8000    0    0.850   1.0000          NULL 
 92.6500    1    5.100   1.0000          evt1
 97.7500    0    0.850   1.0000          NULL 
 98.6000    4    5.100   1.0000          evt4
103.7000    0    4.250   1.0000          NULL 
107.9500    4    5.100   1.0000          evt4
113.0499    0    0.850   1.0000          NULL 
113.8999    2    5.100   1.0000          evt2
118.9999    0    0.850   1.0000          NULL 
119.8499    1    5.100   1.0000          evt1
124.9499    0    3.400   1.0000          NULL 
128.3499    3    5.100   1.0000          evt3
133.4500    0    0.850   1.0000          NULL 
134.3000    1    5.100   1.0000          evt1
139.4000    0    0.850   1.0000          NULL 
140.2500    1    5.100   1.0000          evt1
145.3500    0    1.700   1.0000          NULL 
147.0500    3    5.100   1.0000          evt3
152.1500    0    3.400   1.0000          NULL 
155.5500    5    5.100   1.0000          evt5
160.6500    0    0.850   1.0000          NULL 
161.5000    4    5.100   1.0000          evt4
166.6000    0    3.400   1.0000          NULL 
170.0001    1    5.100   1.0000          evt1
175.1001    0    0.850   1.0000          NULL 
175.9501    5    5.100   1.0000          evt5
181.0501    0    2.550   1.0000          NULL 
183.6001    3    5.100   1.0000          evt3
188.7001    0    0.850   1.0000          NULL 
189.5501    6    5.100   1.0000          evt6
194.6501    0    0.850   1.0000          NULL 
195.5001    3    5.100   1.0000          evt3
200.6001    0    2.550   1.0000          NULL 
203.1501    6    5.100   1.0000          evt6
208.2502    0    0.850   1.0000          NULL 
209.1002    6    5.100   1.0000          evt6
214.2002    0    0.850   1.0000          NULL 
215.0502    4    5.100   1.0000          evt4
220.1502    0    0.850   1.0000          NULL 
221.0002    6    5.100   1.0000          evt6
226.1002    0    2.550   1.0000          NULL 
228.6502    3    5.100   1.0000          evt3
233.7502    0    0.850   1.0000          NULL 
234.6002    2    5.100   1.0000          evt2
239.7002    0    0.850   1.0000          NULL 
240.5502    6    5.100   1.0000          evt6
245.6502    0    0.850   1.0000          NULL 
246.5002    5    5.100   1.0000          evt5
251.6003    0    0.850   1.0000          NULL 
252.4503    3    5.100   1.0000          evt3
257.5503    0    0.850   1.0000          NULL 
258.4003    4    5.100   1.0000          evt4
263.5003    0    0.850   1.0000          NULL 
264.3503    2    5.100   1.0000          evt2
269.4503    0    1.700   1.0000          NULL 
271.1503    4    5.100   1.0000          evt4
276.2503    0    0.850   1.0000          NULL 
277.1003    4    5.100   1.0000          evt4
282.2003    0    0.850   1.0000          NULL 
283.0503    4    5.100   1.0000          evt4
288.1503    0    3.400   1.0000          NULL 
291.5504    1    5.100   1.0000          evt1
296.6504    0    0.850   1.0000          NULL 
297.5004    4    5.100   1.0000          evt4
302.6004    0    3.400   1.0000          NULL 
306.0004    6    5.100   1.0000          evt6
311.1004    0    1.700   1.0000          NULL 
312.8004    6    5.100   1.0000          evt6
317.9004    0    0.850   1.0000          NULL 
318.7504    6    5.100   1.0000          evt6
323.8504    0    0.850   1.0000          NULL 
324.7004    1    5.100   1.0000          evt1
329.8004    0    1.700   1.0000          NULL 
331.5005    3    5.100   1.0000          evt3
336.6005    0    1.700   1.0000          NULL 
338.3005    4    5.100   1.0000          evt4
343.4005    0    0.850   1.0000          NULL 
344.2505    6    5.100   1.0000          evt6
349.3505    0    0.850   1.0000          NULL 
350.2005    6    5.100   1.0000          evt6
355.3005    0    5.100   1.0000          NULL 
