  0.0000    2    5.100   1.0000          evt2
  5.1000    0    0.850   1.0000          NULL 
  5.9500    4    5.100   1.0000          evt4
 11.0500    0    1.700   1.0000          NULL 
 12.7500    2    5.100   1.0000          evt2
 17.8500    0    0.850   1.0000          NULL 
 18.7000    5    5.100   1.0000          evt5
 23.8000    0    2.550   1.0000          NULL 
 26.3500    1    5.100   1.0000          evt1
 31.4500    0    3.400   1.0000          NULL 
 34.8500    1    5.100   1.0000          evt1
 39.9500    0    0.850   1.0000          NULL 
 40.8000    6    5.100   1.0000          evt6
 45.9000    0    0.850   1.0000          NULL 
 46.7500    3    5.100   1.0000          evt3
 51.8500    0    1.700   1.0000          NULL 
 53.5500    6    5.100   1.0000          evt6
 58.6500    0    0.850   1.0000          NULL 
 59.5000    1    5.100   1.0000          evt1
 64.6000    0    0.850   1.0000          NULL 
 65.4500    4    5.100   1.0000          evt4
 70.5500    0    0.850   1.0000          NULL 
 71.4000    6    5.100   1.0000          evt6
 76.5000    0    2.550   1.0000          NULL 
 79.0500    5    5.100   1.0000          evt5
 84.1500    0    1.700   1.0000          NULL 
 85.8500    4    5.100   1.0000          evt4
 90.9500    0    0.850   1.0000          NULL 
 91.8000    1    5.100   1.0000          evt1
 96.9000    0    0.850   1.0000          NULL 
 97.7500    1    5.100   1.0000          evt1
102.8500    0    0.850   1.0000          NULL 
103.7000    4    5.100   1.0000          evt4
108.8000    0    0.850   1.0000          NULL 
109.6500    3    5.100   1.0000          evt3
114.7500    0    5.100   1.0000          NULL 
119.8499    3    5.100   1.0000          evt3
124.9499    0    0.850   1.0000          NULL 
125.7999    3    5.100   1.0000          evt3
130.8999    0    0.850   1.0000          NULL 
131.7500    1    5.100   1.0000          evt1
136.8500    0    0.850   1.0000          NULL 
137.7000    3    5.100   1.0000          evt3
142.8000    0    1.700   1.0000          NULL 
144.5000    6    5.100   1.0000          evt6
149.6000    0    0.850   1.0000          NULL 
150.4500    1    5.100   1.0000          evt1
155.5500    0    5.100   1.0000          NULL 
160.6500    5    5.100   1.0000          evt5
165.7500    0    0.850   1.0000          NULL 
166.6001    4    5.100   1.0000          evt4
171.7001    0    0.850   1.0000          NULL 
172.5501    3    5.100   1.0000          evt3
177.6501    0    0.850   1.0000          NULL 
178.5001    3    5.100   1.0000          evt3
183.6001    0    0.850   1.0000          NULL 
184.4501    3    5.100   1.0000          evt3
189.5501    0    0.850   1.0000          NULL 
190.4001    6    5.100   1.0000          evt6
195.5001    0    1.700   1.0000          NULL 
197.2001    2    5.100   1.0000          evt2
202.3001    0    0.850   1.0000          NULL 
203.1501    6    5.100   1.0000          evt6
208.2501    0    1.700   1.0000          NULL 
209.9501    6    5.100   1.0000          evt6
215.0502    0    2.550   1.0000          NULL 
217.6002    6    5.100   1.0000          evt6
222.7002    0    0.850   1.0000          NULL 
223.5502    1    5.100   1.0000          evt1
228.6502    0    0.850   1.0000          NULL 
229.5002    1    5.100   1.0000          evt1
234.6002    0    1.700   1.0000          NULL 
236.3002    6    5.100   1.0000          evt6
241.4002    0    0.850   1.0000          NULL 
242.2502    4    5.100   1.0000          evt4
247.3502    0    3.400   1.0000          NULL 
250.7503    1    5.100   1.0000          evt1
255.8503    0    2.550   1.0000          NULL 
258.4003    3    5.100   1.0000          evt3
263.5003    0    3.400   1.0000          NULL 
266.9003    4    5.100   1.0000          evt4
272.0003    0    2.550   1.0000          NULL 
274.5503    6    5.100   1.0000          evt6
279.6503    0    1.700   1.0000          NULL 
281.3503    5    5.100   1.0000          evt5
286.4503    0    3.400   1.0000          NULL 
289.8504    1    5.100   1.0000          evt1
294.9504    0    0.850   1.0000          NULL 
295.8004    4    5.100   1.0000          evt4
300.9004    0    0.850   1.0000          NULL 
301.7504    4    5.100   1.0000          evt4
306.8504    0    1.700   1.0000          NULL 
308.5504    4    5.100   1.0000          evt4
313.6504    0    3.400   1.0000          NULL 
317.0504    5    5.100   1.0000          evt5
322.1505    0    0.850   1.0000          NULL 
323.0005    3    5.100   1.0000          evt3
328.1005    0    0.850   1.0000          NULL 
328.9505    3    5.100   1.0000          evt3
334.0505    0    0.850   1.0000          NULL 
334.9005    4    5.100   1.0000          evt4
340.0005    0    1.700   1.0000          NULL 
341.7005    2    5.100   1.0000          evt2
346.8005    0    0.850   1.0000          NULL 
347.6505    6    5.100   1.0000          evt6
352.7505    0    1.700   1.0000          NULL 
354.4505    2    5.100   1.0000          evt2
359.5505    0    0.849   1.0000          NULL 
