  0.0000    4    5.100   1.0000          evt4
  5.1000    0    0.850   1.0000          NULL 
  5.9500    6    5.100   1.0000          evt6
 11.0500    0    1.700   1.0000          NULL 
 12.7500    2    5.100   1.0000          evt2
 17.8500    0    0.850   1.0000          NULL 
 18.7000    4    5.100   1.0000          evt4
 23.8000    0    1.700   1.0000          NULL 
 25.5000    4    5.100   1.0000          evt4
 30.6000    0    0.850   1.0000          NULL 
 31.4500    1    5.100   1.0000          evt1
 36.5500    0    1.700   1.0000          NULL 
 38.2500    2    5.100   1.0000          evt2
 43.3500    0    0.850   1.0000          NULL 
 44.2000    3    5.100   1.0000          evt3
 49.3000    0    0.850   1.0000          NULL 
 50.1500    4    5.100   1.0000          evt4
 55.2500    0    1.700   1.0000          NULL 
 56.9500    3    5.100   1.0000          evt3
 62.0500    0    0.850   1.0000          NULL 
 62.9000    6    5.100   1.0000          evt6
 68.0000    0    0.850   1.0000          NULL 
 68.8500    3    5.100   1.0000          evt3
 73.9500    0    0.850   1.0000          NULL 
 74.8000    2    5.100   1.0000          evt2
 79.9000    0    1.700   1.0000          NULL 
 81.6000    5    5.100   1.0000          evt5
 86.7000    0    2.550   1.0000          NULL 
 89.2500    5    5.100   1.0000          evt5
 94.3500    0    1.700   1.0000          NULL 
 96.0500    3    5.100   1.0000          evt3
101.1500    0    0.850   1.0000          NULL 
102.0000    6    5.100   1.0000          evt6
107.1000    0    0.850   1.0000          NULL 
107.9500    3    5.100   1.0000          evt3
113.0500    0    2.550   1.0000          NULL 
115.6000    3    5.100   1.0000          evt3
120.7000    0    0.850   1.0000          NULL 
121.5499    1    5.100   1.0000          evt1
126.6499    0    1.700   1.0000          NULL 
128.3499    5    5.100   1.0000          evt5
133.4500    0    1.700   1.0000          NULL 
135.1500    2    5.100   1.0000          evt2
140.2500    0    3.400   1.0000          NULL 
143.6500    5    5.100   1.0000          evt5
148.7500    0    0.850   1.0000          NULL 
149.6000    1    5.100   1.0000          evt1
154.7000    0    0.850   1.0000          NULL 
155.5500    4    5.100   1.0000          evt4
160.6500    0    1.700   1.0000          NULL 
162.3500    3    5.100   1.0000          evt3
167.4500    0    1.700   1.0000          NULL 
169.1501    3    5.100   1.0000          evt3
174.2501    0    0.850   1.0000          NULL 
175.1001    1    5.100   1.0000          evt1
180.2001    0    0.850   1.0000          NULL 
181.0501    6    5.100   1.0000          evt6
186.1501    0    1.700   1.0000          NULL 
187.8501    6    5.100   1.0000          evt6
192.9501    0    0.850   1.0000          NULL 
193.8001    4    5.100   1.0000          evt4
198.9001    0    0.850   1.0000          NULL 
199.7501    1    5.100   1.0000          evt1
204.8501    0    0.850   1.0000          NULL 
205.7001    4    5.100   1.0000          evt4
210.8001    0    0.850   1.0000          NULL 
211.6501    1    5.100   1.0000          evt1
216.7502    0    0.850   1.0000          NULL 
217.6002    6    5.100   1.0000          evt6
222.7002    0    3.400   1.0000          NULL 
226.1002    1    5.100   1.0000          evt1
231.2002    0    2.550   1.0000          NULL 
233.7502    1    5.100   1.0000          evt1
238.8502    0    0.850   1.0000          NULL 
239.7002    1    5.100   1.0000          evt1
244.8002    0    0.850   1.0000          NULL 
245.6502    6    5.100   1.0000          evt6
250.7502    0    1.700   1.0000          NULL 
252.4503    4    5.100   1.0000          evt4
257.5503    0    1.700   1.0000          NULL 
259.2503    4    5.100   1.0000          evt4
264.3503    0    0.850   1.0000          NULL 
265.2003    6    5.100   1.0000          evt6
270.3003    0    0.850   1.0000          NULL 
271.1503    3    5.100   1.0000          evt3
276.2503    0    2.550   1.0000          NULL 
278.8003    1    5.100   1.0000          evt1
283.9003    0    2.550   1.0000          NULL 
286.4503    3    5.100   1.0000          evt3
291.5504    0    0.850   1.0000          NULL 
292.4004    6    5.100   1.0000          evt6
297.5004    0    0.850   1.0000          NULL 
298.3504    6    5.100   1.0000          evt6
303.4504    0    1.700   1.0000          NULL 
305.1504    5    5.100   1.0000          evt5
310.2504    0    2.550   1.0000          NULL 
312.8004    4    5.100   1.0000          evt4
317.9004    0    0.850   1.0000          NULL 
318.7504    6    5.100   1.0000          evt6
323.8504    0    4.250   1.0000          NULL 
328.1005    3    5.100   1.0000          evt3
333.2005    0    2.550   1.0000          NULL 
335.7505    2    5.100   1.0000          evt2
340.8505    0    4.250   1.0000          NULL 
345.1005    4    5.100   1.0000          evt4
350.2005    0    3.400   1.0000          NULL 
353.6006    1    5.100   1.0000          evt1
358.7006    0    1.699   1.0000          NULL 
