  0.0000    1    5.100   1.0000          evt1
  5.1000    0    1.700   1.0000          NULL 
  6.8000    4    5.100   1.0000          evt4
 11.9000    0    0.850   1.0000          NULL 
 12.7500    4    5.100   1.0000          evt4
 17.8500    0    0.850   1.0000          NULL 
 18.7000    5    5.100   1.0000          evt5
 23.8000    0    0.850   1.0000          NULL 
 24.6500    3    5.100   1.0000          evt3
 29.7500    0    5.100   1.0000          NULL 
 34.8500    6    5.100   1.0000          evt6
 39.9500    0    0.850   1.0000          NULL 
 40.8000    6    5.100   1.0000          evt6
 45.9000    0    0.850   1.0000          NULL 
 46.7500    1    5.100   1.0000          evt1
 51.8500    0    2.550   1.0000          NULL 
 54.4000    3    5.100   1.0000          evt3
 59.5000    0    0.850   1.0000          NULL 
 60.3500    4    5.100   1.0000          evt4
 65.4500    0    2.550   1.0000          NULL 
 68.0000    6    5.100   1.0000          evt6
 73.1000    0    1.700   1.0000          NULL 
 74.8000    1    5.100   1.0000          evt1
 79.9000    0    0.850   1.0000          NULL 
 80.7500    4    5.100   1.0000          evt4
 85.8500    0    2.550   1.0000          NULL 
 88.4000    3    5.100   1.0000          evt3
 93.5000    0    0.850   1.0000          NULL 
 94.3500    5    5.100   1.0000          evt5
 99.4500    0    0.850   1.0000          NULL 
100.3000    4    5.100   1.0000          evt4
105.4000    0    0.850   1.0000          NULL 
106.2500    2    5.100   1.0000          evt2
111.3500    0    1.700   1.0000          NULL 
113.0499    3    5.100   1.0000          evt3
118.1499    0    0.850   1.0000          NULL 
118.9999    1    5.100   1.0000          evt1
124.0999    0    3.400   1.0000          NULL 
127.4999    1    5.100   1.0000          evt1
132.5999    0    1.700   1.0000          NULL 
134.3000    6    5.100   1.0000          evt6
139.4000    0    0.850   1.0000          NULL 
140.2500    3    5.100   1.0000          evt3
145.3500    0    0.850   1.0000          NULL 
146.2000    2    5.100   1.0000          evt2
151.3000    0    1.700   1.0000          NULL 
153.0000    4    5.100   1.0000          evt4
158.1000    0    0.850   1.0000          NULL 
158.9500    5    5.100   1.0000          evt5
164.0500    0    5.950   1.0000          NULL 
170.0001    5    5.100   1.0000          evt5
175.1001    0    2.550   1.0000          NULL 
177.6501    1    5.100   1.0000          evt1
182.7501    0    0.850   1.0000          NULL 
183.6001    5    5.100   1.0000          evt5
188.7001    0    1.700   1.0000          NULL 
190.4001    4    5.100   1.0000          evt4
195.5001    0    1.700   1.0000          NULL 
197.2001    6    5.100   1.0000          evt6
202.3001    0    1.700   1.0000          NULL 
204.0002    6    5.100   1.0000          evt6
209.1002    0    1.700   1.0000          NULL 
210.8002    4    5.100   1.0000          evt4
215.9002    0    0.850   1.0000          NULL 
216.7502    3    5.100   1.0000          evt3
221.8502    0    2.550   1.0000          NULL 
224.4002    6    5.100   1.0000          evt6
229.5002    0    1.700   1.0000          NULL 
231.2002    4    5.100   1.0000          evt4
236.3002    0    0.850   1.0000          NULL 
237.1502    4    5.100   1.0000          evt4
242.2502    0    0.850   1.0000          NULL 
243.1003    2    5.100   1.0000          evt2
248.2003    0    2.550   1.0000          NULL 
250.7503    1    5.100   1.0000          evt1
255.8503    0    0.850   1.0000          NULL 
256.7003    3    5.100   1.0000          evt3
261.8003    0    0.850   1.0000          NULL 
262.6503    2    5.100   1.0000          evt2
267.7503    0    0.850   1.0000          NULL 
268.6003    6    5.100   1.0000          evt6
273.7003    0    0.850   1.0000          NULL 
274.5503    1    5.100   1.0000          evt1
279.6503    0    1.700   1.0000          NULL 
281.3503    6    5.100   1.0000          evt6
286.4503    0    2.550   1.0000          NULL 
289.0004    2    5.100   1.0000          evt2
294.1004    0    0.850   1.0000          NULL 
294.9504    1    5.100   1.0000          evt1
300.0504    0    0.850   1.0000          NULL 
300.9004    4    5.100   1.0000          evt4
306.0004    0    1.700   1.0000          NULL 
307.7004    3    5.100   1.0000          evt3
312.8004    0    2.550   1.0000          NULL 
315.3504    1    5.100   1.0000          evt1
320.4504    0    2.550   1.0000          NULL 
323.0005    1    5.100   1.0000          evt1
328.1005    0    0.850   1.0000          NULL 
328.9505    6    5.100   1.0000          evt6
334.0505    0    0.850   1.0000          NULL 
334.9005    3    5.100   1.0000          evt3
340.0005    0    0.850   1.0000          NULL 
340.8505    6    5.100   1.0000          evt6
345.9505    0    1.700   1.0000          NULL 
347.6505    3    5.100   1.0000          evt3
352.7505    0    0.850   1.0000          NULL 
353.6005    3    5.100   1.0000          evt3
358.7005    0    1.699   1.0000          NULL 
