  0.0000    3    5.100   1.0000          evt3
  5.1000    3    5.100   1.0000          evt3
 10.2000    0    2.550   1.0000          NULL 
 12.7500    2    5.100   1.0000          evt2
 17.8500    0    0.850   1.0000          NULL 
 18.7000    3    5.100   1.0000          evt3
 23.8000    5    5.100   1.0000          evt5
 28.9000    0    2.550   1.0000          NULL 
 31.4500    3    5.100   1.0000          evt3
 36.5500    0    5.100   1.0000          NULL 
 41.6500    3    5.100   1.0000          evt3
 46.7500    0    1.700   1.0000          NULL 
 48.4500    4    5.100   1.0000          evt4
 53.5500    0    2.550   1.0000          NULL 
 56.1000    6    5.100   1.0000          evt6
 61.2000    0    0.850   1.0000          NULL 
 62.0500    4    5.100   1.0000          evt4
 67.1500    0    0.850   1.0000          NULL 
 68.0000    4    5.100   1.0000          evt4
 73.1000    6    5.100   1.0000          evt6
 78.2000    5    5.100   1.0000          evt5
 83.3000    0    3.400   1.0000          NULL 
 86.7000    1    5.100   1.0000          evt1
 91.8000    0    2.550   1.0000          NULL 
 94.3500    3    5.100   1.0000          evt3
 99.4500    0    1.700   1.0000          NULL 
101.1500    6    5.100   1.0000          evt6
106.2500    3    5.100   1.0000          evt3
111.3500    0    0.850   1.0000          NULL 
112.2000    1    5.100   1.0000          evt1
117.2999    1    5.100   1.0000          evt1
122.3999    0    1.700   1.0000          NULL 
124.0999    4    5.100   1.0000          evt4
129.2000    0    2.550   1.0000          NULL 
131.7500    6    5.100   1.0000          evt6
136.8500    0    1.700   1.0000          NULL 
138.5500    1    5.100   1.0000          evt1
143.6500    4    5.100   1.0000          evt4
148.7500    0    0.850   1.0000          NULL 
149.6000    1    5.100   1.0000          evt1
154.7000    0    2.550   1.0000          NULL 
157.2500    1    5.100   1.0000          evt1
162.3500    0    4.250   1.0000          NULL 
166.6001    4    5.100   1.0000          evt4
171.7001    4    5.100   1.0000          evt4
176.8001    0    0.850   1.0000          NULL 
177.6501    1    5.100   1.0000          evt1
182.7501    0    0.850   1.0000          NULL 
183.6001    2    5.100   1.0000          evt2
188.7001    0    0.850   1.0000          NULL 
189.5501    2    5.100   1.0000          evt2
194.6501    0    1.700   1.0000          NULL 
196.3501    5    5.100   1.0000          evt5
201.4501    3    5.100   1.0000          evt3
206.5501    0    3.400   1.0000          NULL 
209.9502    1    5.100   1.0000          evt1
215.0502    0    2.550   1.0000          NULL 
217.6002    5    5.100   1.0000          evt5
222.7002    0    5.100   1.0000          NULL 
227.8002    4    5.100   1.0000          evt4
232.9002    3    5.100   1.0000          evt3
238.0002    0    0.850   1.0000          NULL 
238.8503    6    5.100   1.0000          evt6
243.9503    6    5.100   1.0000          evt6
249.0503    0    3.400   1.0000          NULL 
252.4503    3    5.100   1.0000          evt3
257.5503    0    1.700   1.0000          NULL 
259.2503    2    5.100   1.0000          evt2
264.3503    0    1.700   1.0000          NULL 
266.0503    2    5.100   1.0000          evt2
271.1503    0    0.850   1.0000          NULL 
272.0003    6    5.100   1.0000          evt6
277.1003    0    4.250   1.0000          NULL 
281.3504    6    5.100   1.0000          evt6
286.4504    6    5.100   1.0000          evt6
291.5504    0    0.850   1.0000          NULL 
292.4004    3    5.100   1.0000          evt3
297.5004    0    0.850   1.0000          NULL 
298.3504    1    5.100   1.0000          evt1
303.4504    1    5.100   1.0000          evt1
308.5504    6    5.100   1.0000          evt6
313.6504    4    5.100   1.0000          evt4
318.7504    0    2.550   1.0000          NULL 
321.3004    4    5.100   1.0000          evt4
326.4005    0    1.700   1.0000          NULL 
328.1005    5    5.100   1.0000          evt5
333.2005    0    0.850   1.0000          NULL 
334.0505    4    5.100   1.0000          evt4
339.1505    0    7.650   1.0000          NULL 
346.8005    6    5.100   1.0000          evt6
351.9005    1    5.100   1.0000          evt1
357.0005    0    3.399   1.0000          NULL 
