  0.0000    1    5.100   1.0000          evt1
  5.1000    0    0.850   1.0000          NULL 
  5.9500    3    5.100   1.0000          evt3
 11.0500    1    5.100   1.0000          evt1
 16.1500    0    0.850   1.0000          NULL 
 17.0000    6    5.100   1.0000          evt6
 22.1000    4    5.100   1.0000          evt4
 27.2000    0    0.850   1.0000          NULL 
 28.0500    3    5.100   1.0000          evt3
 33.1500    0    5.950   1.0000          NULL 
 39.1000    6    5.100   1.0000          evt6
 44.2000    3    5.100   1.0000          evt3
 49.3000    4    5.100   1.0000          evt4
 54.4000    0    3.400   1.0000          NULL 
 57.8000    4    5.100   1.0000          evt4
 62.9000    4    5.100   1.0000          evt4
 68.0000    6    5.100   1.0000          evt6
 73.1000    0    1.700   1.0000          NULL 
 74.8000    3    5.100   1.0000          evt3
 79.9000    0    1.700   1.0000          NULL 
 81.6000    3    5.100   1.0000          evt3
 86.7000    1    5.100   1.0000          evt1
 91.8000    0    2.550   1.0000          NULL 
 94.3500    2    5.100   1.0000          evt2
 99.4500    0    0.850   1.0000          NULL 
100.3000    4    5.100   1.0000          evt4
105.4000    0    0.850   1.0000          NULL 
106.2500    4    5.100   1.0000          evt4
111.3500    0    1.700   1.0000          NULL 
113.0499    3    5.100   1.0000          evt3
118.1499    0    3.400   1.0000          NULL 
121.5499    5    5.100   1.0000          evt5
126.6499    0    2.550   1.0000          NULL 
129.2000    1    5.100   1.0000          evt1
134.3000    0    4.250   1.0000          NULL 
138.5500    3    5.100   1.0000          evt3
143.6500    1    5.100   1.0000          evt1
148.7500    6    5.100   1.0000          evt6
153.8500    0    4.250   1.0000          NULL 
158.1000    6    5.100   1.0000          evt6
163.2000    6    5.100   1.0000          evt6
168.3000    0    0.850   1.0000          NULL 
169.1501    1    5.100   1.0000          evt1
174.2501    4    5.100   1.0000          evt4
179.3501    0    0.850   1.0000          NULL 
180.2001    3    5.100   1.0000          evt3
185.3001    3    5.100   1.0000          evt3
190.4001    0    3.400   1.0000          NULL 
193.8001    3    5.100   1.0000          evt3
198.9001    0    0.850   1.0000          NULL 
199.7501    6    5.100   1.0000          evt6
204.8501    0    0.850   1.0000          NULL 
205.7001    4    5.100   1.0000          evt4
210.8001    0    2.550   1.0000          NULL 
213.3502    6    5.100   1.0000          evt6
218.4502    0    0.850   1.0000          NULL 
219.3002    6    5.100   1.0000          evt6
224.4002    4    5.100   1.0000          evt4
229.5002    0    1.700   1.0000          NULL 
231.2002    4    5.100   1.0000          evt4
236.3002    0    2.550   1.0000          NULL 
238.8502    2    5.100   1.0000          evt2
243.9502    0    0.850   1.0000          NULL 
244.8002    1    5.100   1.0000          evt1
249.9002    5    5.100   1.0000          evt5
255.0002    2    5.100   1.0000          evt2
260.1003    0    1.700   1.0000          NULL 
261.8003    6    5.100   1.0000          evt6
266.9003    0    2.550   1.0000          NULL 
269.4503    5    5.100   1.0000          evt5
274.5503    6    5.100   1.0000          evt6
279.6503    0    1.700   1.0000          NULL 
281.3503    2    5.100   1.0000          evt2
286.4503    0    5.100   1.0000          NULL 
291.5504    1    5.100   1.0000          evt1
296.6504    5    5.100   1.0000          evt5
301.7504    5    5.100   1.0000          evt5
306.8504    1    5.100   1.0000          evt1
311.9504    1    5.100   1.0000          evt1
317.0504    0   10.200   1.0000          NULL 
327.2505    4    5.100   1.0000          evt4
332.3505    0    1.700   1.0000          NULL 
334.0505    2    5.100   1.0000          evt2
339.1505    0    0.850   1.0000          NULL 
340.0005    3    5.100   1.0000          evt3
345.1005    0   10.200   1.0000          NULL 
355.3006    1    5.100   1.0000          evt1
