  0.0000    1    5.100   1.0000          evt1
  5.1000    0    4.250   1.0000          NULL 
  9.3500    5    5.100   1.0000          evt5
 14.4500    0    0.850   1.0000          NULL 
 15.3000    4    5.100   1.0000          evt4
 20.4000    0    0.850   1.0000          NULL 
 21.2500    6    5.100   1.0000          evt6
 26.3500    3    5.100   1.0000          evt3
 31.4500    2    5.100   1.0000          evt2
 36.5500    0    1.700   1.0000          NULL 
 38.2500    6    5.100   1.0000          evt6
 43.3500    0    0.850   1.0000          NULL 
 44.2000    2    5.100   1.0000          evt2
 49.3000    5    5.100   1.0000          evt5
 54.4000    2    5.100   1.0000          evt2
 59.5000    0    0.850   1.0000          NULL 
 60.3500    6    5.100   1.0000          evt6
 65.4500    4    5.100   1.0000          evt4
 70.5500    0    1.700   1.0000          NULL 
 72.2500    4    5.100   1.0000          evt4
 77.3500    6    5.100   1.0000          evt6
 82.4500    0    3.400   1.0000          NULL 
 85.8500    3    5.100   1.0000          evt3
 90.9500    1    5.100   1.0000          evt1
 96.0500    0    0.850   1.0000          NULL 
 96.9000    4    5.100   1.0000          evt4
102.0000    0    3.400   1.0000          NULL 
105.4000    1    5.100   1.0000          evt1
110.5000    0    2.550   1.0000          NULL 
113.0500    3    5.100   1.0000          evt3
118.1500    0    3.400   1.0000          NULL 
121.5499    1    5.100   1.0000          evt1
126.6499    0    0.850   1.0000          NULL 
127.4999    1    5.100   1.0000          evt1
132.5999    0    2.550   1.0000          NULL 
135.1500    5    5.100   1.0000          evt5
140.2500    0    1.700   1.0000          NULL 
141.9500    3    5.100   1.0000          evt3
147.0500    1    5.100   1.0000          evt1
152.1500    0    1.700   1.0000          NULL 
153.8500    6    5.100   1.0000          evt6
158.9500    0    1.700   1.0000          NULL 
160.6500    2    5.100   1.0000          evt2
165.7500    0    1.700   1.0000          NULL 
167.4500    4    5.100   1.0000          evt4
172.5500    0    3.400   1.0000          NULL 
175.9501    3    5.100   1.0000          evt3
181.0501    0    0.850   1.0000          NULL 
181.9001    6    5.100   1.0000          evt6
187.0001    4    5.100   1.0000          evt4
192.1001    6    5.100   1.0000          evt6
197.2001    3    5.100   1.0000          evt3
202.3001    0    1.700   1.0000          NULL 
204.0001    3    5.100   1.0000          evt3
209.1001    0    2.550   1.0000          NULL 
211.6501    1    5.100   1.0000          evt1
216.7502    4    5.100   1.0000          evt4
221.8502    1    5.100   1.0000          evt1
226.9502    0    0.850   1.0000          NULL 
227.8002    3    5.100   1.0000          evt3
232.9002    3    5.100   1.0000          evt3
238.0002    0    0.850   1.0000          NULL 
238.8502    2    5.100   1.0000          evt2
243.9502    0    2.550   1.0000          NULL 
246.5002    6    5.100   1.0000          evt6
251.6002    0    5.950   1.0000          NULL 
257.5503    4    5.100   1.0000          evt4
262.6503    0    1.700   1.0000          NULL 
264.3503    4    5.100   1.0000          evt4
269.4503    0    6.800   1.0000          NULL 
276.2503    5    5.100   1.0000          evt5
281.3503    0    0.850   1.0000          NULL 
282.2003    6    5.100   1.0000          evt6
287.3004    0    2.550   1.0000          NULL 
289.8504    3    5.100   1.0000          evt3
294.9504    0    0.850   1.0000          NULL 
295.8004    1    5.100   1.0000          evt1
300.9004    0    1.700   1.0000          NULL 
302.6004    4    5.100   1.0000          evt4
307.7004    0    5.950   1.0000          NULL 
313.6505    5    5.100   1.0000          evt5
318.7505    0    1.700   1.0000          NULL 
320.4505    1    5.100   1.0000          evt1
325.5505    0    1.700   1.0000          NULL 
327.2505    1    5.100   1.0000          evt1
332.3505    0    1.700   1.0000          NULL 
334.0505    6    5.100   1.0000          evt6
339.1505    0    1.700   1.0000          NULL 
340.8505    4    5.100   1.0000          evt4
345.9505    3    5.100   1.0000          evt3
351.0505    0    1.700   1.0000          NULL 
352.7505    6    5.100   1.0000          evt6
357.8506    0    2.549   1.0000          NULL 
