  0.0000    6    5.100   1.0000          evt6
  5.1000    0    1.700   1.0000          NULL 
  6.8000    6    5.100   1.0000          evt6
 11.9000    0    3.400   1.0000          NULL 
 15.3000    5    5.100   1.0000          evt5
 20.4000    0    1.700   1.0000          NULL 
 22.1000    6    5.100   1.0000          evt6
 27.2000    0    0.850   1.0000          NULL 
 28.0500    1    5.100   1.0000          evt1
 33.1500    0    0.850   1.0000          NULL 
 34.0000    2    5.100   1.0000          evt2
 39.1000    0    0.850   1.0000          NULL 
 39.9500    1    5.100   1.0000          evt1
 45.0500    0    0.850   1.0000          NULL 
 45.9000    3    5.100   1.0000          evt3
 51.0000    0    1.700   1.0000          NULL 
 52.7000    1    5.100   1.0000          evt1
 57.8000    0    3.400   1.0000          NULL 
 61.2000    4    5.100   1.0000          evt4
 66.3000    0    2.550   1.0000          NULL 
 68.8500    5    5.100   1.0000          evt5
 73.9500    0    0.850   1.0000          NULL 
 74.8000    2    5.100   1.0000          evt2
 79.9000    0    3.400   1.0000          NULL 
 83.3000    5    5.100   1.0000          evt5
 88.4000    0    0.850   1.0000          NULL 
 89.2500    2    5.100   1.0000          evt2
 94.3500    0    0.850   1.0000          NULL 
 95.2000    2    5.100   1.0000          evt2
100.3000    0    2.550   1.0000          NULL 
102.8500    3    5.100   1.0000          evt3
107.9500    0    0.850   1.0000          NULL 
108.7999    1    5.100   1.0000          evt1
113.8999    0    1.700   1.0000          NULL 
115.5999    1    5.100   1.0000          evt1
120.6999    0    1.700   1.0000          NULL 
122.3999    6    5.100   1.0000          evt6
127.4999    0    2.550   1.0000          NULL 
130.0500    3    5.100   1.0000          evt3
135.1500    0    2.550   1.0000          NULL 
137.7000    4    5.100   1.0000          evt4
142.8000    0    0.850   1.0000          NULL 
143.6500    1    5.100   1.0000          evt1
148.7500    0    0.850   1.0000          NULL 
149.6000    3    5.100   1.0000          evt3
154.7000    0    3.400   1.0000          NULL 
158.1000    2    5.100   1.0000          evt2
163.2000    0    1.700   1.0000          NULL 
164.9001    1    5.100   1.0000          evt1
170.0001    0    0.850   1.0000          NULL 
170.8501    1    5.100   1.0000          evt1
175.9501    0    3.400   1.0000          NULL 
179.3501    4    5.100   1.0000          evt4
184.4501    0    0.850   1.0000          NULL 
185.3001    4    5.100   1.0000          evt4
190.4001    0    0.850   1.0000          NULL 
191.2501    1    5.100   1.0000          evt1
196.3501    0    1.700   1.0000          NULL 
198.0501    3    5.100   1.0000          evt3
203.1501    0    0.850   1.0000          NULL 
204.0002    5    5.100   1.0000          evt5
209.1002    0    0.850   1.0000          NULL 
209.9502    6    5.100   1.0000          evt6
215.0502    0    1.700   1.0000          NULL 
216.7502    4    5.100   1.0000          evt4
221.8502    0    0.850   1.0000          NULL 
222.7002    5    5.100   1.0000          evt5
227.8002    0    2.550   1.0000          NULL 
230.3502    4    5.100   1.0000          evt4
235.4502    0    1.700   1.0000          NULL 
237.1502    4    5.100   1.0000          evt4
242.2502    0    0.850   1.0000          NULL 
243.1003    3    5.100   1.0000          evt3
248.2003    0    0.850   1.0000          NULL 
249.0503    3    5.100   1.0000          evt3
254.1503    0    1.700   1.0000          NULL 
255.8503    3    5.100   1.0000          evt3
260.9503    0    0.850   1.0000          NULL 
261.8003    6    5.100   1.0000          evt6
266.9003    0    1.700   1.0000          NULL 
268.6003    6    5.100   1.0000          evt6
273.7003    0    1.700   1.0000          NULL 
275.4003    1    5.100   1.0000          evt1
280.5003    0    2.550   1.0000          NULL 
283.0504    3    5.100   1.0000          evt3
288.1504    0    2.550   1.0000          NULL 
290.7004    4    5.100   1.0000          evt4
295.8004    0    0.850   1.0000          NULL 
296.6504    6    5.100   1.0000          evt6
301.7504    0    0.850   1.0000          NULL 
302.6004    4    5.100   1.0000          evt4
307.7004    0    1.700   1.0000          NULL 
309.4004    4    5.100   1.0000          evt4
314.5004    0    0.850   1.0000          NULL 
315.3504    6    5.100   1.0000          evt6
320.4504    0    0.850   1.0000          NULL 
321.3004    3    5.100   1.0000          evt3
326.4005    0    0.850   1.0000          NULL 
327.2505    6    5.100   1.0000          evt6
332.3505    0    1.700   1.0000          NULL 
334.0505    6    5.100   1.0000          evt6
339.1505    0    0.850   1.0000          NULL 
340.0005    3    5.100   1.0000          evt3
345.1005    0    0.850   1.0000          NULL 
345.9505    4    5.100   1.0000          evt4
351.0505    0    3.400   1.0000          NULL 
354.4505    1    5.100   1.0000          evt1
359.5505    0    0.849   1.0000          NULL 
