  0.0000    5    5.100   1.0000          evt5
  5.1000    0    0.850   1.0000          NULL 
  5.9500    1    5.100   1.0000          evt1
 11.0500    2    5.100   1.0000          evt2
 16.1500    4    5.100   1.0000          evt4
 21.2500    3    5.100   1.0000          evt3
 26.3500    0    0.850   1.0000          NULL 
 27.2000    4    5.100   1.0000          evt4
 32.3000    0    1.700   1.0000          NULL 
 34.0000    1    5.100   1.0000          evt1
 39.1000    0    0.850   1.0000          NULL 
 39.9500    3    5.100   1.0000          evt3
 45.0500    0    2.550   1.0000          NULL 
 47.6000    6    5.100   1.0000          evt6
 52.7000    3    5.100   1.0000          evt3
 57.8000    0    2.550   1.0000          NULL 
 60.3500    3    5.100   1.0000          evt3
 65.4500    0    1.700   1.0000          NULL 
 67.1500    3    5.100   1.0000          evt3
 72.2500    0    0.850   1.0000          NULL 
 73.1000    6    5.100   1.0000          evt6
 78.2000    0    1.700   1.0000          NULL 
 79.9000    3    5.100   1.0000          evt3
 85.0000    0    1.700   1.0000          NULL 
 86.7000    1    5.100   1.0000          evt1
 91.8000    0    4.250   1.0000          NULL 
 96.0500    3    5.100   1.0000          evt3
101.1500    2    5.100   1.0000          evt2
106.2500    1    5.100   1.0000          evt1
111.3500    0    4.250   1.0000          NULL 
115.5999    4    5.100   1.0000          evt4
120.6999    0    3.400   1.0000          NULL 
124.0999    6    5.100   1.0000          evt6
129.1999    3    5.100   1.0000          evt3
134.2999    5    5.100   1.0000          evt5
139.3999    6    5.100   1.0000          evt6
144.5000    0    5.950   1.0000          NULL 
150.4500    4    5.100   1.0000          evt4
155.5500    1    5.100   1.0000          evt1
160.6500    0    5.100   1.0000          NULL 
165.7500    2    5.100   1.0000          evt2
170.8501    0    0.850   1.0000          NULL 
171.7001    4    5.100   1.0000          evt4
176.8001    0    4.250   1.0000          NULL 
181.0501    3    5.100   1.0000          evt3
186.1501    0    2.550   1.0000          NULL 
188.7001    6    5.100   1.0000          evt6
193.8001    0    0.850   1.0000          NULL 
194.6501    4    5.100   1.0000          evt4
199.7501    0    9.350   1.0000          NULL 
209.1002    4    5.100   1.0000          evt4
214.2002    0    3.400   1.0000          NULL 
217.6002    6    5.100   1.0000          evt6
222.7002    1    5.100   1.0000          evt1
227.8002    0    0.850   1.0000          NULL 
228.6503    4    5.100   1.0000          evt4
233.7503    1    5.100   1.0000          evt1
238.8503    0    1.700   1.0000          NULL 
240.5503    6    5.100   1.0000          evt6
245.6503    0    0.850   1.0000          NULL 
246.5003    1    5.100   1.0000          evt1
251.6003    0    0.850   1.0000          NULL 
252.4503    1    5.100   1.0000          evt1
257.5503    0    1.700   1.0000          NULL 
259.2503    5    5.100   1.0000          evt5
264.3503    0    2.550   1.0000          NULL 
266.9003    2    5.100   1.0000          evt2
272.0003    4    5.100   1.0000          evt4
277.1003    5    5.100   1.0000          evt5
282.2003    5    5.100   1.0000          evt5
287.3004    0    0.850   1.0000          NULL 
288.1504    6    5.100   1.0000          evt6
293.2504    0    2.550   1.0000          NULL 
295.8004    4    5.100   1.0000          evt4
300.9004    3    5.100   1.0000          evt3
306.0004    0    0.850   1.0000          NULL 
306.8504    6    5.100   1.0000          evt6
311.9504    1    5.100   1.0000          evt1
317.0504    0    1.700   1.0000          NULL 
318.7504    3    5.100   1.0000          evt3
323.8504    0    3.400   1.0000          NULL 
327.2505    2    5.100   1.0000          evt2
332.3505    0    0.850   1.0000          NULL 
333.2005    6    5.100   1.0000          evt6
338.3005    0    2.550   1.0000          NULL 
340.8505    4    5.100   1.0000          evt4
345.9505    0    1.700   1.0000          NULL 
347.6505    6    5.100   1.0000          evt6
352.7505    1    5.100   1.0000          evt1
357.8505    0    2.549   1.0000          NULL 
