  0.0000    1    5.100   1.0000          evt1
  5.1000    0    0.850   1.0000          NULL 
  5.9500    4    5.100   1.0000          evt4
 11.0500    0    4.250   1.0000          NULL 
 15.3000    1    5.100   1.0000          evt1
 20.4000    0    0.850   1.0000          NULL 
 21.2500    3    5.100   1.0000          evt3
 26.3500    0    1.700   1.0000          NULL 
 28.0500    3    5.100   1.0000          evt3
 33.1500    0    0.850   1.0000          NULL 
 34.0000    4    5.100   1.0000          evt4
 39.1000    0    2.550   1.0000          NULL 
 41.6500    1    5.100   1.0000          evt1
 46.7500    0    1.700   1.0000          NULL 
 48.4500    6    5.100   1.0000          evt6
 53.5500    0    3.400   1.0000          NULL 
 56.9500    6    5.100   1.0000          evt6
 62.0500    0    1.700   1.0000          NULL 
 63.7500    4    5.100   1.0000          evt4
 68.8500    0    0.850   1.0000          NULL 
 69.7000    1    5.100   1.0000          evt1
 74.8000    0    0.850   1.0000          NULL 
 75.6500    5    5.100   1.0000          evt5
 80.7500    0    1.700   1.0000          NULL 
 82.4500    1    5.100   1.0000          evt1
 87.5500    0    0.850   1.0000          NULL 
 88.4000    3    5.100   1.0000          evt3
 93.5000    0    0.850   1.0000          NULL 
 94.3500    5    5.100   1.0000          evt5
 99.4500    0    0.850   1.0000          NULL 
100.3000    3    5.100   1.0000          evt3
105.4000    0    0.850   1.0000          NULL 
106.2500    6    5.100   1.0000          evt6
111.3500    0    3.400   1.0000          NULL 
114.7499    6    5.100   1.0000          evt6
119.8499    0    0.850   1.0000          NULL 
120.6999    5    5.100   1.0000          evt5
125.7999    0    0.850   1.0000          NULL 
126.6499    2    5.100   1.0000          evt2
131.7499    0    1.700   1.0000          NULL 
133.4500    4    5.100   1.0000          evt4
138.5500    0    0.850   1.0000          NULL 
139.4000    1    5.100   1.0000          evt1
144.5000    0    0.850   1.0000          NULL 
145.3500    6    5.100   1.0000          evt6
150.4500    0    0.850   1.0000          NULL 
151.3000    1    5.100   1.0000          evt1
156.4000    0    2.550   1.0000          NULL 
158.9500    4    5.100   1.0000          evt4
164.0500    0    0.850   1.0000          NULL 
164.9000    3    5.100   1.0000          evt3
170.0000    0    0.850   1.0000          NULL 
170.8500    3    5.100   1.0000          evt3
175.9500    0    0.850   1.0000          NULL 
176.8000    6    5.100   1.0000          evt6
181.9001    0    0.850   1.0000          NULL 
182.7501    3    5.100   1.0000          evt3
187.8501    0    1.700   1.0000          NULL 
189.5501    1    5.100   1.0000          evt1
194.6501    0    1.700   1.0000          NULL 
196.3501    1    5.100   1.0000          evt1
201.4501    0    2.550   1.0000          NULL 
204.0001    6    5.100   1.0000          evt6
209.1001    0    2.550   1.0000          NULL 
211.6501    3    5.100   1.0000          evt3
216.7502    0    3.400   1.0000          NULL 
220.1502    4    5.100   1.0000          evt4
225.2502    0    2.550   1.0000          NULL 
227.8002    2    5.100   1.0000          evt2
232.9002    0    1.700   1.0000          NULL 
234.6002    2    5.100   1.0000          evt2
239.7002    0    0.850   1.0000          NULL 
240.5502    1    5.100   1.0000          evt1
245.6502    0    0.850   1.0000          NULL 
246.5002    2    5.100   1.0000          evt2
251.6003    0    2.550   1.0000          NULL 
254.1503    6    5.100   1.0000          evt6
259.2503    0    0.850   1.0000          NULL 
260.1003    6    5.100   1.0000          evt6
265.2003    0    0.850   1.0000          NULL 
266.0503    5    5.100   1.0000          evt5
271.1503    0    0.850   1.0000          NULL 
272.0003    3    5.100   1.0000          evt3
277.1003    0    1.700   1.0000          NULL 
278.8003    1    5.100   1.0000          evt1
283.9003    0    3.400   1.0000          NULL 
287.3004    4    5.100   1.0000          evt4
292.4004    0    2.550   1.0000          NULL 
294.9504    5    5.100   1.0000          evt5
300.0504    0    0.850   1.0000          NULL 
300.9004    2    5.100   1.0000          evt2
306.0004    0    0.850   1.0000          NULL 
306.8504    6    5.100   1.0000          evt6
311.9504    0    1.700   1.0000          NULL 
313.6504    3    5.100   1.0000          evt3
318.7504    0    2.550   1.0000          NULL 
321.3004    4    5.100   1.0000          evt4
326.4005    0    3.400   1.0000          NULL 
329.8005    4    5.100   1.0000          evt4
334.9005    0    0.850   1.0000          NULL 
335.7505    4    5.100   1.0000          evt4
340.8505    0    0.850   1.0000          NULL 
341.7005    3    5.100   1.0000          evt3
346.8005    0    1.700   1.0000          NULL 
348.5005    6    5.100   1.0000          evt6
353.6005    0    0.850   1.0000          NULL 
354.4505    4    5.100   1.0000          evt4
359.5505    0    0.849   1.0000          NULL 
