  0.0000    3    5.100   1.0000          evt3
  5.1000    0    0.850   1.0000          NULL 
  5.9500    4    5.100   1.0000          evt4
 11.0500    0    0.850   1.0000          NULL 
 11.9000    4    5.100   1.0000          evt4
 17.0000    0    0.850   1.0000          NULL 
 17.8500    6    5.100   1.0000          evt6
 22.9500    0    1.700   1.0000          NULL 
 24.6500    3    5.100   1.0000          evt3
 29.7500    0    1.700   1.0000          NULL 
 31.4500    3    5.100   1.0000          evt3
 36.5500    0    1.700   1.0000          NULL 
 38.2500    1    5.100   1.0000          evt1
 43.3500    0    1.700   1.0000          NULL 
 45.0500    1    5.100   1.0000          evt1
 50.1500    0    0.850   1.0000          NULL 
 51.0000    1    5.100   1.0000          evt1
 56.1000    0    1.700   1.0000          NULL 
 57.8000    3    5.100   1.0000          evt3
 62.9000    0    1.700   1.0000          NULL 
 64.6000    6    5.100   1.0000          evt6
 69.7000    0    4.250   1.0000          NULL 
 73.9500    1    5.100   1.0000          evt1
 79.0500    0    1.700   1.0000          NULL 
 80.7500    3    5.100   1.0000          evt3
 85.8500    0    0.850   1.0000          NULL 
 86.7000    4    5.100   1.0000          evt4
 91.8000    0    0.850   1.0000          NULL 
 92.6500    4    5.100   1.0000          evt4
 97.7500    0    2.550   1.0000          NULL 
100.3000    4    5.100   1.0000          evt4
105.4000    0    1.700   1.0000          NULL 
107.1000    4    5.100   1.0000          evt4
112.2000    0    3.400   1.0000          NULL 
115.5999    1    5.100   1.0000          evt1
120.6999    0    1.700   1.0000          NULL 
122.3999    4    5.100   1.0000          evt4
127.4999    0    0.850   1.0000          NULL 
128.3499    5    5.100   1.0000          evt5
133.4500    0    0.850   1.0000          NULL 
134.3000    2    5.100   1.0000          evt2
139.4000    0    0.850   1.0000          NULL 
140.2500    1    5.100   1.0000          evt1
145.3500    0    0.850   1.0000          NULL 
146.2000    1    5.100   1.0000          evt1
151.3000    0    2.550   1.0000          NULL 
153.8500    6    5.100   1.0000          evt6
158.9500    0    0.850   1.0000          NULL 
159.8000    4    5.100   1.0000          evt4
164.9000    0    1.700   1.0000          NULL 
166.6000    1    5.100   1.0000          evt1
171.7000    0    1.700   1.0000          NULL 
173.4001    2    5.100   1.0000          evt2
178.5001    0    0.850   1.0000          NULL 
179.3501    3    5.100   1.0000          evt3
184.4501    0    1.700   1.0000          NULL 
186.1501    1    5.100   1.0000          evt1
191.2501    0    1.700   1.0000          NULL 
192.9501    1    5.100   1.0000          evt1
198.0501    0    0.850   1.0000          NULL 
198.9001    6    5.100   1.0000          evt6
204.0001    0    0.850   1.0000          NULL 
204.8501    6    5.100   1.0000          evt6
209.9501    0    1.700   1.0000          NULL 
211.6501    4    5.100   1.0000          evt4
216.7502    0    0.850   1.0000          NULL 
217.6002    6    5.100   1.0000          evt6
222.7002    0    1.700   1.0000          NULL 
224.4002    3    5.100   1.0000          evt3
229.5002    0    0.850   1.0000          NULL 
230.3502    2    5.100   1.0000          evt2
235.4502    0    0.850   1.0000          NULL 
236.3002    5    5.100   1.0000          evt5
241.4002    0    0.850   1.0000          NULL 
242.2502    6    5.100   1.0000          evt6
247.3502    0    1.700   1.0000          NULL 
249.0502    6    5.100   1.0000          evt6
254.1502    0    2.550   1.0000          NULL 
256.7003    3    5.100   1.0000          evt3
261.8003    0    0.850   1.0000          NULL 
262.6503    5    5.100   1.0000          evt5
267.7503    0    4.250   1.0000          NULL 
272.0003    3    5.100   1.0000          evt3
277.1003    0    3.400   1.0000          NULL 
280.5003    6    5.100   1.0000          evt6
285.6003    0    1.700   1.0000          NULL 
287.3004    6    5.100   1.0000          evt6
292.4004    0    0.850   1.0000          NULL 
293.2504    5    5.100   1.0000          evt5
298.3504    0    0.850   1.0000          NULL 
299.2004    2    5.100   1.0000          evt2
304.3004    0    2.550   1.0000          NULL 
306.8504    4    5.100   1.0000          evt4
311.9504    0    2.550   1.0000          NULL 
314.5004    3    5.100   1.0000          evt3
319.6004    0    0.850   1.0000          NULL 
320.4504    4    5.100   1.0000          evt4
325.5504    0    0.850   1.0000          NULL 
326.4005    6    5.100   1.0000          evt6
331.5005    0    2.550   1.0000          NULL 
334.0505    1    5.100   1.0000          evt1
339.1505    0    0.850   1.0000          NULL 
340.0005    3    5.100   1.0000          evt3
345.1005    0    2.550   1.0000          NULL 
347.6505    2    5.100   1.0000          evt2
352.7505    0    0.850   1.0000          NULL 
353.6005    5    5.100   1.0000          evt5
358.7005    0    1.699   1.0000          NULL 
