  0.0000    3    5.100   1.0000          evt3
  5.1000    0    0.850   1.0000          NULL 
  5.9500    4    5.100   1.0000          evt4
 11.0500    0    0.850   1.0000          NULL 
 11.9000    1    5.100   1.0000          evt1
 17.0000    0    1.700   1.0000          NULL 
 18.7000    5    5.100   1.0000          evt5
 23.8000    0    0.850   1.0000          NULL 
 24.6500    1    5.100   1.0000          evt1
 29.7500    0    1.700   1.0000          NULL 
 31.4500    6    5.100   1.0000          evt6
 36.5500    0    1.700   1.0000          NULL 
 38.2500    4    5.100   1.0000          evt4
 43.3500    0    1.700   1.0000          NULL 
 45.0500    4    5.100   1.0000          evt4
 50.1500    0    0.850   1.0000          NULL 
 51.0000    4    5.100   1.0000          evt4
 56.1000    0    0.850   1.0000          NULL 
 56.9500    4    5.100   1.0000          evt4
 62.0500    0    0.850   1.0000          NULL 
 62.9000    3    5.100   1.0000          evt3
 68.0000    0    0.850   1.0000          NULL 
 68.8500    3    5.100   1.0000          evt3
 73.9500    0    5.100   1.0000          NULL 
 79.0500    3    5.100   1.0000          evt3
 84.1500    0    1.700   1.0000          NULL 
 85.8500    1    5.100   1.0000          evt1
 90.9500    0    0.850   1.0000          NULL 
 91.8000    3    5.100   1.0000          evt3
 96.9000    0    1.700   1.0000          NULL 
 98.6000    6    5.100   1.0000          evt6
103.7000    0    1.700   1.0000          NULL 
105.4000    6    5.100   1.0000          evt6
110.5000    0    0.850   1.0000          NULL 
111.3500    6    5.100   1.0000          evt6
116.4500    0    4.250   1.0000          NULL 
120.6999    3    5.100   1.0000          evt3
125.7999    0    1.700   1.0000          NULL 
127.4999    4    5.100   1.0000          evt4
132.5999    0    1.700   1.0000          NULL 
134.3000    5    5.100   1.0000          evt5
139.4000    0    0.850   1.0000          NULL 
140.2500    1    5.100   1.0000          evt1
145.3500    0    2.550   1.0000          NULL 
147.9000    5    5.100   1.0000          evt5
153.0000    0    0.850   1.0000          NULL 
153.8500    3    5.100   1.0000          evt3
158.9500    0    4.250   1.0000          NULL 
163.2000    4    5.100   1.0000          evt4
168.3000    0    1.700   1.0000          NULL 
170.0001    2    5.100   1.0000          evt2
175.1001    0    1.700   1.0000          NULL 
176.8001    3    5.100   1.0000          evt3
181.9001    0    0.850   1.0000          NULL 
182.7501    1    5.100   1.0000          evt1
187.8501    0    1.700   1.0000          NULL 
189.5501    2    5.100   1.0000          evt2
194.6501    0    0.850   1.0000          NULL 
195.5001    6    5.100   1.0000          evt6
200.6001    0    0.850   1.0000          NULL 
201.4501    5    5.100   1.0000          evt5
206.5501    0    2.550   1.0000          NULL 
209.1002    2    5.100   1.0000          evt2
214.2002    0    0.850   1.0000          NULL 
215.0502    4    5.100   1.0000          evt4
220.1502    0    0.850   1.0000          NULL 
221.0002    6    5.100   1.0000          evt6
226.1002    0    1.700   1.0000          NULL 
227.8002    6    5.100   1.0000          evt6
232.9002    0    4.250   1.0000          NULL 
237.1502    3    5.100   1.0000          evt3
242.2502    0    0.850   1.0000          NULL 
243.1003    1    5.100   1.0000          evt1
248.2003    0    1.700   1.0000          NULL 
249.9003    3    5.100   1.0000          evt3
255.0003    0    0.850   1.0000          NULL 
255.8503    3    5.100   1.0000          evt3
260.9503    0    0.850   1.0000          NULL 
261.8003    6    5.100   1.0000          evt6
266.9003    0    1.700   1.0000          NULL 
268.6003    4    5.100   1.0000          evt4
273.7003    0    0.850   1.0000          NULL 
274.5503    1    5.100   1.0000          evt1
279.6503    0    3.400   1.0000          NULL 
283.0504    6    5.100   1.0000          evt6
288.1504    0    1.700   1.0000          NULL 
289.8504    6    5.100   1.0000          evt6
294.9504    0    0.850   1.0000          NULL 
295.8004    1    5.100   1.0000          evt1
300.9004    0    1.700   1.0000          NULL 
302.6004    1    5.100   1.0000          evt1
307.7004    0    0.850   1.0000          NULL 
308.5504    2    5.100   1.0000          evt2
313.6504    0    0.850   1.0000          NULL 
314.5004    4    5.100   1.0000          evt4
319.6004    0    0.850   1.0000          NULL 
320.4504    5    5.100   1.0000          evt5
325.5504    0    0.850   1.0000          NULL 
326.4005    4    5.100   1.0000          evt4
331.5005    0    1.700   1.0000          NULL 
333.2005    2    5.100   1.0000          evt2
338.3005    0    2.550   1.0000          NULL 
340.8505    1    5.100   1.0000          evt1
345.9505    0    0.850   1.0000          NULL 
346.8005    1    5.100   1.0000          evt1
351.9005    0    1.700   1.0000          NULL 
353.6005    6    5.100   1.0000          evt6
358.7005    0    1.699   1.0000          NULL 
