  0.0000    1    5.100   1.0000          evt1
  5.1000    0    0.850   1.0000          NULL 
  5.9500    3    5.100   1.0000          evt3
 11.0500    0    2.550   1.0000          NULL 
 13.6000    6    5.100   1.0000          evt6
 18.7000    0    0.850   1.0000          NULL 
 19.5500    6    5.100   1.0000          evt6
 24.6500    0    2.550   1.0000          NULL 
 27.2000    4    5.100   1.0000          evt4
 32.3000    0    1.700   1.0000          NULL 
 34.0000    6    5.100   1.0000          evt6
 39.1000    0    0.850   1.0000          NULL 
 39.9500    4    5.100   1.0000          evt4
 45.0500    0    0.850   1.0000          NULL 
 45.9000    5    5.100   1.0000          evt5
 51.0000    0    0.850   1.0000          NULL 
 51.8500    1    5.100   1.0000          evt1
 56.9500    0    0.850   1.0000          NULL 
 57.8000    5    5.100   1.0000          evt5
 62.9000    0    3.400   1.0000          NULL 
 66.3000    3    5.100   1.0000          evt3
 71.4000    0    2.550   1.0000          NULL 
 73.9500    4    5.100   1.0000          evt4
 79.0500    0    0.850   1.0000          NULL 
 79.9000    4    5.100   1.0000          evt4
 85.0000    0    5.100   1.0000          NULL 
 90.1000    4    5.100   1.0000          evt4
 95.2000    0    0.850   1.0000          NULL 
 96.0500    4    5.100   1.0000          evt4
101.1500    0    1.700   1.0000          NULL 
102.8500    3    5.100   1.0000          evt3
107.9500    0    0.850   1.0000          NULL 
108.7999    5    5.100   1.0000          evt5
113.8999    0    1.700   1.0000          NULL 
115.5999    6    5.100   1.0000          evt6
120.6999    0    1.700   1.0000          NULL 
122.3999    1    5.100   1.0000          evt1
127.4999    0    2.550   1.0000          NULL 
130.0500    1    5.100   1.0000          evt1
135.1500    0    1.700   1.0000          NULL 
136.8500    1    5.100   1.0000          evt1
141.9500    0    0.850   1.0000          NULL 
142.8000    3    5.100   1.0000          evt3
147.9000    0    0.850   1.0000          NULL 
148.7500    4    5.100   1.0000          evt4
153.8500    0    0.850   1.0000          NULL 
154.7000    6    5.100   1.0000          evt6
159.8000    0    0.850   1.0000          NULL 
160.6500    2    5.100   1.0000          evt2
165.7500    0    1.700   1.0000          NULL 
167.4500    3    5.100   1.0000          evt3
172.5500    0    1.700   1.0000          NULL 
174.2501    1    5.100   1.0000          evt1
179.3501    0    0.850   1.0000          NULL 
180.2001    4    5.100   1.0000          evt4
185.3001    0    0.850   1.0000          NULL 
186.1501    6    5.100   1.0000          evt6
191.2501    0    0.850   1.0000          NULL 
192.1001    3    5.100   1.0000          evt3
197.2001    0    0.850   1.0000          NULL 
198.0501    2    5.100   1.0000          evt2
203.1501    0    0.850   1.0000          NULL 
204.0001    1    5.100   1.0000          evt1
209.1001    0    0.850   1.0000          NULL 
209.9501    2    5.100   1.0000          evt2
215.0501    0    1.700   1.0000          NULL 
216.7502    1    5.100   1.0000          evt1
221.8502    0    2.550   1.0000          NULL 
224.4002    5    5.100   1.0000          evt5
229.5002    0    0.850   1.0000          NULL 
230.3502    6    5.100   1.0000          evt6
235.4502    0    3.400   1.0000          NULL 
238.8502    3    5.100   1.0000          evt3
243.9502    0    3.400   1.0000          NULL 
247.3503    4    5.100   1.0000          evt4
252.4503    0    0.850   1.0000          NULL 
253.3003    3    5.100   1.0000          evt3
258.4003    0    0.850   1.0000          NULL 
259.2503    2    5.100   1.0000          evt2
264.3503    0    1.700   1.0000          NULL 
266.0503    6    5.100   1.0000          evt6
271.1503    0    4.250   1.0000          NULL 
275.4003    3    5.100   1.0000          evt3
280.5003    0    1.700   1.0000          NULL 
282.2003    3    5.100   1.0000          evt3
287.3004    0    0.850   1.0000          NULL 
288.1504    3    5.100   1.0000          evt3
293.2504    0    2.550   1.0000          NULL 
295.8004    6    5.100   1.0000          evt6
300.9004    0    3.400   1.0000          NULL 
304.3004    4    5.100   1.0000          evt4
309.4004    0    0.850   1.0000          NULL 
310.2504    4    5.100   1.0000          evt4
315.3504    0    0.850   1.0000          NULL 
316.2004    2    5.100   1.0000          evt2
321.3004    0    0.850   1.0000          NULL 
322.1505    5    5.100   1.0000          evt5
327.2505    0    0.850   1.0000          NULL 
328.1005    1    5.100   1.0000          evt1
333.2005    0    0.850   1.0000          NULL 
334.0505    6    5.100   1.0000          evt6
339.1505    0    0.850   1.0000          NULL 
340.0005    1    5.100   1.0000          evt1
345.1005    0    0.850   1.0000          NULL 
345.9505    6    5.100   1.0000          evt6
351.0505    0    0.850   1.0000          NULL 
351.9005    1    5.100   1.0000          evt1
357.0005    0    3.400   1.0000          NULL 
