  0.0000    1    5.100   1.0000          evt1
  5.1000    0    1.700   1.0000          NULL 
  6.8000    6    5.100   1.0000          evt6
 11.9000    0    5.100   1.0000          NULL 
 17.0000    4    5.100   1.0000          evt4
 22.1000    3    5.100   1.0000          evt3
 27.2000    3    5.100   1.0000          evt3
 32.3000    0    0.850   1.0000          NULL 
 33.1500    3    5.100   1.0000          evt3
 38.2500    6    5.100   1.0000          evt6
 43.3500    0    1.700   1.0000          NULL 
 45.0500    4    5.100   1.0000          evt4
 50.1500    0    1.700   1.0000          NULL 
 51.8500    6    5.100   1.0000          evt6
 56.9500    0    1.700   1.0000          NULL 
 58.6500    4    5.100   1.0000          evt4
 63.7500    1    5.100   1.0000          evt1
 68.8500    0    0.850   1.0000          NULL 
 69.7000    1    5.100   1.0000          evt1
 74.8000    0    0.850   1.0000          NULL 
 75.6500    3    5.100   1.0000          evt3
 80.7500    2    5.100   1.0000          evt2
 85.8500    0    0.850   1.0000          NULL 
 86.7000    1    5.100   1.0000          evt1
 91.8000    0    0.850   1.0000          NULL 
 92.6500    5    5.100   1.0000          evt5
 97.7500    0    0.850   1.0000          NULL 
 98.6000    4    5.100   1.0000          evt4
103.7000    0    4.250   1.0000          NULL 
107.9500    6    5.100   1.0000          evt6
113.0500    0    3.400   1.0000          NULL 
116.4500    4    5.100   1.0000          evt4
121.5499    0    2.550   1.0000          NULL 
124.0999    3    5.100   1.0000          evt3
129.2000    0    2.550   1.0000          NULL 
131.7500    1    5.100   1.0000          evt1
136.8500    0    0.850   1.0000          NULL 
137.7000    6    5.100   1.0000          evt6
142.8000    0    0.850   1.0000          NULL 
143.6500    6    5.100   1.0000          evt6
148.7500    0    1.700   1.0000          NULL 
150.4500    6    5.100   1.0000          evt6
155.5500    0    5.100   1.0000          NULL 
160.6501    5    5.100   1.0000          evt5
165.7501    0    3.400   1.0000          NULL 
169.1501    1    5.100   1.0000          evt1
174.2501    0   10.200   1.0000          NULL 
184.4502    2    5.100   1.0000          evt2
189.5502    4    5.100   1.0000          evt4
194.6502    0    1.700   1.0000          NULL 
196.3502    4    5.100   1.0000          evt4
201.4502    6    5.100   1.0000          evt6
206.5502    0    1.700   1.0000          NULL 
208.2502    5    5.100   1.0000          evt5
213.3502    0    0.850   1.0000          NULL 
214.2002    3    5.100   1.0000          evt3
219.3002    0    0.850   1.0000          NULL 
220.1502    3    5.100   1.0000          evt3
225.2502    6    5.100   1.0000          evt6
230.3503    3    5.100   1.0000          evt3
235.4503    0    2.550   1.0000          NULL 
238.0003    4    5.100   1.0000          evt4
243.1003    0    0.850   1.0000          NULL 
243.9503    3    5.100   1.0000          evt3
249.0503    0    1.700   1.0000          NULL 
250.7503    1    5.100   1.0000          evt1
255.8503    0    1.700   1.0000          NULL 
257.5503    1    5.100   1.0000          evt1
262.6503    0    0.850   1.0000          NULL 
263.5003    3    5.100   1.0000          evt3
268.6003    6    5.100   1.0000          evt6
273.7003    0    0.850   1.0000          NULL 
274.5504    5    5.100   1.0000          evt5
279.6504    3    5.100   1.0000          evt3
284.7504    0    1.700   1.0000          NULL 
286.4504    4    5.100   1.0000          evt4
291.5504    2    5.100   1.0000          evt2
296.6504    0    1.700   1.0000          NULL 
298.3504    4    5.100   1.0000          evt4
303.4504    0    1.700   1.0000          NULL 
305.1504    6    5.100   1.0000          evt6
310.2504    0    0.850   1.0000          NULL 
311.1004    4    5.100   1.0000          evt4
316.2004    2    5.100   1.0000          evt2
321.3004    0    1.700   1.0000          NULL 
323.0005    5    5.100   1.0000          evt5
328.1005    0    5.100   1.0000          NULL 
333.2005    1    5.100   1.0000          evt1
338.3005    0    1.700   1.0000          NULL 
340.0005    1    5.100   1.0000          evt1
345.1005    0    3.400   1.0000          NULL 
348.5005    1    5.100   1.0000          evt1
353.6006    0    0.850   1.0000          NULL 
354.4506    2    5.100   1.0000          evt2
359.5506    0    0.849   1.0000          NULL 
