  0.0000    1    5.100   1.0000          evt1
  5.1000    0    2.550   1.0000          NULL 
  7.6500    6    5.100   1.0000          evt6
 12.7500    0    0.850   1.0000          NULL 
 13.6000    5    5.100   1.0000          evt5
 18.7000    0    1.700   1.0000          NULL 
 20.4000    3    5.100   1.0000          evt3
 25.5000    0    0.850   1.0000          NULL 
 26.3500    1    5.100   1.0000          evt1
 31.4500    0    0.850   1.0000          NULL 
 32.3000    1    5.100   1.0000          evt1
 37.4000    0    1.700   1.0000          NULL 
 39.1000    1    5.100   1.0000          evt1
 44.2000    0    2.550   1.0000          NULL 
 46.7500    3    5.100   1.0000          evt3
 51.8500    0    0.850   1.0000          NULL 
 52.7000    1    5.100   1.0000          evt1
 57.8000    0    2.550   1.0000          NULL 
 60.3500    1    5.100   1.0000          evt1
 65.4500    0    5.950   1.0000          NULL 
 71.4000    6    5.100   1.0000          evt6
 76.5000    0    0.850   1.0000          NULL 
 77.3500    2    5.100   1.0000          evt2
 82.4500    0    0.850   1.0000          NULL 
 83.3000    2    5.100   1.0000          evt2
 88.4000    0    0.850   1.0000          NULL 
 89.2500    6    5.100   1.0000          evt6
 94.3500    0    1.700   1.0000          NULL 
 96.0500    6    5.100   1.0000          evt6
101.1500    0    4.250   1.0000          NULL 
105.3999    3    5.100   1.0000          evt3
110.4999    0    2.550   1.0000          NULL 
113.0499    2    5.100   1.0000          evt2
118.1499    0    0.850   1.0000          NULL 
118.9999    2    5.100   1.0000          evt2
124.0999    0    0.850   1.0000          NULL 
124.9499    6    5.100   1.0000          evt6
130.0499    0    1.700   1.0000          NULL 
131.7500    4    5.100   1.0000          evt4
136.8500    0    0.850   1.0000          NULL 
137.7000    6    5.100   1.0000          evt6
142.8000    0    0.850   1.0000          NULL 
143.6500    3    5.100   1.0000          evt3
148.7500    0    0.850   1.0000          NULL 
149.6000    6    5.100   1.0000          evt6
154.7000    0    0.850   1.0000          NULL 
155.5500    6    5.100   1.0000          evt6
160.6500    0    0.850   1.0000          NULL 
161.5000    3    5.100   1.0000          evt3
166.6000    0    0.850   1.0000          NULL 
167.4500    4    5.100   1.0000          evt4
172.5500    0    1.700   1.0000          NULL 
174.2500    4    5.100   1.0000          evt4
179.3501    0    0.850   1.0000          NULL 
180.2001    3    5.100   1.0000          evt3
185.3001    0    1.700   1.0000          NULL 
187.0001    6    5.100   1.0000          evt6
192.1001    0    0.850   1.0000          NULL 
192.9501    5    5.100   1.0000          evt5
198.0501    0    0.850   1.0000          NULL 
198.9001    1    5.100   1.0000          evt1
204.0001    0    2.550   1.0000          NULL 
206.5501    1    5.100   1.0000          evt1
211.6501    0    0.850   1.0000          NULL 
212.5001    4    5.100   1.0000          evt4
217.6001    0    1.700   1.0000          NULL 
219.3002    5    5.100   1.0000          evt5
224.4002    0    0.850   1.0000          NULL 
225.2502    4    5.100   1.0000          evt4
230.3502    0    2.550   1.0000          NULL 
232.9002    5    5.100   1.0000          evt5
238.0002    0    5.100   1.0000          NULL 
243.1002    4    5.100   1.0000          evt4
248.2002    0    0.850   1.0000          NULL 
249.0502    3    5.100   1.0000          evt3
254.1503    0    0.850   1.0000          NULL 
255.0003    4    5.100   1.0000          evt4
260.1003    0    1.700   1.0000          NULL 
261.8003    4    5.100   1.0000          evt4
266.9003    0    1.700   1.0000          NULL 
268.6003    1    5.100   1.0000          evt1
273.7003    0    1.700   1.0000          NULL 
275.4003    6    5.100   1.0000          evt6
280.5003    0    1.700   1.0000          NULL 
282.2003    3    5.100   1.0000          evt3
287.3003    0    1.700   1.0000          NULL 
289.0003    3    5.100   1.0000          evt3
294.1003    0    1.700   1.0000          NULL 
295.8004    4    5.100   1.0000          evt4
300.9004    0    2.550   1.0000          NULL 
303.4504    5    5.100   1.0000          evt5
308.5504    0    0.850   1.0000          NULL 
309.4004    3    5.100   1.0000          evt3
314.5004    0    0.850   1.0000          NULL 
315.3504    6    5.100   1.0000          evt6
320.4504    0    0.850   1.0000          NULL 
321.3004    4    5.100   1.0000          evt4
326.4004    0    0.850   1.0000          NULL 
327.2504    1    5.100   1.0000          evt1
332.3504    0    3.400   1.0000          NULL 
335.7505    4    5.100   1.0000          evt4
340.8505    0    0.850   1.0000          NULL 
341.7005    1    5.100   1.0000          evt1
346.8005    0    1.700   1.0000          NULL 
348.5005    3    5.100   1.0000          evt3
353.6005    0    0.850   1.0000          NULL 
354.4505    2    5.100   1.0000          evt2
359.5505    0    0.850   1.0000          NULL 
