  0.0000    6    5.100   1.0000          evt6
  5.1000    4    5.100   1.0000          evt4
 10.2000    0    0.850   1.0000          NULL 
 11.0500    2    5.100   1.0000          evt2
 16.1500    0    2.550   1.0000          NULL 
 18.7000    4    5.100   1.0000          evt4
 23.8000    3    5.100   1.0000          evt3
 28.9000    0    3.400   1.0000          NULL 
 32.3000    3    5.100   1.0000          evt3
 37.4000    0    0.850   1.0000          NULL 
 38.2500    2    5.100   1.0000          evt2
 43.3500    0    2.550   1.0000          NULL 
 45.9000    3    5.100   1.0000          evt3
 51.0000    2    5.100   1.0000          evt2
 56.1000    5    5.100   1.0000          evt5
 61.2000    0    0.850   1.0000          NULL 
 62.0500    4    5.100   1.0000          evt4
 67.1500    1    5.100   1.0000          evt1
 72.2500    0    1.700   1.0000          NULL 
 73.9500    6    5.100   1.0000          evt6
 79.0500    2    5.100   1.0000          evt2
 84.1500    0    3.400   1.0000          NULL 
 87.5500    1    5.100   1.0000          evt1
 92.6500    4    5.100   1.0000          evt4
 97.7500    0    2.550   1.0000          NULL 
100.3000    1    5.100   1.0000          evt1
105.4000    0    1.700   1.0000          NULL 
107.1000    6    5.100   1.0000          evt6
112.2000    0    4.250   1.0000          NULL 
116.4500    4    5.100   1.0000          evt4
121.5499    1    5.100   1.0000          evt1
126.6499    0    2.550   1.0000          NULL 
129.2000    3    5.100   1.0000          evt3
134.3000    0    1.700   1.0000          NULL 
136.0000    4    5.100   1.0000          evt4
141.1000    0    2.550   1.0000          NULL 
143.6500    4    5.100   1.0000          evt4
148.7500    0    3.400   1.0000          NULL 
152.1500    5    5.100   1.0000          evt5
157.2500    0   10.200   1.0000          NULL 
167.4501    1    5.100   1.0000          evt1
172.5501    6    5.100   1.0000          evt6
177.6501    0    2.550   1.0000          NULL 
180.2001    3    5.100   1.0000          evt3
185.3001    6    5.100   1.0000          evt6
190.4001    0    0.850   1.0000          NULL 
191.2502    6    5.100   1.0000          evt6
196.3502    5    5.100   1.0000          evt5
201.4502    0    0.850   1.0000          NULL 
202.3002    1    5.100   1.0000          evt1
207.4002    0    0.850   1.0000          NULL 
208.2502    3    5.100   1.0000          evt3
213.3502    0    4.250   1.0000          NULL 
217.6002    3    5.100   1.0000          evt3
222.7002    0    6.800   1.0000          NULL 
229.5003    1    5.100   1.0000          evt1
234.6003    1    5.100   1.0000          evt1
239.7003    0    1.700   1.0000          NULL 
241.4003    1    5.100   1.0000          evt1
246.5003    6    5.100   1.0000          evt6
251.6003    0    0.850   1.0000          NULL 
252.4503    6    5.100   1.0000          evt6
257.5503    0    2.550   1.0000          NULL 
260.1003    2    5.100   1.0000          evt2
265.2003    5    5.100   1.0000          evt5
270.3004    0    1.700   1.0000          NULL 
272.0004    3    5.100   1.0000          evt3
277.1004    0    0.850   1.0000          NULL 
277.9504    4    5.100   1.0000          evt4
283.0504    6    5.100   1.0000          evt6
288.1504    0    0.850   1.0000          NULL 
289.0004    4    5.100   1.0000          evt4
294.1004    0    0.850   1.0000          NULL 
294.9504    6    5.100   1.0000          evt6
300.0504    0    2.550   1.0000          NULL 
302.6004    3    5.100   1.0000          evt3
307.7004    1    5.100   1.0000          evt1
312.8004    1    5.100   1.0000          evt1
317.9005    0    0.850   1.0000          NULL 
318.7505    4    5.100   1.0000          evt4
323.8505    6    5.100   1.0000          evt6
328.9505    5    5.100   1.0000          evt5
334.0505    4    5.100   1.0000          evt4
339.1505    3    5.100   1.0000          evt3
344.2505    0   11.050   1.0000          NULL 
355.3006    3    5.100   1.0000          evt3
