  0.0000    1    5.100   1.0000          evt1
  5.1000    3    5.100   1.0000          evt3
 10.2000    3    5.100   1.0000          evt3
 15.3000    1    5.100   1.0000          evt1
 20.4000    0    0.850   1.0000          NULL 
 21.2500    1    5.100   1.0000          evt1
 26.3500    1    5.100   1.0000          evt1
 31.4500    0    1.700   1.0000          NULL 
 33.1500    2    5.100   1.0000          evt2
 38.2500    0    0.850   1.0000          NULL 
 39.1000    4    5.100   1.0000          evt4
 44.2000    0    5.950   1.0000          NULL 
 50.1500    4    5.100   1.0000          evt4
 55.2500    0    4.250   1.0000          NULL 
 59.5000    4    5.100   1.0000          evt4
 64.6000    0    2.550   1.0000          NULL 
 67.1500    2    5.100   1.0000          evt2
 72.2500    0    4.250   1.0000          NULL 
 76.5000    4    5.100   1.0000          evt4
 81.6000    0    0.850   1.0000          NULL 
 82.4500    3    5.100   1.0000          evt3
 87.5500    0    0.850   1.0000          NULL 
 88.4000    1    5.100   1.0000          evt1
 93.5000    0    2.550   1.0000          NULL 
 96.0499    3    5.100   1.0000          evt3
101.1499    0    2.550   1.0000          NULL 
103.6999    3    5.100   1.0000          evt3
108.7999    6    5.100   1.0000          evt6
113.8999    0    3.400   1.0000          NULL 
117.2999    6    5.100   1.0000          evt6
122.3999    0    0.850   1.0000          NULL 
123.2499    5    5.100   1.0000          evt5
128.3499    4    5.100   1.0000          evt4
133.4499    0    1.700   1.0000          NULL 
135.1499    1    5.100   1.0000          evt1
140.2500    2    5.100   1.0000          evt2
145.3500    3    5.100   1.0000          evt3
150.4500    0    1.700   1.0000          NULL 
152.1500    3    5.100   1.0000          evt3
157.2500    5    5.100   1.0000          evt5
162.3500    0    1.700   1.0000          NULL 
164.0500    5    5.100   1.0000          evt5
169.1500    4    5.100   1.0000          evt4
174.2500    0    2.550   1.0000          NULL 
176.8000    2    5.100   1.0000          evt2
181.9000    0    1.700   1.0000          NULL 
183.6001    5    5.100   1.0000          evt5
188.7001    0    1.700   1.0000          NULL 
190.4001    5    5.100   1.0000          evt5
195.5001    0    1.700   1.0000          NULL 
197.2001    4    5.100   1.0000          evt4
202.3001    0    4.250   1.0000          NULL 
206.5501    4    5.100   1.0000          evt4
211.6501    0    4.250   1.0000          NULL 
215.9002    6    5.100   1.0000          evt6
221.0002    0    0.850   1.0000          NULL 
221.8502    3    5.100   1.0000          evt3
226.9502    3    5.100   1.0000          evt3
232.0502    0    1.700   1.0000          NULL 
233.7502    3    5.100   1.0000          evt3
238.8502    1    5.100   1.0000          evt1
243.9502    0    1.700   1.0000          NULL 
245.6502    1    5.100   1.0000          evt1
250.7502    6    5.100   1.0000          evt6
255.8502    0    3.400   1.0000          NULL 
259.2502    2    5.100   1.0000          evt2
264.3503    0    5.950   1.0000          NULL 
270.3003    1    5.100   1.0000          evt1
275.4003    0    2.550   1.0000          NULL 
277.9503    1    5.100   1.0000          evt1
283.0503    0    0.850   1.0000          NULL 
283.9003    4    5.100   1.0000          evt4
289.0003    6    5.100   1.0000          evt6
294.1003    0    0.850   1.0000          NULL 
294.9503    4    5.100   1.0000          evt4
300.0504    0    3.400   1.0000          NULL 
303.4504    6    5.100   1.0000          evt6
308.5504    0    1.700   1.0000          NULL 
310.2504    6    5.100   1.0000          evt6
315.3504    0    2.550   1.0000          NULL 
317.9004    6    5.100   1.0000          evt6
323.0004    0    2.550   1.0000          NULL 
325.5504    6    5.100   1.0000          evt6
330.6505    6    5.100   1.0000          evt6
335.7505    4    5.100   1.0000          evt4
340.8505    0    0.850   1.0000          NULL 
341.7005    6    5.100   1.0000          evt6
346.8005    3    5.100   1.0000          evt3
351.9005    0    3.400   1.0000          NULL 
355.3005    1    5.100   1.0000          evt1
