  0.0000    1    5.100   1.0000          evt1
  5.1000    0    1.700   1.0000          NULL 
  6.8000    6    5.100   1.0000          evt6
 11.9000    4    5.100   1.0000          evt4
 17.0000    0    4.250   1.0000          NULL 
 21.2500    4    5.100   1.0000          evt4
 26.3500    0    5.100   1.0000          NULL 
 31.4500    4    5.100   1.0000          evt4
 36.5500    6    5.100   1.0000          evt6
 41.6500    0    0.850   1.0000          NULL 
 42.5000    5    5.100   1.0000          evt5
 47.6000    0    0.850   1.0000          NULL 
 48.4500    1    5.100   1.0000          evt1
 53.5500    0    1.700   1.0000          NULL 
 55.2500    4    5.100   1.0000          evt4
 60.3500    4    5.100   1.0000          evt4
 65.4500    4    5.100   1.0000          evt4
 70.5500    0    2.550   1.0000          NULL 
 73.1000    5    5.100   1.0000          evt5
 78.2000    0    1.700   1.0000          NULL 
 79.9000    4    5.100   1.0000          evt4
 85.0000    3    5.100   1.0000          evt3
 90.1000    0    1.700   1.0000          NULL 
 91.8000    4    5.100   1.0000          evt4
 96.9000    1    5.100   1.0000          evt1
102.0000    0    0.850   1.0000          NULL 
102.8500    1    5.100   1.0000          evt1
107.9500    0    1.700   1.0000          NULL 
109.6500    3    5.100   1.0000          evt3
114.7500    0    0.850   1.0000          NULL 
115.6000    4    5.100   1.0000          evt4
120.7000    0    0.850   1.0000          NULL 
121.5500    3    5.100   1.0000          evt3
126.6500    0    0.850   1.0000          NULL 
127.5000    3    5.100   1.0000          evt3
132.6000    0    0.850   1.0000          NULL 
133.4500    6    5.100   1.0000          evt6
138.5500    1    5.100   1.0000          evt1
143.6500    3    5.100   1.0000          evt3
148.7500    0    1.700   1.0000          NULL 
150.4500    4    5.100   1.0000          evt4
155.5500    0    5.100   1.0000          NULL 
160.6500    6    5.100   1.0000          evt6
165.7500    0    2.550   1.0000          NULL 
168.3001    3    5.100   1.0000          evt3
173.4001    0    0.850   1.0000          NULL 
174.2501    3    5.100   1.0000          evt3
179.3501    0    3.400   1.0000          NULL 
182.7501    6    5.100   1.0000          evt6
187.8501    3    5.100   1.0000          evt3
192.9501    0    1.700   1.0000          NULL 
194.6501    3    5.100   1.0000          evt3
199.7501    0    0.850   1.0000          NULL 
200.6001    5    5.100   1.0000          evt5
205.7001    0    1.700   1.0000          NULL 
207.4002    6    5.100   1.0000          evt6
212.5002    0    4.250   1.0000          NULL 
216.7502    3    5.100   1.0000          evt3
221.8502    2    5.100   1.0000          evt2
226.9502    5    5.100   1.0000          evt5
232.0502    0    0.850   1.0000          NULL 
232.9002    1    5.100   1.0000          evt1
238.0002    0    2.550   1.0000          NULL 
240.5502    2    5.100   1.0000          evt2
245.6503    0    0.850   1.0000          NULL 
246.5003    2    5.100   1.0000          evt2
251.6003    0    2.550   1.0000          NULL 
254.1503    6    5.100   1.0000          evt6
259.2503    0    2.550   1.0000          NULL 
261.8003    1    5.100   1.0000          evt1
266.9003    2    5.100   1.0000          evt2
272.0003    0    1.700   1.0000          NULL 
273.7003    1    5.100   1.0000          evt1
278.8003    0    0.850   1.0000          NULL 
279.6503    6    5.100   1.0000          evt6
284.7503    0    5.100   1.0000          NULL 
289.8504    1    5.100   1.0000          evt1
294.9504    0    0.850   1.0000          NULL 
295.8004    6    5.100   1.0000          evt6
300.9004    4    5.100   1.0000          evt4
306.0004    6    5.100   1.0000          evt6
311.1004    0    1.700   1.0000          NULL 
312.8004    6    5.100   1.0000          evt6
317.9004    0    4.250   1.0000          NULL 
322.1505    1    5.100   1.0000          evt1
327.2505    0    3.400   1.0000          NULL 
330.6505    3    5.100   1.0000          evt3
335.7505    0    2.550   1.0000          NULL 
338.3005    1    5.100   1.0000          evt1
343.4005    0    1.700   1.0000          NULL 
345.1005    5    5.100   1.0000          evt5
350.2005    0    3.400   1.0000          NULL 
353.6006    2    5.100   1.0000          evt2
358.7006    0    1.699   1.0000          NULL 
