  0.0000    6    5.100   1.0000          evt6
  5.1000    0    0.850   1.0000          NULL 
  5.9500    1    5.100   1.0000          evt1
 11.0500    0    2.550   1.0000          NULL 
 13.6000    2    5.100   1.0000          evt2
 18.7000    0    2.550   1.0000          NULL 
 21.2500    4    5.100   1.0000          evt4
 26.3500    0    1.700   1.0000          NULL 
 28.0500    2    5.100   1.0000          evt2
 33.1500    0    0.850   1.0000          NULL 
 34.0000    4    5.100   1.0000          evt4
 39.1000    0    0.850   1.0000          NULL 
 39.9500    2    5.100   1.0000          evt2
 45.0500    0    1.700   1.0000          NULL 
 46.7500    3    5.100   1.0000          evt3
 51.8500    0    2.550   1.0000          NULL 
 54.4000    4    5.100   1.0000          evt4
 59.5000    0    1.700   1.0000          NULL 
 61.2000    6    5.100   1.0000          evt6
 66.3000    0    0.850   1.0000          NULL 
 67.1500    3    5.100   1.0000          evt3
 72.2500    0    1.700   1.0000          NULL 
 73.9500    3    5.100   1.0000          evt3
 79.0500    0    0.850   1.0000          NULL 
 79.9000    4    5.100   1.0000          evt4
 85.0000    0    0.850   1.0000          NULL 
 85.8500    4    5.100   1.0000          evt4
 90.9500    0    3.400   1.0000          NULL 
 94.3500    6    5.100   1.0000          evt6
 99.4500    0    0.850   1.0000          NULL 
100.3000    6    5.100   1.0000          evt6
105.4000    0    1.700   1.0000          NULL 
107.1000    1    5.100   1.0000          evt1
112.2000    0    0.850   1.0000          NULL 
113.0499    3    5.100   1.0000          evt3
118.1499    0    3.400   1.0000          NULL 
121.5499    5    5.100   1.0000          evt5
126.6499    0    0.850   1.0000          NULL 
127.4999    5    5.100   1.0000          evt5
132.5999    0    0.850   1.0000          NULL 
133.4500    4    5.100   1.0000          evt4
138.5500    0    3.400   1.0000          NULL 
141.9500    1    5.100   1.0000          evt1
147.0500    0    0.850   1.0000          NULL 
147.9000    1    5.100   1.0000          evt1
153.0000    0    0.850   1.0000          NULL 
153.8500    6    5.100   1.0000          evt6
158.9500    0    1.700   1.0000          NULL 
160.6500    6    5.100   1.0000          evt6
165.7500    0    0.850   1.0000          NULL 
166.6000    4    5.100   1.0000          evt4
171.7000    0    0.850   1.0000          NULL 
172.5500    4    5.100   1.0000          evt4
177.6501    0    0.850   1.0000          NULL 
178.5001    6    5.100   1.0000          evt6
183.6001    0    2.550   1.0000          NULL 
186.1501    1    5.100   1.0000          evt1
191.2501    0    0.850   1.0000          NULL 
192.1001    4    5.100   1.0000          evt4
197.2001    0    3.400   1.0000          NULL 
200.6001    4    5.100   1.0000          evt4
205.7001    0    4.250   1.0000          NULL 
209.9502    6    5.100   1.0000          evt6
215.0502    0    2.550   1.0000          NULL 
217.6002    1    5.100   1.0000          evt1
222.7002    0    0.850   1.0000          NULL 
223.5502    3    5.100   1.0000          evt3
228.6502    0    3.400   1.0000          NULL 
232.0502    3    5.100   1.0000          evt3
237.1502    0    1.700   1.0000          NULL 
238.8503    2    5.100   1.0000          evt2
243.9503    0    0.850   1.0000          NULL 
244.8003    2    5.100   1.0000          evt2
249.9003    0    0.850   1.0000          NULL 
250.7503    6    5.100   1.0000          evt6
255.8503    0    0.850   1.0000          NULL 
256.7003    1    5.100   1.0000          evt1
261.8003    0    0.850   1.0000          NULL 
262.6503    1    5.100   1.0000          evt1
267.7503    0    0.850   1.0000          NULL 
268.6003    6    5.100   1.0000          evt6
273.7003    0    0.850   1.0000          NULL 
274.5503    5    5.100   1.0000          evt5
279.6503    0    0.850   1.0000          NULL 
280.5003    5    5.100   1.0000          evt5
285.6003    0    0.850   1.0000          NULL 
286.4503    3    5.100   1.0000          evt3
291.5504    0    1.700   1.0000          NULL 
293.2504    1    5.100   1.0000          evt1
298.3504    0    0.850   1.0000          NULL 
299.2004    3    5.100   1.0000          evt3
304.3004    0    1.700   1.0000          NULL 
306.0004    3    5.100   1.0000          evt3
311.1004    0    0.850   1.0000          NULL 
311.9504    3    5.100   1.0000          evt3
317.0504    0    2.550   1.0000          NULL 
319.6004    6    5.100   1.0000          evt6
324.7004    0    2.550   1.0000          NULL 
327.2505    1    5.100   1.0000          evt1
332.3505    0    0.850   1.0000          NULL 
333.2005    3    5.100   1.0000          evt3
338.3005    0    0.850   1.0000          NULL 
339.1505    4    5.100   1.0000          evt4
344.2505    0    2.550   1.0000          NULL 
346.8005    1    5.100   1.0000          evt1
351.9005    0    0.850   1.0000          NULL 
352.7505    5    5.100   1.0000          evt5
357.8505    0    2.549   1.0000          NULL 
