  0.0000    3    5.100   1.0000          evt3
  5.1000    0    2.550   1.0000          NULL 
  7.6500    5    5.100   1.0000          evt5
 12.7500    6    5.100   1.0000          evt6
 17.8500    0    2.550   1.0000          NULL 
 20.4000    4    5.100   1.0000          evt4
 25.5000    2    5.100   1.0000          evt2
 30.6000    2    5.100   1.0000          evt2
 35.7000    1    5.100   1.0000          evt1
 40.8000    0    3.400   1.0000          NULL 
 44.2000    3    5.100   1.0000          evt3
 49.3000    4    5.100   1.0000          evt4
 54.4000    0    2.550   1.0000          NULL 
 56.9500    5    5.100   1.0000          evt5
 62.0500    1    5.100   1.0000          evt1
 67.1500    1    5.100   1.0000          evt1
 72.2500    0    0.850   1.0000          NULL 
 73.1000    1    5.100   1.0000          evt1
 78.2000    4    5.100   1.0000          evt4
 83.3000    0    2.550   1.0000          NULL 
 85.8500    4    5.100   1.0000          evt4
 90.9500    0    0.850   1.0000          NULL 
 91.8000    2    5.100   1.0000          evt2
 96.9000    3    5.100   1.0000          evt3
102.0000    6    5.100   1.0000          evt6
107.1000    3    5.100   1.0000          evt3
112.2000    0    5.950   1.0000          NULL 
118.1500    3    5.100   1.0000          evt3
123.2500    0    2.550   1.0000          NULL 
125.7999    4    5.100   1.0000          evt4
130.8999    0    6.800   1.0000          NULL 
137.7000    6    5.100   1.0000          evt6
142.8000    0    0.850   1.0000          NULL 
143.6500    6    5.100   1.0000          evt6
148.7500    0    3.400   1.0000          NULL 
152.1500    6    5.100   1.0000          evt6
157.2500    5    5.100   1.0000          evt5
162.3501    0    0.850   1.0000          NULL 
163.2001    1    5.100   1.0000          evt1
168.3001    0    1.700   1.0000          NULL 
170.0001    3    5.100   1.0000          evt3
175.1001    6    5.100   1.0000          evt6
180.2001    0    2.550   1.0000          NULL 
182.7501    4    5.100   1.0000          evt4
187.8501    0    2.550   1.0000          NULL 
190.4001    4    5.100   1.0000          evt4
195.5001    0    0.850   1.0000          NULL 
196.3501    1    5.100   1.0000          evt1
201.4501    0    1.700   1.0000          NULL 
203.1502    1    5.100   1.0000          evt1
208.2502    0    1.700   1.0000          NULL 
209.9502    4    5.100   1.0000          evt4
215.0502    0    0.850   1.0000          NULL 
215.9002    4    5.100   1.0000          evt4
221.0002    3    5.100   1.0000          evt3
226.1002    0    0.850   1.0000          NULL 
226.9502    1    5.100   1.0000          evt1
232.0502    0    7.650   1.0000          NULL 
239.7003    6    5.100   1.0000          evt6
244.8003    2    5.100   1.0000          evt2
249.9003    6    5.100   1.0000          evt6
255.0003    0    5.100   1.0000          NULL 
260.1003    6    5.100   1.0000          evt6
265.2003    1    5.100   1.0000          evt1
270.3003    0    0.850   1.0000          NULL 
271.1503    5    5.100   1.0000          evt5
276.2503    0    2.550   1.0000          NULL 
278.8004    6    5.100   1.0000          evt6
283.9004    0    0.850   1.0000          NULL 
284.7504    2    5.100   1.0000          evt2
289.8504    0    0.850   1.0000          NULL 
290.7004    5    5.100   1.0000          evt5
295.8004    6    5.100   1.0000          evt6
300.9004    0    2.550   1.0000          NULL 
303.4504    4    5.100   1.0000          evt4
308.5504    0    0.850   1.0000          NULL 
309.4004    3    5.100   1.0000          evt3
314.5004    0    0.850   1.0000          NULL 
315.3504    1    5.100   1.0000          evt1
320.4504    0    1.700   1.0000          NULL 
322.1505    1    5.100   1.0000          evt1
327.2505    0    6.800   1.0000          NULL 
334.0505    3    5.100   1.0000          evt3
339.1505    0    0.850   1.0000          NULL 
340.0005    3    5.100   1.0000          evt3
345.1005    0    5.100   1.0000          NULL 
350.2006    4    5.100   1.0000          evt4
355.3006    3    5.100   1.0000          evt3
