  0.0000    2    5.100   1.0000          evt2
  5.1000    0    2.550   1.0000          NULL 
  7.6500    5    5.100   1.0000          evt5
 12.7500    0    0.850   1.0000          NULL 
 13.6000    2    5.100   1.0000          evt2
 18.7000    0    2.550   1.0000          NULL 
 21.2500    3    5.100   1.0000          evt3
 26.3500    0    1.700   1.0000          NULL 
 28.0500    6    5.100   1.0000          evt6
 33.1500    0    0.850   1.0000          NULL 
 34.0000    4    5.100   1.0000          evt4
 39.1000    0    0.850   1.0000          NULL 
 39.9500    5    5.100   1.0000          evt5
 45.0500    0    1.700   1.0000          NULL 
 46.7500    1    5.100   1.0000          evt1
 51.8500    0    1.700   1.0000          NULL 
 53.5500    1    5.100   1.0000          evt1
 58.6500    0    0.850   1.0000          NULL 
 59.5000    4    5.100   1.0000          evt4
 64.6000    0    0.850   1.0000          NULL 
 65.4500    1    5.100   1.0000          evt1
 70.5500    0    0.850   1.0000          NULL 
 71.4000    2    5.100   1.0000          evt2
 76.5000    0    2.550   1.0000          NULL 
 79.0500    4    5.100   1.0000          evt4
 84.1500    0    0.850   1.0000          NULL 
 85.0000    1    5.100   1.0000          evt1
 90.1000    0    0.850   1.0000          NULL 
 90.9500    5    5.100   1.0000          evt5
 96.0500    0    3.400   1.0000          NULL 
 99.4500    1    5.100   1.0000          evt1
104.5500    0    0.850   1.0000          NULL 
105.4000    4    5.100   1.0000          evt4
110.5000    0    2.550   1.0000          NULL 
113.0499    6    5.100   1.0000          evt6
118.1499    0    3.400   1.0000          NULL 
121.5499    4    5.100   1.0000          evt4
126.6499    0    2.550   1.0000          NULL 
129.2000    3    5.100   1.0000          evt3
134.3000    0    0.850   1.0000          NULL 
135.1500    4    5.100   1.0000          evt4
140.2500    0    2.550   1.0000          NULL 
142.8000    4    5.100   1.0000          evt4
147.9000    0    0.850   1.0000          NULL 
148.7500    6    5.100   1.0000          evt6
153.8500    0    0.850   1.0000          NULL 
154.7000    1    5.100   1.0000          evt1
159.8000    0    0.850   1.0000          NULL 
160.6500    3    5.100   1.0000          evt3
165.7500    0    0.850   1.0000          NULL 
166.6000    3    5.100   1.0000          evt3
171.7000    0    0.850   1.0000          NULL 
172.5500    6    5.100   1.0000          evt6
177.6501    0    0.850   1.0000          NULL 
178.5001    4    5.100   1.0000          evt4
183.6001    0    0.850   1.0000          NULL 
184.4501    4    5.100   1.0000          evt4
189.5501    0    0.850   1.0000          NULL 
190.4001    6    5.100   1.0000          evt6
195.5001    0    1.700   1.0000          NULL 
197.2001    3    5.100   1.0000          evt3
202.3001    0    0.850   1.0000          NULL 
203.1501    1    5.100   1.0000          evt1
208.2501    0    0.850   1.0000          NULL 
209.1001    6    5.100   1.0000          evt6
214.2001    0    2.550   1.0000          NULL 
216.7502    4    5.100   1.0000          evt4
221.8502    0    1.700   1.0000          NULL 
223.5502    2    5.100   1.0000          evt2
228.6502    0    0.850   1.0000          NULL 
229.5002    5    5.100   1.0000          evt5
234.6002    0    0.850   1.0000          NULL 
235.4502    3    5.100   1.0000          evt3
240.5502    0    0.850   1.0000          NULL 
241.4002    1    5.100   1.0000          evt1
246.5002    0    0.850   1.0000          NULL 
247.3502    3    5.100   1.0000          evt3
252.4502    0    0.850   1.0000          NULL 
253.3002    3    5.100   1.0000          evt3
258.4002    0    1.700   1.0000          NULL 
260.1003    1    5.100   1.0000          evt1
265.2003    0    0.850   1.0000          NULL 
266.0503    4    5.100   1.0000          evt4
271.1503    0    1.700   1.0000          NULL 
272.8503    3    5.100   1.0000          evt3
277.9503    0    0.850   1.0000          NULL 
278.8003    6    5.100   1.0000          evt6
283.9003    0    4.250   1.0000          NULL 
288.1503    6    5.100   1.0000          evt6
293.2503    0    0.850   1.0000          NULL 
294.1003    6    5.100   1.0000          evt6
299.2003    0    1.700   1.0000          NULL 
300.9004    2    5.100   1.0000          evt2
306.0004    0    4.250   1.0000          NULL 
310.2504    6    5.100   1.0000          evt6
315.3504    0    0.850   1.0000          NULL 
316.2004    6    5.100   1.0000          evt6
321.3004    0    2.550   1.0000          NULL 
323.8504    1    5.100   1.0000          evt1
328.9504    0    0.850   1.0000          NULL 
329.8004    3    5.100   1.0000          evt3
334.9005    0    0.850   1.0000          NULL 
335.7505    5    5.100   1.0000          evt5
340.8505    0    0.850   1.0000          NULL 
341.7005    3    5.100   1.0000          evt3
346.8005    0    5.100   1.0000          NULL 
351.9005    1    5.100   1.0000          evt1
357.0005    0    3.400   1.0000          NULL 
