  0.0000    3    5.100   1.0000          evt3
  5.1000    0    0.850   1.0000          NULL 
  5.9500    6    5.100   1.0000          evt6
 11.0500    4    5.100   1.0000          evt4
 16.1500    0    1.700   1.0000          NULL 
 17.8500    3    5.100   1.0000          evt3
 22.9500    0    0.850   1.0000          NULL 
 23.8000    6    5.100   1.0000          evt6
 28.9000    0    1.700   1.0000          NULL 
 30.6000    3    5.100   1.0000          evt3
 35.7000    0    2.550   1.0000          NULL 
 38.2500    2    5.100   1.0000          evt2
 43.3500    0    1.700   1.0000          NULL 
 45.0500    2    5.100   1.0000          evt2
 50.1500    0    4.250   1.0000          NULL 
 54.4000    5    5.100   1.0000          evt5
 59.5000    4    5.100   1.0000          evt4
 64.6000    0    1.700   1.0000          NULL 
 66.3000    3    5.100   1.0000          evt3
 71.4000    2    5.100   1.0000          evt2
 76.5000    0    4.250   1.0000          NULL 
 80.7500    2    5.100   1.0000          evt2
 85.8500    0    5.100   1.0000          NULL 
 90.9500    1    5.100   1.0000          evt1
 96.0500    0    1.700   1.0000          NULL 
 97.7500    4    5.100   1.0000          evt4
102.8500    3    5.100   1.0000          evt3
107.9500    0    5.950   1.0000          NULL 
113.8999    6    5.100   1.0000          evt6
118.9999    0    2.550   1.0000          NULL 
121.5499    1    5.100   1.0000          evt1
126.6499    0    0.850   1.0000          NULL 
127.4999    4    5.100   1.0000          evt4
132.5999    0    0.850   1.0000          NULL 
133.4499    5    5.100   1.0000          evt5
138.5499    0    5.950   1.0000          NULL 
144.5000    4    5.100   1.0000          evt4
149.6000    0    1.700   1.0000          NULL 
151.3000    4    5.100   1.0000          evt4
156.4000    0    1.700   1.0000          NULL 
158.1000    6    5.100   1.0000          evt6
163.2000    0    1.700   1.0000          NULL 
164.9000    1    5.100   1.0000          evt1
170.0000    0    0.850   1.0000          NULL 
170.8501    4    5.100   1.0000          evt4
175.9501    0    1.700   1.0000          NULL 
177.6501    3    5.100   1.0000          evt3
182.7501    6    5.100   1.0000          evt6
187.8501    0    0.850   1.0000          NULL 
188.7001    4    5.100   1.0000          evt4
193.8001    3    5.100   1.0000          evt3
198.9001    0    0.850   1.0000          NULL 
199.7501    4    5.100   1.0000          evt4
204.8501    0    3.400   1.0000          NULL 
208.2501    3    5.100   1.0000          evt3
213.3501    0    4.250   1.0000          NULL 
217.6002    6    5.100   1.0000          evt6
222.7002    1    5.100   1.0000          evt1
227.8002    0    3.400   1.0000          NULL 
231.2002    3    5.100   1.0000          evt3
236.3002    5    5.100   1.0000          evt5
241.4002    5    5.100   1.0000          evt5
246.5002    1    5.100   1.0000          evt1
251.6002    0    1.700   1.0000          NULL 
253.3002    1    5.100   1.0000          evt1
258.4002    1    5.100   1.0000          evt1
263.5002    0    1.700   1.0000          NULL 
265.2003    6    5.100   1.0000          evt6
270.3003    0    4.250   1.0000          NULL 
274.5503    1    5.100   1.0000          evt1
279.6503    5    5.100   1.0000          evt5
284.7503    1    5.100   1.0000          evt1
289.8503    6    5.100   1.0000          evt6
294.9503    0    1.700   1.0000          NULL 
296.6503    6    5.100   1.0000          evt6
301.7503    0    0.850   1.0000          NULL 
302.6003    3    5.100   1.0000          evt3
307.7003    1    5.100   1.0000          evt1
312.8004    0    1.700   1.0000          NULL 
314.5004    1    5.100   1.0000          evt1
319.6004    6    5.100   1.0000          evt6
324.7004    0    0.850   1.0000          NULL 
325.5504    4    5.100   1.0000          evt4
330.6504    4    5.100   1.0000          evt4
335.7504    0    2.550   1.0000          NULL 
338.3004    3    5.100   1.0000          evt3
343.4004    0    1.700   1.0000          NULL 
345.1004    6    5.100   1.0000          evt6
350.2004    0    0.850   1.0000          NULL 
351.0504    2    5.100   1.0000          evt2
356.1505    0    4.250   1.0000          NULL 
