  0.0000    4    5.100   1.0000          evt4
  5.1000    0    0.850   1.0000          NULL 
  5.9500    4    5.100   1.0000          evt4
 11.0500    0    2.550   1.0000          NULL 
 13.6000    5    5.100   1.0000          evt5
 18.7000    0    0.850   1.0000          NULL 
 19.5500    2    5.100   1.0000          evt2
 24.6500    0    4.250   1.0000          NULL 
 28.9000    1    5.100   1.0000          evt1
 34.0000    0    3.400   1.0000          NULL 
 37.4000    3    5.100   1.0000          evt3
 42.5000    0    1.700   1.0000          NULL 
 44.2000    1    5.100   1.0000          evt1
 49.3000    0    1.700   1.0000          NULL 
 51.0000    6    5.100   1.0000          evt6
 56.1000    0    0.850   1.0000          NULL 
 56.9500    4    5.100   1.0000          evt4
 62.0500    0    1.700   1.0000          NULL 
 63.7500    3    5.100   1.0000          evt3
 68.8500    0    1.700   1.0000          NULL 
 70.5500    3    5.100   1.0000          evt3
 75.6500    0    1.700   1.0000          NULL 
 77.3500    3    5.100   1.0000          evt3
 82.4500    0    0.850   1.0000          NULL 
 83.3000    6    5.100   1.0000          evt6
 88.4000    0    1.700   1.0000          NULL 
 90.1000    6    5.100   1.0000          evt6
 95.2000    0    2.550   1.0000          NULL 
 97.7500    1    5.100   1.0000          evt1
102.8500    0    0.850   1.0000          NULL 
103.7000    2    5.100   1.0000          evt2
108.8000    0    2.550   1.0000          NULL 
111.3500    6    5.100   1.0000          evt6
116.4500    0    1.700   1.0000          NULL 
118.1499    6    5.100   1.0000          evt6
123.2499    0    2.550   1.0000          NULL 
125.7999    3    5.100   1.0000          evt3
130.8999    0    0.850   1.0000          NULL 
131.7500    6    5.100   1.0000          evt6
136.8500    0    1.700   1.0000          NULL 
138.5500    4    5.100   1.0000          evt4
143.6500    0    0.850   1.0000          NULL 
144.5000    1    5.100   1.0000          evt1
149.6000    0    1.700   1.0000          NULL 
151.3000    1    5.100   1.0000          evt1
156.4000    0    0.850   1.0000          NULL 
157.2500    1    5.100   1.0000          evt1
162.3500    0    1.700   1.0000          NULL 
164.0500    6    5.100   1.0000          evt6
169.1500    0    0.850   1.0000          NULL 
170.0000    2    5.100   1.0000          evt2
175.1001    0    0.850   1.0000          NULL 
175.9501    5    5.100   1.0000          evt5
181.0501    0    0.850   1.0000          NULL 
181.9001    1    5.100   1.0000          evt1
187.0001    0    0.850   1.0000          NULL 
187.8501    1    5.100   1.0000          evt1
192.9501    0    1.700   1.0000          NULL 
194.6501    6    5.100   1.0000          evt6
199.7501    0    1.700   1.0000          NULL 
201.4501    3    5.100   1.0000          evt3
206.5501    0    0.850   1.0000          NULL 
207.4001    4    5.100   1.0000          evt4
212.5001    0    0.850   1.0000          NULL 
213.3501    3    5.100   1.0000          evt3
218.4501    0    0.850   1.0000          NULL 
219.3002    2    5.100   1.0000          evt2
224.4002    0    0.850   1.0000          NULL 
225.2502    4    5.100   1.0000          evt4
230.3502    0    2.550   1.0000          NULL 
232.9002    4    5.100   1.0000          evt4
238.0002    0    1.700   1.0000          NULL 
239.7002    2    5.100   1.0000          evt2
244.8002    0    0.850   1.0000          NULL 
245.6502    3    5.100   1.0000          evt3
250.7502    0    3.400   1.0000          NULL 
254.1503    4    5.100   1.0000          evt4
259.2502    0    4.250   1.0000          NULL 
263.5003    6    5.100   1.0000          evt6
268.6003    0    0.850   1.0000          NULL 
269.4503    5    5.100   1.0000          evt5
274.5503    0    0.850   1.0000          NULL 
275.4003    3    5.100   1.0000          evt3
280.5003    0    0.850   1.0000          NULL 
281.3503    4    5.100   1.0000          evt4
286.4503    0    0.850   1.0000          NULL 
287.3003    1    5.100   1.0000          evt1
292.4003    0    0.850   1.0000          NULL 
293.2503    4    5.100   1.0000          evt4
298.3503    0    2.550   1.0000          NULL 
300.9004    6    5.100   1.0000          evt6
306.0004    0    2.550   1.0000          NULL 
308.5504    5    5.100   1.0000          evt5
313.6504    0    4.250   1.0000          NULL 
317.9004    4    5.100   1.0000          evt4
323.0004    0    0.850   1.0000          NULL 
323.8504    6    5.100   1.0000          evt6
328.9504    0    0.850   1.0000          NULL 
329.8004    3    5.100   1.0000          evt3
334.9005    0    0.850   1.0000          NULL 
335.7505    1    5.100   1.0000          evt1
340.8505    0    1.700   1.0000          NULL 
342.5505    1    5.100   1.0000          evt1
347.6505    0    0.850   1.0000          NULL 
348.5005    3    5.100   1.0000          evt3
353.6005    0    0.850   1.0000          NULL 
354.4505    5    5.100   1.0000          evt5
359.5505    0    0.850   1.0000          NULL 
