  0.0000    4    5.100   1.0000          evt4
  5.1000    0    1.700   1.0000          NULL 
  6.8000    2    5.100   1.0000          evt2
 11.9000    5    5.100   1.0000          evt5
 17.0000    0   11.900   1.0000          NULL 
 28.9000    3    5.100   1.0000          evt3
 34.0000    1    5.100   1.0000          evt1
 39.1000    3    5.100   1.0000          evt3
 44.2000    0    1.700   1.0000          NULL 
 45.9000    3    5.100   1.0000          evt3
 51.0000    3    5.100   1.0000          evt3
 56.1000    0    1.700   1.0000          NULL 
 57.8000    3    5.100   1.0000          evt3
 62.9000    4    5.100   1.0000          evt4
 68.0000    2    5.100   1.0000          evt2
 73.1000    4    5.100   1.0000          evt4
 78.2000    1    5.100   1.0000          evt1
 83.3000    0    1.700   1.0000          NULL 
 85.0000    6    5.100   1.0000          evt6
 90.1000    0    1.700   1.0000          NULL 
 91.8000    4    5.100   1.0000          evt4
 96.9000    0    0.850   1.0000          NULL 
 97.7500    6    5.100   1.0000          evt6
102.8500    0    4.250   1.0000          NULL 
107.1000    6    5.100   1.0000          evt6
112.2000    0    3.400   1.0000          NULL 
115.6000    1    5.100   1.0000          evt1
120.7000    6    5.100   1.0000          evt6
125.8000    3    5.100   1.0000          evt3
130.9000    4    5.100   1.0000          evt4
136.0000    0    0.850   1.0000          NULL 
136.8500    4    5.100   1.0000          evt4
141.9500    4    5.100   1.0000          evt4
147.0500    0    3.400   1.0000          NULL 
150.4500    6    5.100   1.0000          evt6
155.5500    0    1.700   1.0000          NULL 
157.2500    4    5.100   1.0000          evt4
162.3500    0    0.850   1.0000          NULL 
163.2000    1    5.100   1.0000          evt1
168.3000    0    0.850   1.0000          NULL 
169.1501    1    5.100   1.0000          evt1
174.2501    6    5.100   1.0000          evt6
179.3501    0    3.400   1.0000          NULL 
182.7501    1    5.100   1.0000          evt1
187.8501    0    5.100   1.0000          NULL 
192.9501    6    5.100   1.0000          evt6
198.0501    0    5.100   1.0000          NULL 
203.1502    6    5.100   1.0000          evt6
208.2502    0    2.550   1.0000          NULL 
210.8002    6    5.100   1.0000          evt6
215.9002    0    0.850   1.0000          NULL 
216.7502    5    5.100   1.0000          evt5
221.8502    3    5.100   1.0000          evt3
226.9502    5    5.100   1.0000          evt5
232.0502    1    5.100   1.0000          evt1
237.1502    1    5.100   1.0000          evt1
242.2502    5    5.100   1.0000          evt5
247.3503    3    5.100   1.0000          evt3
252.4503    1    5.100   1.0000          evt1
257.5503    3    5.100   1.0000          evt3
262.6503    4    5.100   1.0000          evt4
267.7503    0    2.550   1.0000          NULL 
270.3003    6    5.100   1.0000          evt6
275.4003    0    3.400   1.0000          NULL 
278.8003    1    5.100   1.0000          evt1
283.9003    0    5.100   1.0000          NULL 
289.0004    4    5.100   1.0000          evt4
294.1004    0    2.550   1.0000          NULL 
296.6504    6    5.100   1.0000          evt6
301.7504    3    5.100   1.0000          evt3
306.8504    0    5.100   1.0000          NULL 
311.9504    2    5.100   1.0000          evt2
317.0504    0    5.100   1.0000          NULL 
322.1505    2    5.100   1.0000          evt2
327.2505    5    5.100   1.0000          evt5
332.3505    0    3.400   1.0000          NULL 
335.7505    3    5.100   1.0000          evt3
340.8505    2    5.100   1.0000          evt2
345.9505    0    2.550   1.0000          NULL 
348.5005    1    5.100   1.0000          evt1
353.6006    0    0.850   1.0000          NULL 
354.4506    4    5.100   1.0000          evt4
359.5506    0    0.849   1.0000          NULL 
