  0.0000    3    5.100   1.0000          evt3
  5.1000    0    5.100   1.0000          NULL 
 10.2000    2    5.100   1.0000          evt2
 15.3000    4    5.100   1.0000          evt4
 20.4000    6    5.100   1.0000          evt6
 25.5000    0    3.400   1.0000          NULL 
 28.9000    4    5.100   1.0000          evt4
 34.0000    0    2.550   1.0000          NULL 
 36.5500    6    5.100   1.0000          evt6
 41.6500    0    0.850   1.0000          NULL 
 42.5000    6    5.100   1.0000          evt6
 47.6000    3    5.100   1.0000          evt3
 52.7000    6    5.100   1.0000          evt6
 57.8000    0    3.400   1.0000          NULL 
 61.2000    3    5.100   1.0000          evt3
 66.3000    0    5.100   1.0000          NULL 
 71.4000    1    5.100   1.0000          evt1
 76.5000    0    4.250   1.0000          NULL 
 80.7500    3    5.100   1.0000          evt3
 85.8500    6    5.100   1.0000          evt6
 90.9500    1    5.100   1.0000          evt1
 96.0500    0    4.250   1.0000          NULL 
100.3000    1    5.100   1.0000          evt1
105.4000    0    3.400   1.0000          NULL 
108.7999    4    5.100   1.0000          evt4
113.8999    4    5.100   1.0000          evt4
118.9999    0    0.850   1.0000          NULL 
119.8499    4    5.100   1.0000          evt4
124.9499    0    1.700   1.0000          NULL 
126.6499    4    5.100   1.0000          evt4
131.7499    0    0.850   1.0000          NULL 
132.5999    3    5.100   1.0000          evt3
137.7000    0    1.700   1.0000          NULL 
139.4000    1    5.100   1.0000          evt1
144.5000    0    0.850   1.0000          NULL 
145.3500    6    5.100   1.0000          evt6
150.4500    0   10.200   1.0000          NULL 
160.6501    4    5.100   1.0000          evt4
165.7501    4    5.100   1.0000          evt4
170.8501    0    0.850   1.0000          NULL 
171.7001    2    5.100   1.0000          evt2
176.8001    1    5.100   1.0000          evt1
181.9001    4    5.100   1.0000          evt4
187.0001    0    1.700   1.0000          NULL 
188.7001    1    5.100   1.0000          evt1
193.8001    0    0.850   1.0000          NULL 
194.6501    4    5.100   1.0000          evt4
199.7501    0    3.400   1.0000          NULL 
203.1501    6    5.100   1.0000          evt6
208.2502    0    1.700   1.0000          NULL 
209.9502    3    5.100   1.0000          evt3
215.0502    0    0.850   1.0000          NULL 
215.9002    6    5.100   1.0000          evt6
221.0002    0    1.700   1.0000          NULL 
222.7002    1    5.100   1.0000          evt1
227.8002    0    0.850   1.0000          NULL 
228.6502    6    5.100   1.0000          evt6
233.7502    1    5.100   1.0000          evt1
238.8502    0    0.850   1.0000          NULL 
239.7002    5    5.100   1.0000          evt5
244.8002    0    2.550   1.0000          NULL 
247.3503    5    5.100   1.0000          evt5
252.4503    2    5.100   1.0000          evt2
257.5503    1    5.100   1.0000          evt1
262.6503    0    0.850   1.0000          NULL 
263.5003    5    5.100   1.0000          evt5
268.6003    0    2.550   1.0000          NULL 
271.1503    1    5.100   1.0000          evt1
276.2503    0    2.550   1.0000          NULL 
278.8003    4    5.100   1.0000          evt4
283.9003    0    0.850   1.0000          NULL 
284.7503    3    5.100   1.0000          evt3
289.8503    0    4.250   1.0000          NULL 
294.1004    2    5.100   1.0000          evt2
299.2004    0    2.550   1.0000          NULL 
301.7504    1    5.100   1.0000          evt1
306.8504    0    1.700   1.0000          NULL 
308.5504    3    5.100   1.0000          evt3
313.6504    0    0.850   1.0000          NULL 
314.5004    6    5.100   1.0000          evt6
319.6004    5    5.100   1.0000          evt5
324.7004    3    5.100   1.0000          evt3
329.8004    0    0.850   1.0000          NULL 
330.6505    3    5.100   1.0000          evt3
335.7505    3    5.100   1.0000          evt3
340.8505    6    5.100   1.0000          evt6
345.9505    0    0.850   1.0000          NULL 
346.8005    5    5.100   1.0000          evt5
351.9005    0    1.700   1.0000          NULL 
353.6005    2    5.100   1.0000          evt2
358.7005    0    1.700   1.0000          NULL 
