  0.0000    4    5.100   1.0000          evt4
  5.1000    0    0.850   1.0000          NULL 
  5.9500    1    5.100   1.0000          evt1
 11.0500    0    0.850   1.0000          NULL 
 11.9000    4    5.100   1.0000          evt4
 17.0000    0    1.700   1.0000          NULL 
 18.7000    1    5.100   1.0000          evt1
 23.8000    0    0.850   1.0000          NULL 
 24.6500    6    5.100   1.0000          evt6
 29.7500    0    0.850   1.0000          NULL 
 30.6000    4    5.100   1.0000          evt4
 35.7000    0    0.850   1.0000          NULL 
 36.5500    3    5.100   1.0000          evt3
 41.6500    0    1.700   1.0000          NULL 
 43.3500    2    5.100   1.0000          evt2
 48.4500    0    3.400   1.0000          NULL 
 51.8500    3    5.100   1.0000          evt3
 56.9500    0    0.850   1.0000          NULL 
 57.8000    4    5.100   1.0000          evt4
 62.9000    0    0.850   1.0000          NULL 
 63.7500    6    5.100   1.0000          evt6
 68.8500    0    0.850   1.0000          NULL 
 69.7000    1    5.100   1.0000          evt1
 74.8000    0    0.850   1.0000          NULL 
 75.6500    6    5.100   1.0000          evt6
 80.7500    0    3.400   1.0000          NULL 
 84.1500    4    5.100   1.0000          evt4
 89.2500    0    0.850   1.0000          NULL 
 90.1000    1    5.100   1.0000          evt1
 95.2000    0    0.850   1.0000          NULL 
 96.0500    6    5.100   1.0000          evt6
101.1500    0    3.400   1.0000          NULL 
104.5500    3    5.100   1.0000          evt3
109.6500    0    1.700   1.0000          NULL 
111.3500    2    5.100   1.0000          evt2
116.4500    0    2.550   1.0000          NULL 
118.9999    2    5.100   1.0000          evt2
124.0999    0    0.850   1.0000          NULL 
124.9499    5    5.100   1.0000          evt5
130.0499    0    0.850   1.0000          NULL 
130.8999    5    5.100   1.0000          evt5
136.0000    0    0.850   1.0000          NULL 
136.8500    1    5.100   1.0000          evt1
141.9500    0    1.700   1.0000          NULL 
143.6500    4    5.100   1.0000          evt4
148.7500    0    3.400   1.0000          NULL 
152.1500    1    5.100   1.0000          evt1
157.2500    0    3.400   1.0000          NULL 
160.6500    3    5.100   1.0000          evt3
165.7500    0    2.550   1.0000          NULL 
168.3001    3    5.100   1.0000          evt3
173.4001    0    0.850   1.0000          NULL 
174.2501    3    5.100   1.0000          evt3
179.3501    0    1.700   1.0000          NULL 
181.0501    2    5.100   1.0000          evt2
186.1501    0    0.850   1.0000          NULL 
187.0001    4    5.100   1.0000          evt4
192.1001    0    4.250   1.0000          NULL 
196.3501    4    5.100   1.0000          evt4
201.4501    0    0.850   1.0000          NULL 
202.3002    5    5.100   1.0000          evt5
207.4002    0    0.850   1.0000          NULL 
208.2502    1    5.100   1.0000          evt1
213.3502    0    0.850   1.0000          NULL 
214.2002    6    5.100   1.0000          evt6
219.3002    0    1.700   1.0000          NULL 
221.0002    6    5.100   1.0000          evt6
226.1002    0    0.850   1.0000          NULL 
226.9502    3    5.100   1.0000          evt3
232.0502    0    0.850   1.0000          NULL 
232.9002    1    5.100   1.0000          evt1
238.0002    0    2.550   1.0000          NULL 
240.5502    2    5.100   1.0000          evt2
245.6503    0    5.100   1.0000          NULL 
250.7503    1    5.100   1.0000          evt1
255.8503    0    0.850   1.0000          NULL 
256.7003    6    5.100   1.0000          evt6
261.8003    0    0.850   1.0000          NULL 
262.6503    1    5.100   1.0000          evt1
267.7503    0    2.550   1.0000          NULL 
270.3003    6    5.100   1.0000          evt6
275.4003    0    1.700   1.0000          NULL 
277.1003    6    5.100   1.0000          evt6
282.2003    0    1.700   1.0000          NULL 
283.9004    1    5.100   1.0000          evt1
289.0004    0    0.850   1.0000          NULL 
289.8504    4    5.100   1.0000          evt4
294.9504    0    0.850   1.0000          NULL 
295.8004    3    5.100   1.0000          evt3
300.9004    0    3.400   1.0000          NULL 
304.3004    6    5.100   1.0000          evt6
309.4004    0    2.550   1.0000          NULL 
311.9504    6    5.100   1.0000          evt6
317.0504    0    0.850   1.0000          NULL 
317.9005    3    5.100   1.0000          evt3
323.0005    0    0.850   1.0000          NULL 
323.8505    4    5.100   1.0000          evt4
328.9505    0    0.850   1.0000          NULL 
329.8005    5    5.100   1.0000          evt5
334.9005    0    0.850   1.0000          NULL 
335.7505    4    5.100   1.0000          evt4
340.8505    0    0.850   1.0000          NULL 
341.7005    5    5.100   1.0000          evt5
346.8005    0    0.850   1.0000          NULL 
347.6505    3    5.100   1.0000          evt3
352.7505    0    1.700   1.0000          NULL 
354.4505    3    5.100   1.0000          evt3
359.5505    0    0.849   1.0000          NULL 
