  0.0000    1    5.100   1.0000          evt1
  5.1000    0    3.400   1.0000          NULL 
  8.5000    2    5.100   1.0000          evt2
 13.6000    0    2.550   1.0000          NULL 
 16.1500    2    5.100   1.0000          evt2
 21.2500    0    0.850   1.0000          NULL 
 22.1000    1    5.100   1.0000          evt1
 27.2000    0    0.850   1.0000          NULL 
 28.0500    1    5.100   1.0000          evt1
 33.1500    0    1.700   1.0000          NULL 
 34.8500    1    5.100   1.0000          evt1
 39.9500    0    0.850   1.0000          NULL 
 40.8000    1    5.100   1.0000          evt1
 45.9000    0    0.850   1.0000          NULL 
 46.7500    4    5.100   1.0000          evt4
 51.8500    0    2.550   1.0000          NULL 
 54.4000    4    5.100   1.0000          evt4
 59.5000    0    0.850   1.0000          NULL 
 60.3500    5    5.100   1.0000          evt5
 65.4500    0    1.700   1.0000          NULL 
 67.1500    4    5.100   1.0000          evt4
 72.2500    0    0.850   1.0000          NULL 
 73.1000    3    5.100   1.0000          evt3
 78.2000    0    0.850   1.0000          NULL 
 79.0500    3    5.100   1.0000          evt3
 84.1500    0    2.550   1.0000          NULL 
 86.7000    2    5.100   1.0000          evt2
 91.8000    0    0.850   1.0000          NULL 
 92.6500    6    5.100   1.0000          evt6
 97.7500    0    1.700   1.0000          NULL 
 99.4500    3    5.100   1.0000          evt3
104.5500    0    0.850   1.0000          NULL 
105.4000    2    5.100   1.0000          evt2
110.5000    0    1.700   1.0000          NULL 
112.2000    4    5.100   1.0000          evt4
117.2999    0    2.550   1.0000          NULL 
119.8499    3    5.100   1.0000          evt3
124.9499    0    1.700   1.0000          NULL 
126.6499    5    5.100   1.0000          evt5
131.7499    0    2.550   1.0000          NULL 
134.3000    4    5.100   1.0000          evt4
139.4000    0    0.850   1.0000          NULL 
140.2500    3    5.100   1.0000          evt3
145.3500    0    1.700   1.0000          NULL 
147.0500    5    5.100   1.0000          evt5
152.1500    0    0.850   1.0000          NULL 
153.0000    4    5.100   1.0000          evt4
158.1000    0    0.850   1.0000          NULL 
158.9500    3    5.100   1.0000          evt3
164.0500    0    0.850   1.0000          NULL 
164.9000    4    5.100   1.0000          evt4
170.0000    0    2.550   1.0000          NULL 
172.5500    6    5.100   1.0000          evt6
177.6501    0    1.700   1.0000          NULL 
179.3501    1    5.100   1.0000          evt1
184.4501    0    0.850   1.0000          NULL 
185.3001    4    5.100   1.0000          evt4
190.4001    0    1.700   1.0000          NULL 
192.1001    3    5.100   1.0000          evt3
197.2001    0    0.850   1.0000          NULL 
198.0501    1    5.100   1.0000          evt1
203.1501    0    0.850   1.0000          NULL 
204.0001    3    5.100   1.0000          evt3
209.1001    0    0.850   1.0000          NULL 
209.9501    2    5.100   1.0000          evt2
215.0501    0    4.250   1.0000          NULL 
219.3002    1    5.100   1.0000          evt1
224.4002    0    1.700   1.0000          NULL 
226.1002    1    5.100   1.0000          evt1
231.2002    0    0.850   1.0000          NULL 
232.0502    3    5.100   1.0000          evt3
237.1502    0    1.700   1.0000          NULL 
238.8502    6    5.100   1.0000          evt6
243.9502    0    1.700   1.0000          NULL 
245.6502    6    5.100   1.0000          evt6
250.7502    0    1.700   1.0000          NULL 
252.4503    6    5.100   1.0000          evt6
257.5503    0    0.850   1.0000          NULL 
258.4003    4    5.100   1.0000          evt4
263.5003    0    0.850   1.0000          NULL 
264.3503    3    5.100   1.0000          evt3
269.4503    0    1.700   1.0000          NULL 
271.1503    5    5.100   1.0000          evt5
276.2503    0    1.700   1.0000          NULL 
277.9503    1    5.100   1.0000          evt1
283.0503    0    0.850   1.0000          NULL 
283.9003    6    5.100   1.0000          evt6
289.0003    0    2.550   1.0000          NULL 
291.5504    6    5.100   1.0000          evt6
296.6504    0    5.100   1.0000          NULL 
301.7504    6    5.100   1.0000          evt6
306.8504    0    1.700   1.0000          NULL 
308.5504    6    5.100   1.0000          evt6
313.6504    0    1.700   1.0000          NULL 
315.3504    6    5.100   1.0000          evt6
320.4504    0    0.850   1.0000          NULL 
321.3004    4    5.100   1.0000          evt4
326.4005    0    2.550   1.0000          NULL 
328.9505    4    5.100   1.0000          evt4
334.0505    0    0.850   1.0000          NULL 
334.9005    5    5.100   1.0000          evt5
340.0005    0    1.700   1.0000          NULL 
341.7005    6    5.100   1.0000          evt6
346.8005    0    0.850   1.0000          NULL 
347.6505    3    5.100   1.0000          evt3
352.7505    0    0.850   1.0000          NULL 
353.6005    1    5.100   1.0000          evt1
358.7005    0    1.699   1.0000          NULL 
