  0.0000    1    5.100   1.0000          evt1
  5.1000    0    0.850   1.0000          NULL 
  5.9500    3    5.100   1.0000          evt3
 11.0500    0    1.700   1.0000          NULL 
 12.7500    1    5.100   1.0000          evt1
 17.8500    0    0.850   1.0000          NULL 
 18.7000    4    5.100   1.0000          evt4
 23.8000    0    0.850   1.0000          NULL 
 24.6500    3    5.100   1.0000          evt3
 29.7500    0    0.850   1.0000          NULL 
 30.6000    6    5.100   1.0000          evt6
 35.7000    0    0.850   1.0000          NULL 
 36.5500    1    5.100   1.0000          evt1
 41.6500    0    2.550   1.0000          NULL 
 44.2000    3    5.100   1.0000          evt3
 49.3000    0    0.850   1.0000          NULL 
 50.1500    3    5.100   1.0000          evt3
 55.2500    0    1.700   1.0000          NULL 
 56.9500    2    5.100   1.0000          evt2
 62.0500    0    0.850   1.0000          NULL 
 62.9000    4    5.100   1.0000          evt4
 68.0000    0    0.850   1.0000          NULL 
 68.8500    6    5.100   1.0000          evt6
 73.9500    0    1.700   1.0000          NULL 
 75.6500    6    5.100   1.0000          evt6
 80.7500    0    1.700   1.0000          NULL 
 82.4500    2    5.100   1.0000          evt2
 87.5500    0    0.850   1.0000          NULL 
 88.4000    4    5.100   1.0000          evt4
 93.5000    0    5.100   1.0000          NULL 
 98.6000    3    5.100   1.0000          evt3
103.7000    0    1.700   1.0000          NULL 
105.4000    4    5.100   1.0000          evt4
110.5000    0    0.850   1.0000          NULL 
111.3500    1    5.100   1.0000          evt1
116.4500    0    0.850   1.0000          NULL 
117.2999    1    5.100   1.0000          evt1
122.3999    0    0.850   1.0000          NULL 
123.2499    3    5.100   1.0000          evt3
128.3499    0    5.950   1.0000          NULL 
134.3000    4    5.100   1.0000          evt4
139.4000    0    1.700   1.0000          NULL 
141.1000    4    5.100   1.0000          evt4
146.2000    0    1.700   1.0000          NULL 
147.9000    5    5.100   1.0000          evt5
153.0000    0    0.850   1.0000          NULL 
153.8500    3    5.100   1.0000          evt3
158.9500    0    0.850   1.0000          NULL 
159.8000    6    5.100   1.0000          evt6
164.9001    0    1.700   1.0000          NULL 
166.6001    5    5.100   1.0000          evt5
171.7001    0    0.850   1.0000          NULL 
172.5501    6    5.100   1.0000          evt6
177.6501    0    2.550   1.0000          NULL 
180.2001    4    5.100   1.0000          evt4
185.3001    0    0.850   1.0000          NULL 
186.1501    1    5.100   1.0000          evt1
191.2501    0    3.400   1.0000          NULL 
194.6501    3    5.100   1.0000          evt3
199.7502    0    1.700   1.0000          NULL 
201.4502    6    5.100   1.0000          evt6
206.5502    0    4.250   1.0000          NULL 
210.8002    1    5.100   1.0000          evt1
215.9002    0    0.850   1.0000          NULL 
216.7502    1    5.100   1.0000          evt1
221.8502    0    0.850   1.0000          NULL 
222.7002    3    5.100   1.0000          evt3
227.8002    0    1.700   1.0000          NULL 
229.5002    5    5.100   1.0000          evt5
234.6003    0    4.250   1.0000          NULL 
238.8503    6    5.100   1.0000          evt6
243.9503    0    3.400   1.0000          NULL 
247.3503    2    5.100   1.0000          evt2
252.4503    0    1.700   1.0000          NULL 
254.1503    6    5.100   1.0000          evt6
259.2503    0    0.850   1.0000          NULL 
260.1003    4    5.100   1.0000          evt4
265.2003    0    0.850   1.0000          NULL 
266.0504    6    5.100   1.0000          evt6
271.1504    0    0.850   1.0000          NULL 
272.0004    3    5.100   1.0000          evt3
277.1004    0    1.700   1.0000          NULL 
278.8004    4    5.100   1.0000          evt4
283.9004    0    1.700   1.0000          NULL 
285.6004    1    5.100   1.0000          evt1
290.7004    0    0.850   1.0000          NULL 
291.5504    4    5.100   1.0000          evt4
296.6504    0    0.850   1.0000          NULL 
297.5004    2    5.100   1.0000          evt2
302.6004    0    1.700   1.0000          NULL 
304.3004    4    5.100   1.0000          evt4
309.4005    0    0.850   1.0000          NULL 
310.2505    1    5.100   1.0000          evt1
315.3505    0    0.850   1.0000          NULL 
316.2005    1    5.100   1.0000          evt1
321.3005    0    0.850   1.0000          NULL 
322.1505    6    5.100   1.0000          evt6
327.2505    0    0.850   1.0000          NULL 
328.1005    3    5.100   1.0000          evt3
333.2005    0    0.850   1.0000          NULL 
334.0505    5    5.100   1.0000          evt5
339.1505    0    1.700   1.0000          NULL 
340.8505    5    5.100   1.0000          evt5
345.9505    0    0.850   1.0000          NULL 
346.8005    2    5.100   1.0000          evt2
351.9005    0    2.550   1.0000          NULL 
354.4506    6    5.100   1.0000          evt6
359.5506    0    0.849   1.0000          NULL 
