  0.0000    4    5.100   1.0000          evt4
  5.1000    0    1.700   1.0000          NULL 
  6.8000    6    5.100   1.0000          evt6
 11.9000    0    5.100   1.0000          NULL 
 17.0000    2    5.100   1.0000          evt2
 22.1000    0    0.850   1.0000          NULL 
 22.9500    2    5.100   1.0000          evt2
 28.0500    6    5.100   1.0000          evt6
 33.1500    5    5.100   1.0000          evt5
 38.2500    1    5.100   1.0000          evt1
 43.3500    6    5.100   1.0000          evt6
 48.4500    0    5.100   1.0000          NULL 
 53.5500    3    5.100   1.0000          evt3
 58.6500    4    5.100   1.0000          evt4
 63.7500    0    0.850   1.0000          NULL 
 64.6000    3    5.100   1.0000          evt3
 69.7000    3    5.100   1.0000          evt3
 74.8000    0    2.550   1.0000          NULL 
 77.3500    4    5.100   1.0000          evt4
 82.4500    0    0.850   1.0000          NULL 
 83.3000    1    5.100   1.0000          evt1
 88.4000    1    5.100   1.0000          evt1
 93.5000    5    5.100   1.0000          evt5
 98.6000    0    1.700   1.0000          NULL 
100.3000    3    5.100   1.0000          evt3
105.4000    0    0.850   1.0000          NULL 
106.2500    4    5.100   1.0000          evt4
111.3500    0    4.250   1.0000          NULL 
115.6000    4    5.100   1.0000          evt4
120.7000    0    5.100   1.0000          NULL 
125.7999    4    5.100   1.0000          evt4
130.8999    4    5.100   1.0000          evt4
136.0000    0    2.550   1.0000          NULL 
138.5500    1    5.100   1.0000          evt1
143.6500    0    3.400   1.0000          NULL 
147.0500    6    5.100   1.0000          evt6
152.1500    0    2.550   1.0000          NULL 
154.7000    3    5.100   1.0000          evt3
159.8000    5    5.100   1.0000          evt5
164.9000    3    5.100   1.0000          evt3
170.0000    6    5.100   1.0000          evt6
175.1001    0    0.850   1.0000          NULL 
175.9501    4    5.100   1.0000          evt4
181.0501    4    5.100   1.0000          evt4
186.1501    0    0.850   1.0000          NULL 
187.0001    6    5.100   1.0000          evt6
192.1001    3    5.100   1.0000          evt3
197.2001    3    5.100   1.0000          evt3
202.3001    0    5.100   1.0000          NULL 
207.4001    6    5.100   1.0000          evt6
212.5001    0    1.700   1.0000          NULL 
214.2001    4    5.100   1.0000          evt4
219.3002    0    5.950   1.0000          NULL 
225.2502    3    5.100   1.0000          evt3
230.3502    0    5.100   1.0000          NULL 
235.4502    6    5.100   1.0000          evt6
240.5502    0    4.250   1.0000          NULL 
244.8003    1    5.100   1.0000          evt1
249.9003    0    0.850   1.0000          NULL 
250.7503    3    5.100   1.0000          evt3
255.8503    0    4.250   1.0000          NULL 
260.1003    1    5.100   1.0000          evt1
265.2003    0    5.950   1.0000          NULL 
271.1504    6    5.100   1.0000          evt6
276.2504    0    0.850   1.0000          NULL 
277.1004    1    5.100   1.0000          evt1
282.2004    0    1.700   1.0000          NULL 
283.9004    2    5.100   1.0000          evt2
289.0004    2    5.100   1.0000          evt2
294.1004    2    5.100   1.0000          evt2
299.2004    5    5.100   1.0000          evt5
304.3004    3    5.100   1.0000          evt3
309.4004    0    0.850   1.0000          NULL 
310.2504    1    5.100   1.0000          evt1
315.3504    0    2.550   1.0000          NULL 
317.9005    1    5.100   1.0000          evt1
323.0005    0    0.850   1.0000          NULL 
323.8505    1    5.100   1.0000          evt1
328.9505    0    1.700   1.0000          NULL 
330.6505    6    5.100   1.0000          evt6
335.7505    0    0.850   1.0000          NULL 
336.6005    5    5.100   1.0000          evt5
341.7005    0    0.850   1.0000          NULL 
342.5505    4    5.100   1.0000          evt4
347.6505    0    0.850   1.0000          NULL 
348.5005    1    5.100   1.0000          evt1
353.6005    0    1.700   1.0000          NULL 
355.3005    6    5.100   1.0000          evt6
