  0.0000    6    5.100   1.0000          evt6
  5.1000    2    5.100   1.0000          evt2
 10.2000    0    5.950   1.0000          NULL 
 16.1500    5    5.100   1.0000          evt5
 21.2500    0    1.700   1.0000          NULL 
 22.9500    3    5.100   1.0000          evt3
 28.0500    0    0.850   1.0000          NULL 
 28.9000    4    5.100   1.0000          evt4
 34.0000    0    4.250   1.0000          NULL 
 38.2500    1    5.100   1.0000          evt1
 43.3500    0    3.400   1.0000          NULL 
 46.7500    3    5.100   1.0000          evt3
 51.8500    0    1.700   1.0000          NULL 
 53.5500    3    5.100   1.0000          evt3
 58.6500    0    4.250   1.0000          NULL 
 62.9000    1    5.100   1.0000          evt1
 68.0000    6    5.100   1.0000          evt6
 73.1000    0    0.850   1.0000          NULL 
 73.9500    2    5.100   1.0000          evt2
 79.0500    0    5.100   1.0000          NULL 
 84.1500    4    5.100   1.0000          evt4
 89.2500    0    2.550   1.0000          NULL 
 91.8000    4    5.100   1.0000          evt4
 96.9000    1    5.100   1.0000          evt1
102.0000    4    5.100   1.0000          evt4
107.1000    0    0.850   1.0000          NULL 
107.9500    3    5.100   1.0000          evt3
113.0499    0    1.700   1.0000          NULL 
114.7499    4    5.100   1.0000          evt4
119.8499    0    0.850   1.0000          NULL 
120.6999    3    5.100   1.0000          evt3
125.7999    2    5.100   1.0000          evt2
130.8999    0    0.850   1.0000          NULL 
131.7500    4    5.100   1.0000          evt4
136.8500    0    0.850   1.0000          NULL 
137.7000    6    5.100   1.0000          evt6
142.8000    0    3.400   1.0000          NULL 
146.2000    3    5.100   1.0000          evt3
151.3000    2    5.100   1.0000          evt2
156.4000    0    0.850   1.0000          NULL 
157.2500    6    5.100   1.0000          evt6
162.3500    1    5.100   1.0000          evt1
167.4500    0    0.850   1.0000          NULL 
168.3000    4    5.100   1.0000          evt4
173.4000    3    5.100   1.0000          evt3
178.5000    1    5.100   1.0000          evt1
183.6001    6    5.100   1.0000          evt6
188.7001    3    5.100   1.0000          evt3
193.8001    3    5.100   1.0000          evt3
198.9001    5    5.100   1.0000          evt5
204.0001    0    9.350   1.0000          NULL 
213.3501    5    5.100   1.0000          evt5
218.4501    0    2.550   1.0000          NULL 
221.0002    4    5.100   1.0000          evt4
226.1002    0    5.100   1.0000          NULL 
231.2002    5    5.100   1.0000          evt5
236.3002    0    2.550   1.0000          NULL 
238.8502    6    5.100   1.0000          evt6
243.9502    1    5.100   1.0000          evt1
249.0502    6    5.100   1.0000          evt6
254.1503    0    3.400   1.0000          NULL 
257.5503    6    5.100   1.0000          evt6
262.6503    3    5.100   1.0000          evt3
267.7503    0    0.850   1.0000          NULL 
268.6003    6    5.100   1.0000          evt6
273.7003    1    5.100   1.0000          evt1
278.8003    0    0.850   1.0000          NULL 
279.6503    1    5.100   1.0000          evt1
284.7503    0    0.850   1.0000          NULL 
285.6003    6    5.100   1.0000          evt6
290.7003    0    0.850   1.0000          NULL 
291.5503    1    5.100   1.0000          evt1
296.6503    0    0.850   1.0000          NULL 
297.5003    1    5.100   1.0000          evt1
302.6003    0    0.850   1.0000          NULL 
303.4503    1    5.100   1.0000          evt1
308.5504    0    0.850   1.0000          NULL 
309.4004    6    5.100   1.0000          evt6
314.5004    0    1.700   1.0000          NULL 
316.2004    3    5.100   1.0000          evt3
321.3004    0    0.850   1.0000          NULL 
322.1504    4    5.100   1.0000          evt4
327.2504    0    1.700   1.0000          NULL 
328.9504    4    5.100   1.0000          evt4
334.0504    0    5.100   1.0000          NULL 
339.1505    5    5.100   1.0000          evt5
344.2505    0    1.700   1.0000          NULL 
345.9505    2    5.100   1.0000          evt2
351.0505    0    4.250   1.0000          NULL 
355.3005    4    5.100   1.0000          evt4
