  0.0000    6    5.100   1.0000          evt6
  5.1000    1    5.100   1.0000          evt1
 10.2000    4    5.100   1.0000          evt4
 15.3000    0    2.550   1.0000          NULL 
 17.8500    4    5.100   1.0000          evt4
 22.9500    0    0.850   1.0000          NULL 
 23.8000    1    5.100   1.0000          evt1
 28.9000    0    0.850   1.0000          NULL 
 29.7500    2    5.100   1.0000          evt2
 34.8500    0    1.700   1.0000          NULL 
 36.5500    5    5.100   1.0000          evt5
 41.6500    0    3.400   1.0000          NULL 
 45.0500    5    5.100   1.0000          evt5
 50.1500    0    3.400   1.0000          NULL 
 53.5500    6    5.100   1.0000          evt6
 58.6500    0    2.550   1.0000          NULL 
 61.2000    5    5.100   1.0000          evt5
 66.3000    1    5.100   1.0000          evt1
 71.4000    0    0.850   1.0000          NULL 
 72.2500    6    5.100   1.0000          evt6
 77.3500    0    4.250   1.0000          NULL 
 81.6000    3    5.100   1.0000          evt3
 86.7000    0    6.800   1.0000          NULL 
 93.5000    2    5.100   1.0000          evt2
 98.6000    4    5.100   1.0000          evt4
103.7000    0    0.850   1.0000          NULL 
104.5499    5    5.100   1.0000          evt5
109.6499    4    5.100   1.0000          evt4
114.7499    1    5.100   1.0000          evt1
119.8499    1    5.100   1.0000          evt1
124.9499    3    5.100   1.0000          evt3
130.0499    0    4.250   1.0000          NULL 
134.3000    3    5.100   1.0000          evt3
139.4000    3    5.100   1.0000          evt3
144.5000    0    1.700   1.0000          NULL 
146.2000    3    5.100   1.0000          evt3
151.3000    0    1.700   1.0000          NULL 
153.0000    6    5.100   1.0000          evt6
158.1000    0    5.100   1.0000          NULL 
163.2001    1    5.100   1.0000          evt1
168.3001    0    2.550   1.0000          NULL 
170.8501    4    5.100   1.0000          evt4
175.9501    1    5.100   1.0000          evt1
181.0501    6    5.100   1.0000          evt6
186.1501    1    5.100   1.0000          evt1
191.2501    0    5.100   1.0000          NULL 
196.3501    6    5.100   1.0000          evt6
201.4501    3    5.100   1.0000          evt3
206.5502    0    0.850   1.0000          NULL 
207.4002    3    5.100   1.0000          evt3
212.5002    0    0.850   1.0000          NULL 
213.3502    1    5.100   1.0000          evt1
218.4502    0    1.700   1.0000          NULL 
220.1502    4    5.100   1.0000          evt4
225.2502    5    5.100   1.0000          evt5
230.3502    0    2.550   1.0000          NULL 
232.9002    4    5.100   1.0000          evt4
238.0002    0    2.550   1.0000          NULL 
240.5502    3    5.100   1.0000          evt3
245.6503    6    5.100   1.0000          evt6
250.7503    0    2.550   1.0000          NULL 
253.3003    4    5.100   1.0000          evt4
258.4003    1    5.100   1.0000          evt1
263.5003    3    5.100   1.0000          evt3
268.6003    0    3.400   1.0000          NULL 
272.0003    4    5.100   1.0000          evt4
277.1003    6    5.100   1.0000          evt6
282.2003    0    0.850   1.0000          NULL 
283.0503    6    5.100   1.0000          evt6
288.1503    0    2.550   1.0000          NULL 
290.7003    6    5.100   1.0000          evt6
295.8004    0    5.950   1.0000          NULL 
301.7504    4    5.100   1.0000          evt4
306.8504    0    2.550   1.0000          NULL 
309.4004    3    5.100   1.0000          evt3
314.5004    2    5.100   1.0000          evt2
319.6004    6    5.100   1.0000          evt6
324.7004    0    3.400   1.0000          NULL 
328.1005    1    5.100   1.0000          evt1
333.2005    0    0.850   1.0000          NULL 
334.0505    4    5.100   1.0000          evt4
339.1505    0    1.700   1.0000          NULL 
340.8505    2    5.100   1.0000          evt2
345.9505    3    5.100   1.0000          evt3
351.0505    0    3.400   1.0000          NULL 
354.4505    2    5.100   1.0000          evt2
359.5505    0    0.849   1.0000          NULL 
