  0.0000    4    5.100   1.0000          evt4
  5.1000    0    0.850   1.0000          NULL 
  5.9500    3    5.100   1.0000          evt3
 11.0500    0    0.850   1.0000          NULL 
 11.9000    3    5.100   1.0000          evt3
 17.0000    4    5.100   1.0000          evt4
 22.1000    0    5.950   1.0000          NULL 
 28.0500    4    5.100   1.0000          evt4
 33.1500    0    0.850   1.0000          NULL 
 34.0000    2    5.100   1.0000          evt2
 39.1000    0    0.850   1.0000          NULL 
 39.9500    2    5.100   1.0000          evt2
 45.0500    0    1.700   1.0000          NULL 
 46.7500    6    5.100   1.0000          evt6
 51.8500    4    5.100   1.0000          evt4
 56.9500    0    1.700   1.0000          NULL 
 58.6500    3    5.100   1.0000          evt3
 63.7500    6    5.100   1.0000          evt6
 68.8500    0    0.850   1.0000          NULL 
 69.7000    6    5.100   1.0000          evt6
 74.8000    0    5.100   1.0000          NULL 
 79.9000    6    5.100   1.0000          evt6
 85.0000    6    5.100   1.0000          evt6
 90.1000    0    4.250   1.0000          NULL 
 94.3500    3    5.100   1.0000          evt3
 99.4500    0    0.850   1.0000          NULL 
100.3000    1    5.100   1.0000          evt1
105.4000    0    0.850   1.0000          NULL 
106.2500    6    5.100   1.0000          evt6
111.3500    0    1.700   1.0000          NULL 
113.0499    4    5.100   1.0000          evt4
118.1499    3    5.100   1.0000          evt3
123.2499    0    4.250   1.0000          NULL 
127.4999    3    5.100   1.0000          evt3
132.5999    3    5.100   1.0000          evt3
137.7000    0    2.550   1.0000          NULL 
140.2500    4    5.100   1.0000          evt4
145.3500    3    5.100   1.0000          evt3
150.4500    0    5.950   1.0000          NULL 
156.4000    1    5.100   1.0000          evt1
161.5000    0    2.550   1.0000          NULL 
164.0500    4    5.100   1.0000          evt4
169.1501    0    2.550   1.0000          NULL 
171.7001    1    5.100   1.0000          evt1
176.8001    0    0.850   1.0000          NULL 
177.6501    1    5.100   1.0000          evt1
182.7501    0    2.550   1.0000          NULL 
185.3001    2    5.100   1.0000          evt2
190.4001    0    0.850   1.0000          NULL 
191.2501    2    5.100   1.0000          evt2
196.3501    0    2.550   1.0000          NULL 
198.9001    4    5.100   1.0000          evt4
204.0002    0    1.700   1.0000          NULL 
205.7002    3    5.100   1.0000          evt3
210.8002    0    2.550   1.0000          NULL 
213.3502    1    5.100   1.0000          evt1
218.4502    1    5.100   1.0000          evt1
223.5502    0    1.700   1.0000          NULL 
225.2502    1    5.100   1.0000          evt1
230.3502    6    5.100   1.0000          evt6
235.4502    0    0.850   1.0000          NULL 
236.3002    4    5.100   1.0000          evt4
241.4002    6    5.100   1.0000          evt6
246.5002    0    0.850   1.0000          NULL 
247.3503    1    5.100   1.0000          evt1
252.4503    0    1.700   1.0000          NULL 
254.1503    5    5.100   1.0000          evt5
259.2503    4    5.100   1.0000          evt4
264.3503    1    5.100   1.0000          evt1
269.4503    0    2.550   1.0000          NULL 
272.0003    2    5.100   1.0000          evt2
277.1003    3    5.100   1.0000          evt3
282.2003    0    1.700   1.0000          NULL 
283.9003    3    5.100   1.0000          evt3
289.0003    5    5.100   1.0000          evt5
294.1003    0    1.700   1.0000          NULL 
295.8004    6    5.100   1.0000          evt6
300.9004    6    5.100   1.0000          evt6
306.0004    0    2.550   1.0000          NULL 
308.5504    5    5.100   1.0000          evt5
313.6504    6    5.100   1.0000          evt6
318.7504    0    4.250   1.0000          NULL 
323.0004    5    5.100   1.0000          evt5
328.1004    0    1.700   1.0000          NULL 
329.8004    4    5.100   1.0000          evt4
334.9005    0    0.850   1.0000          NULL 
335.7505    5    5.100   1.0000          evt5
340.8505    0    0.850   1.0000          NULL 
341.7005    1    5.100   1.0000          evt1
346.8005    0    5.100   1.0000          NULL 
351.9005    1    5.100   1.0000          evt1
357.0005    0    3.400   1.0000          NULL 
