  0.0000    1    5.100   1.0000          evt1
  5.1000    0    0.850   1.0000          NULL 
  5.9500    1    5.100   1.0000          evt1
 11.0500    0    1.700   1.0000          NULL 
 12.7500    4    5.100   1.0000          evt4
 17.8500    0    0.850   1.0000          NULL 
 18.7000    1    5.100   1.0000          evt1
 23.8000    0    1.700   1.0000          NULL 
 25.5000    2    5.100   1.0000          evt2
 30.6000    0    0.850   1.0000          NULL 
 31.4500    5    5.100   1.0000          evt5
 36.5500    0    0.850   1.0000          NULL 
 37.4000    6    5.100   1.0000          evt6
 42.5000    0    0.850   1.0000          NULL 
 43.3500    3    5.100   1.0000          evt3
 48.4500    0    1.700   1.0000          NULL 
 50.1500    1    5.100   1.0000          evt1
 55.2500    0    0.850   1.0000          NULL 
 56.1000    4    5.100   1.0000          evt4
 61.2000    0    0.850   1.0000          NULL 
 62.0500    6    5.100   1.0000          evt6
 67.1500    0    0.850   1.0000          NULL 
 68.0000    1    5.100   1.0000          evt1
 73.1000    0    1.700   1.0000          NULL 
 74.8000    3    5.100   1.0000          evt3
 79.9000    0    1.700   1.0000          NULL 
 81.6000    2    5.100   1.0000          evt2
 86.7000    0    0.850   1.0000          NULL 
 87.5500    5    5.100   1.0000          evt5
 92.6500    0    0.850   1.0000          NULL 
 93.5000    1    5.100   1.0000          evt1
 98.6000    0    4.250   1.0000          NULL 
102.8500    4    5.100   1.0000          evt4
107.9500    0    0.850   1.0000          NULL 
108.8000    3    5.100   1.0000          evt3
113.9000    0    2.550   1.0000          NULL 
116.4500    6    5.100   1.0000          evt6
121.5499    0    0.850   1.0000          NULL 
122.3999    6    5.100   1.0000          evt6
127.4999    0    4.250   1.0000          NULL 
131.7500    1    5.100   1.0000          evt1
136.8500    0    2.550   1.0000          NULL 
139.4000    4    5.100   1.0000          evt4
144.5000    0    2.550   1.0000          NULL 
147.0500    4    5.100   1.0000          evt4
152.1500    0    0.850   1.0000          NULL 
153.0000    4    5.100   1.0000          evt4
158.1000    0    1.700   1.0000          NULL 
159.8000    5    5.100   1.0000          evt5
164.9001    0    2.550   1.0000          NULL 
167.4501    6    5.100   1.0000          evt6
172.5501    0    1.700   1.0000          NULL 
174.2501    4    5.100   1.0000          evt4
179.3501    0    0.850   1.0000          NULL 
180.2001    1    5.100   1.0000          evt1
185.3001    0    1.700   1.0000          NULL 
187.0001    5    5.100   1.0000          evt5
192.1001    0    3.400   1.0000          NULL 
195.5002    1    5.100   1.0000          evt1
200.6002    0    2.550   1.0000          NULL 
203.1502    6    5.100   1.0000          evt6
208.2502    0    0.850   1.0000          NULL 
209.1002    6    5.100   1.0000          evt6
214.2002    0    0.850   1.0000          NULL 
215.0502    4    5.100   1.0000          evt4
220.1502    0    2.550   1.0000          NULL 
222.7002    5    5.100   1.0000          evt5
227.8002    0    1.700   1.0000          NULL 
229.5002    6    5.100   1.0000          evt6
234.6003    0    1.700   1.0000          NULL 
236.3003    3    5.100   1.0000          evt3
241.4003    0    2.550   1.0000          NULL 
243.9503    3    5.100   1.0000          evt3
249.0503    0    2.550   1.0000          NULL 
251.6003    6    5.100   1.0000          evt6
256.7003    0    0.850   1.0000          NULL 
257.5503    6    5.100   1.0000          evt6
262.6503    0    1.700   1.0000          NULL 
264.3503    3    5.100   1.0000          evt3
269.4503    0    0.850   1.0000          NULL 
270.3004    4    5.100   1.0000          evt4
275.4004    0    1.700   1.0000          NULL 
277.1004    1    5.100   1.0000          evt1
282.2004    0    1.700   1.0000          NULL 
283.9004    3    5.100   1.0000          evt3
289.0004    0    0.850   1.0000          NULL 
289.8504    3    5.100   1.0000          evt3
294.9504    0    0.850   1.0000          NULL 
295.8004    3    5.100   1.0000          evt3
300.9004    0    0.850   1.0000          NULL 
301.7504    6    5.100   1.0000          evt6
306.8504    0    1.700   1.0000          NULL 
308.5504    2    5.100   1.0000          evt2
313.6505    0    2.550   1.0000          NULL 
316.2005    4    5.100   1.0000          evt4
321.3005    0    0.850   1.0000          NULL 
322.1505    4    5.100   1.0000          evt4
327.2505    0    1.700   1.0000          NULL 
328.9505    1    5.100   1.0000          evt1
334.0505    0    1.700   1.0000          NULL 
335.7505    2    5.100   1.0000          evt2
340.8505    0    1.700   1.0000          NULL 
342.5505    2    5.100   1.0000          evt2
347.6505    0    0.850   1.0000          NULL 
348.5005    3    5.100   1.0000          evt3
353.6006    0    0.850   1.0000          NULL 
354.4506    3    5.100   1.0000          evt3
359.5506    0    0.849   1.0000          NULL 
