  0.0000    3    5.100   1.0000          evt3
  5.1000    0    1.700   1.0000          NULL 
  6.8000    1    5.100   1.0000          evt1
 11.9000    0    1.700   1.0000          NULL 
 13.6000    6    5.100   1.0000          evt6
 18.7000    0    2.550   1.0000          NULL 
 21.2500    3    5.100   1.0000          evt3
 26.3500    0    0.850   1.0000          NULL 
 27.2000    2    5.100   1.0000          evt2
 32.3000    0    0.850   1.0000          NULL 
 33.1500    1    5.100   1.0000          evt1
 38.2500    0    1.700   1.0000          NULL 
 39.9500    4    5.100   1.0000          evt4
 45.0500    0    1.700   1.0000          NULL 
 46.7500    3    5.100   1.0000          evt3
 51.8500    0    1.700   1.0000          NULL 
 53.5500    4    5.100   1.0000          evt4
 58.6500    0    0.850   1.0000          NULL 
 59.5000    3    5.100   1.0000          evt3
 64.6000    0    0.850   1.0000          NULL 
 65.4500    4    5.100   1.0000          evt4
 70.5500    0    1.700   1.0000          NULL 
 72.2500    4    5.100   1.0000          evt4
 77.3500    0    4.250   1.0000          NULL 
 81.6000    3    5.100   1.0000          evt3
 86.7000    0    0.850   1.0000          NULL 
 87.5500    6    5.100   1.0000          evt6
 92.6500    0    1.700   1.0000          NULL 
 94.3500    1    5.100   1.0000          evt1
 99.4500    0    0.850   1.0000          NULL 
100.3000    4    5.100   1.0000          evt4
105.4000    0    0.850   1.0000          NULL 
106.2500    3    5.100   1.0000          evt3
111.3500    0    0.850   1.0000          NULL 
112.2000    6    5.100   1.0000          evt6
117.2999    0    0.850   1.0000          NULL 
118.1499    3    5.100   1.0000          evt3
123.2499    0    0.850   1.0000          NULL 
124.0999    2    5.100   1.0000          evt2
129.2000    0    0.850   1.0000          NULL 
130.0500    6    5.100   1.0000          evt6
135.1500    0    0.850   1.0000          NULL 
136.0000    2    5.100   1.0000          evt2
141.1000    0    0.850   1.0000          NULL 
141.9500    4    5.100   1.0000          evt4
147.0500    0    0.850   1.0000          NULL 
147.9000    2    5.100   1.0000          evt2
153.0000    0    1.700   1.0000          NULL 
154.7000    3    5.100   1.0000          evt3
159.8000    0    0.850   1.0000          NULL 
160.6500    5    5.100   1.0000          evt5
165.7500    0    0.850   1.0000          NULL 
166.6000    4    5.100   1.0000          evt4
171.7000    0    2.550   1.0000          NULL 
174.2501    5    5.100   1.0000          evt5
179.3501    0    0.850   1.0000          NULL 
180.2001    6    5.100   1.0000          evt6
185.3001    0    1.700   1.0000          NULL 
187.0001    1    5.100   1.0000          evt1
192.1001    0    0.850   1.0000          NULL 
192.9501    5    5.100   1.0000          evt5
198.0501    0    0.850   1.0000          NULL 
198.9001    3    5.100   1.0000          evt3
204.0001    0    3.400   1.0000          NULL 
207.4001    5    5.100   1.0000          evt5
212.5002    0    0.850   1.0000          NULL 
213.3502    2    5.100   1.0000          evt2
218.4502    0    0.850   1.0000          NULL 
219.3002    3    5.100   1.0000          evt3
224.4002    0    1.700   1.0000          NULL 
226.1002    1    5.100   1.0000          evt1
231.2002    0    1.700   1.0000          NULL 
232.9002    1    5.100   1.0000          evt1
238.0002    0    0.850   1.0000          NULL 
238.8502    1    5.100   1.0000          evt1
243.9502    0    2.550   1.0000          NULL 
246.5002    4    5.100   1.0000          evt4
251.6003    0    0.850   1.0000          NULL 
252.4503    4    5.100   1.0000          evt4
257.5503    0    3.400   1.0000          NULL 
260.9503    1    5.100   1.0000          evt1
266.0503    0    0.850   1.0000          NULL 
266.9003    6    5.100   1.0000          evt6
272.0003    0    0.850   1.0000          NULL 
272.8503    5    5.100   1.0000          evt5
277.9503    0    1.700   1.0000          NULL 
279.6503    6    5.100   1.0000          evt6
284.7503    0    3.400   1.0000          NULL 
288.1504    6    5.100   1.0000          evt6
293.2504    0    6.800   1.0000          NULL 
300.0504    4    5.100   1.0000          evt4
305.1504    0    0.850   1.0000          NULL 
306.0004    6    5.100   1.0000          evt6
311.1004    0    2.550   1.0000          NULL 
313.6505    6    5.100   1.0000          evt6
318.7505    0    0.850   1.0000          NULL 
319.6005    4    5.100   1.0000          evt4
324.7005    0    1.700   1.0000          NULL 
326.4005    1    5.100   1.0000          evt1
331.5005    0    2.550   1.0000          NULL 
334.0505    3    5.100   1.0000          evt3
339.1505    0    1.700   1.0000          NULL 
340.8505    6    5.100   1.0000          evt6
345.9505    0    0.850   1.0000          NULL 
346.8005    1    5.100   1.0000          evt1
351.9005    0    2.550   1.0000          NULL 
354.4506    1    5.100   1.0000          evt1
359.5506    0    0.849   1.0000          NULL 
