  0.0000    3    5.100   1.0000          evt3
  5.1000    0    1.700   1.0000          NULL 
  6.8000    2    5.100   1.0000          evt2
 11.9000    0    2.550   1.0000          NULL 
 14.4500    4    5.100   1.0000          evt4
 19.5500    0    1.700   1.0000          NULL 
 21.2500    6    5.100   1.0000          evt6
 26.3500    0    0.850   1.0000          NULL 
 27.2000    1    5.100   1.0000          evt1
 32.3000    0    0.850   1.0000          NULL 
 33.1500    3    5.100   1.0000          evt3
 38.2500    0    3.400   1.0000          NULL 
 41.6500    3    5.100   1.0000          evt3
 46.7500    0    1.700   1.0000          NULL 
 48.4500    6    5.100   1.0000          evt6
 53.5500    0    3.400   1.0000          NULL 
 56.9500    4    5.100   1.0000          evt4
 62.0500    0    0.850   1.0000          NULL 
 62.9000    4    5.100   1.0000          evt4
 68.0000    0    1.700   1.0000          NULL 
 69.7000    2    5.100   1.0000          evt2
 74.8000    0    5.100   1.0000          NULL 
 79.9000    1    5.100   1.0000          evt1
 85.0000    0    0.850   1.0000          NULL 
 85.8500    1    5.100   1.0000          evt1
 90.9500    0    1.700   1.0000          NULL 
 92.6500    5    5.100   1.0000          evt5
 97.7500    0    2.550   1.0000          NULL 
100.2999    3    5.100   1.0000          evt3
105.3999    0    2.550   1.0000          NULL 
107.9499    5    5.100   1.0000          evt5
113.0499    0    2.550   1.0000          NULL 
115.5999    4    5.100   1.0000          evt4
120.6999    0    0.850   1.0000          NULL 
121.5499    4    5.100   1.0000          evt4
126.6499    0    3.400   1.0000          NULL 
130.0499    1    5.100   1.0000          evt1
135.1499    0    0.850   1.0000          NULL 
136.0000    6    5.100   1.0000          evt6
141.1000    0    0.850   1.0000          NULL 
141.9500    4    5.100   1.0000          evt4
147.0500    0    0.850   1.0000          NULL 
147.9000    3    5.100   1.0000          evt3
153.0000    0    0.850   1.0000          NULL 
153.8500    5    5.100   1.0000          evt5
158.9500    0    0.850   1.0000          NULL 
159.8000    1    5.100   1.0000          evt1
164.9000    0    0.850   1.0000          NULL 
165.7500    6    5.100   1.0000          evt6
170.8500    0    0.850   1.0000          NULL 
171.7000    6    5.100   1.0000          evt6
176.8000    0    4.250   1.0000          NULL 
181.0501    4    5.100   1.0000          evt4
186.1501    0    1.700   1.0000          NULL 
187.8501    1    5.100   1.0000          evt1
192.9501    0    0.850   1.0000          NULL 
193.8001    1    5.100   1.0000          evt1
198.9001    0    3.400   1.0000          NULL 
202.3001    2    5.100   1.0000          evt2
207.4001    0    1.700   1.0000          NULL 
209.1001    6    5.100   1.0000          evt6
214.2001    0    0.850   1.0000          NULL 
215.0502    6    5.100   1.0000          evt6
220.1502    0    0.850   1.0000          NULL 
221.0002    4    5.100   1.0000          evt4
226.1002    0    1.700   1.0000          NULL 
227.8002    3    5.100   1.0000          evt3
232.9002    0    0.850   1.0000          NULL 
233.7502    3    5.100   1.0000          evt3
238.8502    0    2.550   1.0000          NULL 
241.4002    3    5.100   1.0000          evt3
246.5002    0    1.700   1.0000          NULL 
248.2002    3    5.100   1.0000          evt3
253.3002    0    0.850   1.0000          NULL 
254.1503    2    5.100   1.0000          evt2
259.2502    0    2.550   1.0000          NULL 
261.8003    5    5.100   1.0000          evt5
266.9003    0    0.850   1.0000          NULL 
267.7503    3    5.100   1.0000          evt3
272.8503    0    0.850   1.0000          NULL 
273.7003    1    5.100   1.0000          evt1
278.8003    0    0.850   1.0000          NULL 
279.6503    1    5.100   1.0000          evt1
284.7503    0    0.850   1.0000          NULL 
285.6003    2    5.100   1.0000          evt2
290.7003    0    0.850   1.0000          NULL 
291.5503    6    5.100   1.0000          evt6
296.6503    0    0.850   1.0000          NULL 
297.5003    1    5.100   1.0000          evt1
302.6003    0    0.850   1.0000          NULL 
303.4503    3    5.100   1.0000          evt3
308.5504    0    0.850   1.0000          NULL 
309.4004    6    5.100   1.0000          evt6
314.5004    0    2.550   1.0000          NULL 
317.0504    4    5.100   1.0000          evt4
322.1504    0    1.700   1.0000          NULL 
323.8504    5    5.100   1.0000          evt5
328.9504    0    0.850   1.0000          NULL 
329.8004    1    5.100   1.0000          evt1
334.9004    0    0.850   1.0000          NULL 
335.7504    4    5.100   1.0000          evt4
340.8504    0    0.850   1.0000          NULL 
341.7004    4    5.100   1.0000          evt4
346.8004    0    0.850   1.0000          NULL 
347.6505    6    5.100   1.0000          evt6
352.7505    0    1.700   1.0000          NULL 
354.4505    6    5.100   1.0000          evt6
359.5505    0    0.850   1.0000          NULL 
