  0.0000    3    5.100   1.0000          evt3
  5.1000    0    0.850   1.0000          NULL 
  5.9500    3    5.100   1.0000          evt3
 11.0500    0    1.700   1.0000          NULL 
 12.7500    1    5.100   1.0000          evt1
 17.8500    0    0.850   1.0000          NULL 
 18.7000    4    5.100   1.0000          evt4
 23.8000    0    0.850   1.0000          NULL 
 24.6500    1    5.100   1.0000          evt1
 29.7500    0    0.850   1.0000          NULL 
 30.6000    3    5.100   1.0000          evt3
 35.7000    0    0.850   1.0000          NULL 
 36.5500    6    5.100   1.0000          evt6
 41.6500    0    1.700   1.0000          NULL 
 43.3500    2    5.100   1.0000          evt2
 48.4500    0    4.250   1.0000          NULL 
 52.7000    4    5.100   1.0000          evt4
 57.8000    0    1.700   1.0000          NULL 
 59.5000    6    5.100   1.0000          evt6
 64.6000    0    1.700   1.0000          NULL 
 66.3000    1    5.100   1.0000          evt1
 71.4000    0    2.550   1.0000          NULL 
 73.9500    2    5.100   1.0000          evt2
 79.0500    0    1.700   1.0000          NULL 
 80.7500    1    5.100   1.0000          evt1
 85.8500    0    0.850   1.0000          NULL 
 86.7000    2    5.100   1.0000          evt2
 91.8000    0    1.700   1.0000          NULL 
 93.5000    5    5.100   1.0000          evt5
 98.6000    0    3.400   1.0000          NULL 
102.0000    4    5.100   1.0000          evt4
107.1000    0    2.550   1.0000          NULL 
109.6499    3    5.100   1.0000          evt3
114.7499    0    0.850   1.0000          NULL 
115.5999    6    5.100   1.0000          evt6
120.6999    0    1.700   1.0000          NULL 
122.3999    1    5.100   1.0000          evt1
127.4999    0    0.850   1.0000          NULL 
128.3499    1    5.100   1.0000          evt1
133.4500    0    5.100   1.0000          NULL 
138.5500    1    5.100   1.0000          evt1
143.6500    0    3.400   1.0000          NULL 
147.0500    2    5.100   1.0000          evt2
152.1500    0    0.850   1.0000          NULL 
153.0000    4    5.100   1.0000          evt4
158.1000    0    0.850   1.0000          NULL 
158.9500    4    5.100   1.0000          evt4
164.0500    0    1.700   1.0000          NULL 
165.7501    1    5.100   1.0000          evt1
170.8501    0    1.700   1.0000          NULL 
172.5501    6    5.100   1.0000          evt6
177.6501    0    1.700   1.0000          NULL 
179.3501    5    5.100   1.0000          evt5
184.4501    0    0.850   1.0000          NULL 
185.3001    4    5.100   1.0000          evt4
190.4001    0    0.850   1.0000          NULL 
191.2501    6    5.100   1.0000          evt6
196.3501    0    0.850   1.0000          NULL 
197.2001    4    5.100   1.0000          evt4
202.3001    0    0.850   1.0000          NULL 
203.1501    6    5.100   1.0000          evt6
208.2502    0    0.850   1.0000          NULL 
209.1002    6    5.100   1.0000          evt6
214.2002    0    1.700   1.0000          NULL 
215.9002    3    5.100   1.0000          evt3
221.0002    0    0.850   1.0000          NULL 
221.8502    4    5.100   1.0000          evt4
226.9502    0    1.700   1.0000          NULL 
228.6502    5    5.100   1.0000          evt5
233.7502    0    1.700   1.0000          NULL 
235.4502    3    5.100   1.0000          evt3
240.5502    0    0.850   1.0000          NULL 
241.4002    6    5.100   1.0000          evt6
246.5002    0    1.700   1.0000          NULL 
248.2003    6    5.100   1.0000          evt6
253.3003    0    0.850   1.0000          NULL 
254.1503    4    5.100   1.0000          evt4
259.2503    0    1.700   1.0000          NULL 
260.9503    3    5.100   1.0000          evt3
266.0503    0    0.850   1.0000          NULL 
266.9003    6    5.100   1.0000          evt6
272.0003    0    1.700   1.0000          NULL 
273.7003    4    5.100   1.0000          evt4
278.8003    0    1.700   1.0000          NULL 
280.5003    1    5.100   1.0000          evt1
285.6003    0    0.850   1.0000          NULL 
286.4503    3    5.100   1.0000          evt3
291.5504    0    3.400   1.0000          NULL 
294.9504    3    5.100   1.0000          evt3
300.0504    0    3.400   1.0000          NULL 
303.4504    5    5.100   1.0000          evt5
308.5504    0    0.850   1.0000          NULL 
309.4004    3    5.100   1.0000          evt3
314.5004    0    0.850   1.0000          NULL 
315.3504    2    5.100   1.0000          evt2
320.4504    0    0.850   1.0000          NULL 
321.3004    6    5.100   1.0000          evt6
326.4005    0    0.850   1.0000          NULL 
327.2505    5    5.100   1.0000          evt5
332.3505    0    0.850   1.0000          NULL 
333.2005    3    5.100   1.0000          evt3
338.3005    0    0.850   1.0000          NULL 
339.1505    1    5.100   1.0000          evt1
344.2505    0    2.550   1.0000          NULL 
346.8005    4    5.100   1.0000          evt4
351.9005    0    0.850   1.0000          NULL 
352.7505    1    5.100   1.0000          evt1
357.8505    0    2.549   1.0000          NULL 
