  0.0000    2    5.100   1.0000          evt2
  5.1000    3    5.100   1.0000          evt3
 10.2000    0    6.800   1.0000          NULL 
 17.0000    1    5.100   1.0000          evt1
 22.1000    6    5.100   1.0000          evt6
 27.2000    3    5.100   1.0000          evt3
 32.3000    0    1.700   1.0000          NULL 
 34.0000    6    5.100   1.0000          evt6
 39.1000    3    5.100   1.0000          evt3
 44.2000    0    0.850   1.0000          NULL 
 45.0500    4    5.100   1.0000          evt4
 50.1500    0    1.700   1.0000          NULL 
 51.8500    4    5.100   1.0000          evt4
 56.9500    0    0.850   1.0000          NULL 
 57.8000    5    5.100   1.0000          evt5
 62.9000    0    3.400   1.0000          NULL 
 66.3000    2    5.100   1.0000          evt2
 71.4000    0    0.850   1.0000          NULL 
 72.2500    6    5.100   1.0000          evt6
 77.3500    4    5.100   1.0000          evt4
 82.4500    0    1.700   1.0000          NULL 
 84.1500    3    5.100   1.0000          evt3
 89.2500    0    4.250   1.0000          NULL 
 93.5000    3    5.100   1.0000          evt3
 98.6000    4    5.100   1.0000          evt4
103.7000    0    0.850   1.0000          NULL 
104.5500    3    5.100   1.0000          evt3
109.6500    1    5.100   1.0000          evt1
114.7500    1    5.100   1.0000          evt1
119.8500    0    0.850   1.0000          NULL 
120.7000    3    5.100   1.0000          evt3
125.7999    0    0.850   1.0000          NULL 
126.6499    3    5.100   1.0000          evt3
131.7500    0    1.700   1.0000          NULL 
133.4500    4    5.100   1.0000          evt4
138.5500    0    3.400   1.0000          NULL 
141.9500    1    5.100   1.0000          evt1
147.0500    0    3.400   1.0000          NULL 
150.4500    4    5.100   1.0000          evt4
155.5500    0    0.850   1.0000          NULL 
156.4000    1    5.100   1.0000          evt1
161.5000    0    0.850   1.0000          NULL 
162.3501    6    5.100   1.0000          evt6
167.4501    0    5.950   1.0000          NULL 
173.4001    4    5.100   1.0000          evt4
178.5001    0    1.700   1.0000          NULL 
180.2001    3    5.100   1.0000          evt3
185.3001    6    5.100   1.0000          evt6
190.4001    2    5.100   1.0000          evt2
195.5001    0    0.850   1.0000          NULL 
196.3501    1    5.100   1.0000          evt1
201.4501    0    0.850   1.0000          NULL 
202.3002    1    5.100   1.0000          evt1
207.4002    0    5.950   1.0000          NULL 
213.3502    6    5.100   1.0000          evt6
218.4502    0    3.400   1.0000          NULL 
221.8502    6    5.100   1.0000          evt6
226.9502    3    5.100   1.0000          evt3
232.0502    0    3.400   1.0000          NULL 
235.4503    1    5.100   1.0000          evt1
240.5503    0    1.700   1.0000          NULL 
242.2503    1    5.100   1.0000          evt1
247.3503    0    5.100   1.0000          NULL 
252.4503    4    5.100   1.0000          evt4
257.5503    0    5.100   1.0000          NULL 
262.6504    1    5.100   1.0000          evt1
267.7504    0    2.550   1.0000          NULL 
270.3004    6    5.100   1.0000          evt6
275.4004    6    5.100   1.0000          evt6
280.5004    4    5.100   1.0000          evt4
285.6004    0    0.850   1.0000          NULL 
286.4504    6    5.100   1.0000          evt6
291.5504    0    2.550   1.0000          NULL 
294.1004    5    5.100   1.0000          evt5
299.2004    0    0.850   1.0000          NULL 
300.0504    2    5.100   1.0000          evt2
305.1505    5    5.100   1.0000          evt5
310.2505    0    2.550   1.0000          NULL 
312.8005    5    5.100   1.0000          evt5
317.9005    0    1.700   1.0000          NULL 
319.6005    1    5.100   1.0000          evt1
324.7005    3    5.100   1.0000          evt3
329.8005    4    5.100   1.0000          evt4
334.9005    4    5.100   1.0000          evt4
340.0005    0    4.250   1.0000          NULL 
344.2505    5    5.100   1.0000          evt5
349.3506    2    5.100   1.0000          evt2
354.4506    6    5.100   1.0000          evt6
359.5506    0    0.849   1.0000          NULL 
