  0.0000    4    5.100   1.0000          evt4
  5.1000    0    4.250   1.0000          NULL 
  9.3500    1    5.100   1.0000          evt1
 14.4500    0    2.550   1.0000          NULL 
 17.0000    3    5.100   1.0000          evt3
 22.1000    0    0.850   1.0000          NULL 
 22.9500    4    5.100   1.0000          evt4
 28.0500    0    3.400   1.0000          NULL 
 31.4500    6    5.100   1.0000          evt6
 36.5500    0    0.850   1.0000          NULL 
 37.4000    1    5.100   1.0000          evt1
 42.5000    0    0.850   1.0000          NULL 
 43.3500    4    5.100   1.0000          evt4
 48.4500    0    0.850   1.0000          NULL 
 49.3000    3    5.100   1.0000          evt3
 54.4000    0    0.850   1.0000          NULL 
 55.2500    1    5.100   1.0000          evt1
 60.3500    0    0.850   1.0000          NULL 
 61.2000    1    5.100   1.0000          evt1
 66.3000    0    1.700   1.0000          NULL 
 68.0000    1    5.100   1.0000          evt1
 73.1000    0    0.850   1.0000          NULL 
 73.9500    5    5.100   1.0000          evt5
 79.0500    0    5.950   1.0000          NULL 
 85.0000    6    5.100   1.0000          evt6
 90.1000    0    1.700   1.0000          NULL 
 91.8000    3    5.100   1.0000          evt3
 96.9000    0    1.700   1.0000          NULL 
 98.6000    4    5.100   1.0000          evt4
103.7000    0    0.850   1.0000          NULL 
104.5500    3    5.100   1.0000          evt3
109.6500    0    0.850   1.0000          NULL 
110.5000    3    5.100   1.0000          evt3
115.6000    0    0.850   1.0000          NULL 
116.4500    6    5.100   1.0000          evt6
121.5499    0    2.550   1.0000          NULL 
124.0999    2    5.100   1.0000          evt2
129.2000    0    2.550   1.0000          NULL 
131.7500    3    5.100   1.0000          evt3
136.8500    0    1.700   1.0000          NULL 
138.5500    6    5.100   1.0000          evt6
143.6500    0    0.850   1.0000          NULL 
144.5000    1    5.100   1.0000          evt1
149.6000    0    0.850   1.0000          NULL 
150.4500    5    5.100   1.0000          evt5
155.5500    0    0.850   1.0000          NULL 
156.4000    6    5.100   1.0000          evt6
161.5000    0    4.250   1.0000          NULL 
165.7501    1    5.100   1.0000          evt1
170.8501    0    2.550   1.0000          NULL 
173.4001    4    5.100   1.0000          evt4
178.5001    0    0.850   1.0000          NULL 
179.3501    4    5.100   1.0000          evt4
184.4501    0    0.850   1.0000          NULL 
185.3001    6    5.100   1.0000          evt6
190.4001    0    3.400   1.0000          NULL 
193.8001    3    5.100   1.0000          evt3
198.9001    0    0.850   1.0000          NULL 
199.7502    6    5.100   1.0000          evt6
204.8502    0    0.850   1.0000          NULL 
205.7002    6    5.100   1.0000          evt6
210.8002    0    0.850   1.0000          NULL 
211.6502    3    5.100   1.0000          evt3
216.7502    0    0.850   1.0000          NULL 
217.6002    2    5.100   1.0000          evt2
222.7002    0    0.850   1.0000          NULL 
223.5502    4    5.100   1.0000          evt4
228.6502    0    0.850   1.0000          NULL 
229.5002    5    5.100   1.0000          evt5
234.6002    0    0.850   1.0000          NULL 
235.4502    2    5.100   1.0000          evt2
240.5502    0    3.400   1.0000          NULL 
243.9503    4    5.100   1.0000          evt4
249.0503    0    0.850   1.0000          NULL 
249.9003    3    5.100   1.0000          evt3
255.0003    0    1.700   1.0000          NULL 
256.7003    1    5.100   1.0000          evt1
261.8003    0    0.850   1.0000          NULL 
262.6503    4    5.100   1.0000          evt4
267.7503    0    3.400   1.0000          NULL 
271.1503    1    5.100   1.0000          evt1
276.2503    0    1.700   1.0000          NULL 
277.9503    5    5.100   1.0000          evt5
283.0504    0    1.700   1.0000          NULL 
284.7504    6    5.100   1.0000          evt6
289.8504    0    1.700   1.0000          NULL 
291.5504    5    5.100   1.0000          evt5
296.6504    0    0.850   1.0000          NULL 
297.5004    1    5.100   1.0000          evt1
302.6004    0    1.700   1.0000          NULL 
304.3004    6    5.100   1.0000          evt6
309.4004    0    0.850   1.0000          NULL 
310.2504    4    5.100   1.0000          evt4
315.3504    0    2.550   1.0000          NULL 
317.9005    3    5.100   1.0000          evt3
323.0005    0    1.700   1.0000          NULL 
324.7005    2    5.100   1.0000          evt2
329.8005    0    0.850   1.0000          NULL 
330.6505    6    5.100   1.0000          evt6
335.7505    0    0.850   1.0000          NULL 
336.6005    3    5.100   1.0000          evt3
341.7005    0    0.850   1.0000          NULL 
342.5505    4    5.100   1.0000          evt4
347.6505    0    0.850   1.0000          NULL 
348.5005    2    5.100   1.0000          evt2
353.6005    0    0.850   1.0000          NULL 
354.4505    1    5.100   1.0000          evt1
359.5505    0    0.849   1.0000          NULL 
