  0.0000    3    5.100   1.0000          evt3
  5.1000    0    4.250   1.0000          NULL 
  9.3500    6    5.100   1.0000          evt6
 14.4500    0    0.850   1.0000          NULL 
 15.3000    1    5.100   1.0000          evt1
 20.4000    0    1.700   1.0000          NULL 
 22.1000    3    5.100   1.0000          evt3
 27.2000    0    2.550   1.0000          NULL 
 29.7500    1    5.100   1.0000          evt1
 34.8500    0    4.250   1.0000          NULL 
 39.1000    4    5.100   1.0000          evt4
 44.2000    0    3.400   1.0000          NULL 
 47.6000    3    5.100   1.0000          evt3
 52.7000    0    0.850   1.0000          NULL 
 53.5500    6    5.100   1.0000          evt6
 58.6500    0    0.850   1.0000          NULL 
 59.5000    6    5.100   1.0000          evt6
 64.6000    0    1.700   1.0000          NULL 
 66.3000    4    5.100   1.0000          evt4
 71.4000    0    0.850   1.0000          NULL 
 72.2500    1    5.100   1.0000          evt1
 77.3500    0    0.850   1.0000          NULL 
 78.2000    1    5.100   1.0000          evt1
 83.3000    0    0.850   1.0000          NULL 
 84.1500    2    5.100   1.0000          evt2
 89.2500    0    1.700   1.0000          NULL 
 90.9500    3    5.100   1.0000          evt3
 96.0500    0    0.850   1.0000          NULL 
 96.9000    5    5.100   1.0000          evt5
102.0000    0    2.550   1.0000          NULL 
104.5500    6    5.100   1.0000          evt6
109.6500    0    0.850   1.0000          NULL 
110.5000    6    5.100   1.0000          evt6
115.6000    0    0.850   1.0000          NULL 
116.4500    4    5.100   1.0000          evt4
121.5499    0    0.850   1.0000          NULL 
122.3999    5    5.100   1.0000          evt5
127.4999    0    0.850   1.0000          NULL 
128.3499    4    5.100   1.0000          evt4
133.4500    0    1.700   1.0000          NULL 
135.1500    4    5.100   1.0000          evt4
140.2500    0    0.850   1.0000          NULL 
141.1000    6    5.100   1.0000          evt6
146.2000    0    1.700   1.0000          NULL 
147.9000    1    5.100   1.0000          evt1
153.0000    0    1.700   1.0000          NULL 
154.7000    3    5.100   1.0000          evt3
159.8000    0    2.550   1.0000          NULL 
162.3500    6    5.100   1.0000          evt6
167.4500    0    0.850   1.0000          NULL 
168.3000    4    5.100   1.0000          evt4
173.4001    0    0.850   1.0000          NULL 
174.2501    3    5.100   1.0000          evt3
179.3501    0    0.850   1.0000          NULL 
180.2001    4    5.100   1.0000          evt4
185.3001    0    0.850   1.0000          NULL 
186.1501    2    5.100   1.0000          evt2
191.2501    0    0.850   1.0000          NULL 
192.1001    3    5.100   1.0000          evt3
197.2001    0    0.850   1.0000          NULL 
198.0501    6    5.100   1.0000          evt6
203.1501    0    4.250   1.0000          NULL 
207.4001    1    5.100   1.0000          evt1
212.5002    0    3.400   1.0000          NULL 
215.9002    3    5.100   1.0000          evt3
221.0002    0    2.550   1.0000          NULL 
223.5502    2    5.100   1.0000          evt2
228.6502    0    0.850   1.0000          NULL 
229.5002    1    5.100   1.0000          evt1
234.6002    0    0.850   1.0000          NULL 
235.4502    2    5.100   1.0000          evt2
240.5502    0    1.700   1.0000          NULL 
242.2502    5    5.100   1.0000          evt5
247.3503    0    0.850   1.0000          NULL 
248.2003    2    5.100   1.0000          evt2
253.3003    0    0.850   1.0000          NULL 
254.1503    4    5.100   1.0000          evt4
259.2503    0    0.850   1.0000          NULL 
260.1003    5    5.100   1.0000          evt5
265.2003    0    2.550   1.0000          NULL 
267.7503    3    5.100   1.0000          evt3
272.8503    0    0.850   1.0000          NULL 
273.7003    1    5.100   1.0000          evt1
278.8003    0    1.700   1.0000          NULL 
280.5003    6    5.100   1.0000          evt6
285.6003    0    1.700   1.0000          NULL 
287.3004    6    5.100   1.0000          evt6
292.4004    0    1.700   1.0000          NULL 
294.1004    5    5.100   1.0000          evt5
299.2004    0    2.550   1.0000          NULL 
301.7504    4    5.100   1.0000          evt4
306.8504    0    0.850   1.0000          NULL 
307.7004    1    5.100   1.0000          evt1
312.8004    0    1.700   1.0000          NULL 
314.5004    4    5.100   1.0000          evt4
319.6004    0    0.850   1.0000          NULL 
320.4504    1    5.100   1.0000          evt1
325.5504    0    2.550   1.0000          NULL 
328.1005    6    5.100   1.0000          evt6
333.2005    0    2.550   1.0000          NULL 
335.7505    1    5.100   1.0000          evt1
340.8505    0    0.850   1.0000          NULL 
341.7005    4    5.100   1.0000          evt4
346.8005    0    1.700   1.0000          NULL 
348.5005    3    5.100   1.0000          evt3
353.6005    0    0.850   1.0000          NULL 
354.4505    3    5.100   1.0000          evt3
359.5505    0    0.849   1.0000          NULL 
