  0.0000    6    5.100   1.0000          evt6
  5.1000    4    5.100   1.0000          evt4
 10.2000    1    5.100   1.0000          evt1
 15.3000    0    0.850   1.0000          NULL 
 16.1500    4    5.100   1.0000          evt4
 21.2500    3    5.100   1.0000          evt3
 26.3500    0    5.950   1.0000          NULL 
 32.3000    6    5.100   1.0000          evt6
 37.4000    0    5.100   1.0000          NULL 
 42.5000    1    5.100   1.0000          evt1
 47.6000    0    0.850   1.0000          NULL 
 48.4500    3    5.100   1.0000          evt3
 53.5500    0    0.850   1.0000          NULL 
 54.4000    6    5.100   1.0000          evt6
 59.5000    0    0.850   1.0000          NULL 
 60.3500    4    5.100   1.0000          evt4
 65.4500    0    0.850   1.0000          NULL 
 66.3000    2    5.100   1.0000          evt2
 71.4000    0    0.850   1.0000          NULL 
 72.2500    4    5.100   1.0000          evt4
 77.3500    0    3.400   1.0000          NULL 
 80.7500    3    5.100   1.0000          evt3
 85.8500    0    0.850   1.0000          NULL 
 86.7000    2    5.100   1.0000          evt2
 91.8000    5    5.100   1.0000          evt5
 96.9000    0    2.550   1.0000          NULL 
 99.4500    3    5.100   1.0000          evt3
104.5500    0    0.850   1.0000          NULL 
105.4000    5    5.100   1.0000          evt5
110.5000    0    1.700   1.0000          NULL 
112.2000    3    5.100   1.0000          evt3
117.2999    3    5.100   1.0000          evt3
122.3999    0    1.700   1.0000          NULL 
124.0999    4    5.100   1.0000          evt4
129.2000    6    5.100   1.0000          evt6
134.3000    0    1.700   1.0000          NULL 
136.0000    5    5.100   1.0000          evt5
141.1000    0    2.550   1.0000          NULL 
143.6500    1    5.100   1.0000          evt1
148.7500    0    0.850   1.0000          NULL 
149.6000    4    5.100   1.0000          evt4
154.7000    0    3.400   1.0000          NULL 
158.1000    1    5.100   1.0000          evt1
163.2000    0    2.550   1.0000          NULL 
165.7501    1    5.100   1.0000          evt1
170.8501    1    5.100   1.0000          evt1
175.9501    0    0.850   1.0000          NULL 
176.8001    1    5.100   1.0000          evt1
181.9001    0    0.850   1.0000          NULL 
182.7501    6    5.100   1.0000          evt6
187.8501    6    5.100   1.0000          evt6
192.9501    3    5.100   1.0000          evt3
198.0501    0    0.850   1.0000          NULL 
198.9001    3    5.100   1.0000          evt3
204.0001    0    6.800   1.0000          NULL 
210.8002    3    5.100   1.0000          evt3
215.9002    1    5.100   1.0000          evt1
221.0002    3    5.100   1.0000          evt3
226.1002    2    5.100   1.0000          evt2
231.2002    0    0.850   1.0000          NULL 
232.0502    1    5.100   1.0000          evt1
237.1502    0    0.850   1.0000          NULL 
238.0002    6    5.100   1.0000          evt6
243.1002    0    0.850   1.0000          NULL 
243.9502    5    5.100   1.0000          evt5
249.0502    2    5.100   1.0000          evt2
254.1502    2    5.100   1.0000          evt2
259.2502    0    0.850   1.0000          NULL 
260.1003    4    5.100   1.0000          evt4
265.2003    0    3.400   1.0000          NULL 
268.6003    6    5.100   1.0000          evt6
273.7003    0    0.850   1.0000          NULL 
274.5503    4    5.100   1.0000          evt4
279.6503    6    5.100   1.0000          evt6
284.7503    0    1.700   1.0000          NULL 
286.4503    1    5.100   1.0000          evt1
291.5503    6    5.100   1.0000          evt6
296.6503    0    0.850   1.0000          NULL 
297.5003    1    5.100   1.0000          evt1
302.6003    0    5.100   1.0000          NULL 
307.7004    5    5.100   1.0000          evt5
312.8004    0    1.700   1.0000          NULL 
314.5004    4    5.100   1.0000          evt4
319.6004    0    3.400   1.0000          NULL 
323.0004    3    5.100   1.0000          evt3
328.1004    0    3.400   1.0000          NULL 
331.5005    4    5.100   1.0000          evt4
336.6005    0    6.800   1.0000          NULL 
343.4005    6    5.100   1.0000          evt6
348.5005    0    2.550   1.0000          NULL 
351.0505    4    5.100   1.0000          evt4
356.1505    0    4.249   1.0000          NULL 
