  0.0000    1    5.100   1.0000          evt1
  5.1000    4    5.100   1.0000          evt4
 10.2000    0    0.850   1.0000          NULL 
 11.0500    1    5.100   1.0000          evt1
 16.1500    0    1.700   1.0000          NULL 
 17.8500    3    5.100   1.0000          evt3
 22.9500    0    0.850   1.0000          NULL 
 23.8000    5    5.100   1.0000          evt5
 28.9000    2    5.100   1.0000          evt2
 34.0000    0    0.850   1.0000          NULL 
 34.8500    4    5.100   1.0000          evt4
 39.9500    0    1.700   1.0000          NULL 
 41.6500    3    5.100   1.0000          evt3
 46.7500    0    0.850   1.0000          NULL 
 47.6000    2    5.100   1.0000          evt2
 52.7000    0    2.550   1.0000          NULL 
 55.2500    2    5.100   1.0000          evt2
 60.3500    3    5.100   1.0000          evt3
 65.4500    0    1.700   1.0000          NULL 
 67.1500    4    5.100   1.0000          evt4
 72.2500    0    0.850   1.0000          NULL 
 73.1000    1    5.100   1.0000          evt1
 78.2000    3    5.100   1.0000          evt3
 83.3000    0    3.400   1.0000          NULL 
 86.7000    4    5.100   1.0000          evt4
 91.8000    0    2.550   1.0000          NULL 
 94.3500    3    5.100   1.0000          evt3
 99.4500    1    5.100   1.0000          evt1
104.5500    1    5.100   1.0000          evt1
109.6500    0    0.850   1.0000          NULL 
110.5000    2    5.100   1.0000          evt2
115.6000    0    0.850   1.0000          NULL 
116.4500    4    5.100   1.0000          evt4
121.5499    0    3.400   1.0000          NULL 
124.9499    6    5.100   1.0000          evt6
130.0499    0    2.550   1.0000          NULL 
132.6000    3    5.100   1.0000          evt3
137.7000    0    1.700   1.0000          NULL 
139.4000    4    5.100   1.0000          evt4
144.5000    0   11.050   1.0000          NULL 
155.5501    6    5.100   1.0000          evt6
160.6501    0    2.550   1.0000          NULL 
163.2001    1    5.100   1.0000          evt1
168.3001    0    1.700   1.0000          NULL 
170.0001    6    5.100   1.0000          evt6
175.1001    6    5.100   1.0000          evt6
180.2001    0    3.400   1.0000          NULL 
183.6001    4    5.100   1.0000          evt4
188.7001    1    5.100   1.0000          evt1
193.8002    0    2.550   1.0000          NULL 
196.3502    5    5.100   1.0000          evt5
201.4502    0    1.700   1.0000          NULL 
203.1502    2    5.100   1.0000          evt2
208.2502    1    5.100   1.0000          evt1
213.3502    0    0.850   1.0000          NULL 
214.2002    5    5.100   1.0000          evt5
219.3002    0    1.700   1.0000          NULL 
221.0002    1    5.100   1.0000          evt1
226.1002    6    5.100   1.0000          evt6
231.2002    6    5.100   1.0000          evt6
236.3002    0    0.850   1.0000          NULL 
237.1503    4    5.100   1.0000          evt4
242.2503    0    1.700   1.0000          NULL 
243.9503    4    5.100   1.0000          evt4
249.0503    6    5.100   1.0000          evt6
254.1503    0    1.700   1.0000          NULL 
255.8503    1    5.100   1.0000          evt1
260.9503    0    2.550   1.0000          NULL 
263.5003    3    5.100   1.0000          evt3
268.6003    0    1.700   1.0000          NULL 
270.3003    4    5.100   1.0000          evt4
275.4003    0    3.400   1.0000          NULL 
278.8004    6    5.100   1.0000          evt6
283.9004    0    0.850   1.0000          NULL 
284.7504    6    5.100   1.0000          evt6
289.8504    0    1.700   1.0000          NULL 
291.5504    3    5.100   1.0000          evt3
296.6504    0    0.850   1.0000          NULL 
297.5004    3    5.100   1.0000          evt3
302.6004    0    1.700   1.0000          NULL 
304.3004    6    5.100   1.0000          evt6
309.4004    0    0.850   1.0000          NULL 
310.2504    3    5.100   1.0000          evt3
315.3504    0    5.100   1.0000          NULL 
320.4505    3    5.100   1.0000          evt3
325.5505    4    5.100   1.0000          evt4
330.6505    0    2.550   1.0000          NULL 
333.2005    1    5.100   1.0000          evt1
338.3005    0    0.850   1.0000          NULL 
339.1505    5    5.100   1.0000          evt5
344.2505    0    2.550   1.0000          NULL 
346.8005    6    5.100   1.0000          evt6
351.9005    0    3.400   1.0000          NULL 
355.3006    5    5.100   1.0000          evt5
