  0.0000    4    5.100   1.0000          evt4
  5.1000    0    0.850   1.0000          NULL 
  5.9500    4    5.100   1.0000          evt4
 11.0500    0    0.850   1.0000          NULL 
 11.9000    3    5.100   1.0000          evt3
 17.0000    0    0.850   1.0000          NULL 
 17.8500    3    5.100   1.0000          evt3
 22.9500    0    0.850   1.0000          NULL 
 23.8000    1    5.100   1.0000          evt1
 28.9000    0    2.550   1.0000          NULL 
 31.4500    4    5.100   1.0000          evt4
 36.5500    0    1.700   1.0000          NULL 
 38.2500    1    5.100   1.0000          evt1
 43.3500    0    0.850   1.0000          NULL 
 44.2000    3    5.100   1.0000          evt3
 49.3000    0    3.400   1.0000          NULL 
 52.7000    1    5.100   1.0000          evt1
 57.8000    0    0.850   1.0000          NULL 
 58.6500    1    5.100   1.0000          evt1
 63.7500    0    1.700   1.0000          NULL 
 65.4500    2    5.100   1.0000          evt2
 70.5500    0    1.700   1.0000          NULL 
 72.2500    3    5.100   1.0000          evt3
 77.3500    0    1.700   1.0000          NULL 
 79.0500    6    5.100   1.0000          evt6
 84.1500    0    1.700   1.0000          NULL 
 85.8500    4    5.100   1.0000          evt4
 90.9500    0    1.700   1.0000          NULL 
 92.6500    6    5.100   1.0000          evt6
 97.7500    0    0.850   1.0000          NULL 
 98.6000    5    5.100   1.0000          evt5
103.7000    0    0.850   1.0000          NULL 
104.5500    3    5.100   1.0000          evt3
109.6500    0    0.850   1.0000          NULL 
110.5000    6    5.100   1.0000          evt6
115.6000    0    1.700   1.0000          NULL 
117.2999    3    5.100   1.0000          evt3
122.3999    0    0.850   1.0000          NULL 
123.2499    4    5.100   1.0000          evt4
128.3499    0    1.700   1.0000          NULL 
130.0500    6    5.100   1.0000          evt6
135.1500    0    1.700   1.0000          NULL 
136.8500    6    5.100   1.0000          evt6
141.9500    0    0.850   1.0000          NULL 
142.8000    1    5.100   1.0000          evt1
147.9000    0    3.400   1.0000          NULL 
151.3000    6    5.100   1.0000          evt6
156.4000    0    1.700   1.0000          NULL 
158.1000    5    5.100   1.0000          evt5
163.2000    0    2.550   1.0000          NULL 
165.7501    2    5.100   1.0000          evt2
170.8501    0    1.700   1.0000          NULL 
172.5501    1    5.100   1.0000          evt1
177.6501    0    0.850   1.0000          NULL 
178.5001    1    5.100   1.0000          evt1
183.6001    0    3.400   1.0000          NULL 
187.0001    4    5.100   1.0000          evt4
192.1001    0    0.850   1.0000          NULL 
192.9501    6    5.100   1.0000          evt6
198.0501    0    0.850   1.0000          NULL 
198.9001    4    5.100   1.0000          evt4
204.0002    0    0.850   1.0000          NULL 
204.8502    5    5.100   1.0000          evt5
209.9502    0    0.850   1.0000          NULL 
210.8002    2    5.100   1.0000          evt2
215.9002    0    0.850   1.0000          NULL 
216.7502    3    5.100   1.0000          evt3
221.8502    0    2.550   1.0000          NULL 
224.4002    4    5.100   1.0000          evt4
229.5002    0    1.700   1.0000          NULL 
231.2002    5    5.100   1.0000          evt5
236.3002    0    0.850   1.0000          NULL 
237.1502    6    5.100   1.0000          evt6
242.2502    0    1.700   1.0000          NULL 
243.9503    2    5.100   1.0000          evt2
249.0503    0    0.850   1.0000          NULL 
249.9003    6    5.100   1.0000          evt6
255.0003    0    1.700   1.0000          NULL 
256.7003    3    5.100   1.0000          evt3
261.8003    0    0.850   1.0000          NULL 
262.6503    6    5.100   1.0000          evt6
267.7503    0    1.700   1.0000          NULL 
269.4503    1    5.100   1.0000          evt1
274.5503    0    0.850   1.0000          NULL 
275.4003    6    5.100   1.0000          evt6
280.5003    0    0.850   1.0000          NULL 
281.3503    3    5.100   1.0000          evt3
286.4503    0    3.400   1.0000          NULL 
289.8504    3    5.100   1.0000          evt3
294.9504    0    0.850   1.0000          NULL 
295.8004    1    5.100   1.0000          evt1
300.9004    0    2.550   1.0000          NULL 
303.4504    2    5.100   1.0000          evt2
308.5504    0    2.550   1.0000          NULL 
311.1004    4    5.100   1.0000          evt4
316.2004    0    0.850   1.0000          NULL 
317.0504    4    5.100   1.0000          evt4
322.1505    0    5.100   1.0000          NULL 
327.2505    4    5.100   1.0000          evt4
332.3505    0    0.850   1.0000          NULL 
333.2005    3    5.100   1.0000          evt3
338.3005    0    0.850   1.0000          NULL 
339.1505    1    5.100   1.0000          evt1
344.2505    0    2.550   1.0000          NULL 
346.8005    1    5.100   1.0000          evt1
351.9005    0    1.700   1.0000          NULL 
353.6006    5    5.100   1.0000          evt5
358.7006    0    1.699   1.0000          NULL 
