  0.0000    4    5.100   1.0000          evt4
  5.1000    0    3.400   1.0000          NULL 
  8.5000    6    5.100   1.0000          evt6
 13.6000    0    0.850   1.0000          NULL 
 14.4500    5    5.100   1.0000          evt5
 19.5500    3    5.100   1.0000          evt3
 24.6500    0    1.700   1.0000          NULL 
 26.3500    2    5.100   1.0000          evt2
 31.4500    0    1.700   1.0000          NULL 
 33.1500    3    5.100   1.0000          evt3
 38.2500    1    5.100   1.0000          evt1
 43.3500    0    2.550   1.0000          NULL 
 45.9000    4    5.100   1.0000          evt4
 51.0000    5    5.100   1.0000          evt5
 56.1000    0    1.700   1.0000          NULL 
 57.8000    1    5.100   1.0000          evt1
 62.9000    0    1.700   1.0000          NULL 
 64.6000    1    5.100   1.0000          evt1
 69.7000    0    4.250   1.0000          NULL 
 73.9500    3    5.100   1.0000          evt3
 79.0500    0    2.550   1.0000          NULL 
 81.6000    5    5.100   1.0000          evt5
 86.7000    5    5.100   1.0000          evt5
 91.8000    0    9.350   1.0000          NULL 
101.1499    6    5.100   1.0000          evt6
106.2499    6    5.100   1.0000          evt6
111.3499    3    5.100   1.0000          evt3
116.4499    0    2.550   1.0000          NULL 
118.9999    2    5.100   1.0000          evt2
124.0999    3    5.100   1.0000          evt3
129.1999    2    5.100   1.0000          evt2
134.2999    0    1.700   1.0000          NULL 
136.0000    3    5.100   1.0000          evt3
141.1000    1    5.100   1.0000          evt1
146.2000    0    2.550   1.0000          NULL 
148.7500    3    5.100   1.0000          evt3
153.8500    0    0.850   1.0000          NULL 
154.7000    5    5.100   1.0000          evt5
159.8000    0    0.850   1.0000          NULL 
160.6500    4    5.100   1.0000          evt4
165.7500    0    1.700   1.0000          NULL 
167.4500    6    5.100   1.0000          evt6
172.5500    0    1.700   1.0000          NULL 
174.2500    3    5.100   1.0000          evt3
179.3501    0    0.850   1.0000          NULL 
180.2001    3    5.100   1.0000          evt3
185.3001    4    5.100   1.0000          evt4
190.4001    4    5.100   1.0000          evt4
195.5001    0    0.850   1.0000          NULL 
196.3501    6    5.100   1.0000          evt6
201.4501    1    5.100   1.0000          evt1
206.5501    6    5.100   1.0000          evt6
211.6501    0    5.950   1.0000          NULL 
217.6001    3    5.100   1.0000          evt3
222.7001    0    4.250   1.0000          NULL 
226.9502    6    5.100   1.0000          evt6
232.0502    0    6.800   1.0000          NULL 
238.8502    1    5.100   1.0000          evt1
243.9502    0    0.850   1.0000          NULL 
244.8002    4    5.100   1.0000          evt4
249.9003    0    1.700   1.0000          NULL 
251.6003    1    5.100   1.0000          evt1
256.7003    6    5.100   1.0000          evt6
261.8003    0    5.100   1.0000          NULL 
266.9003    6    5.100   1.0000          evt6
272.0003    0    0.850   1.0000          NULL 
272.8503    4    5.100   1.0000          evt4
277.9503    0    0.850   1.0000          NULL 
278.8003    1    5.100   1.0000          evt1
283.9003    4    5.100   1.0000          evt4
289.0003    0    0.850   1.0000          NULL 
289.8503    3    5.100   1.0000          evt3
294.9503    0    2.550   1.0000          NULL 
297.5004    1    5.100   1.0000          evt1
302.6004    0    2.550   1.0000          NULL 
305.1504    4    5.100   1.0000          evt4
310.2504    0    0.850   1.0000          NULL 
311.1004    2    5.100   1.0000          evt2
316.2004    6    5.100   1.0000          evt6
321.3004    2    5.100   1.0000          evt2
326.4004    0    0.850   1.0000          NULL 
327.2504    6    5.100   1.0000          evt6
332.3504    4    5.100   1.0000          evt4
337.4504    0    0.850   1.0000          NULL 
338.3004    4    5.100   1.0000          evt4
343.4005    0    0.850   1.0000          NULL 
344.2505    1    5.100   1.0000          evt1
349.3505    0    1.700   1.0000          NULL 
351.0505    1    5.100   1.0000          evt1
356.1505    0    4.250   1.0000          NULL 
