  0.0000    4    5.100   1.0000          evt4
  5.1000    0    1.700   1.0000          NULL 
  6.8000    2    5.100   1.0000          evt2
 11.9000    0    0.850   1.0000          NULL 
 12.7500    3    5.100   1.0000          evt3
 17.8500    0    0.850   1.0000          NULL 
 18.7000    1    5.100   1.0000          evt1
 23.8000    0    0.850   1.0000          NULL 
 24.6500    5    5.100   1.0000          evt5
 29.7500    0    0.850   1.0000          NULL 
 30.6000    1    5.100   1.0000          evt1
 35.7000    0    0.850   1.0000          NULL 
 36.5500    5    5.100   1.0000          evt5
 41.6500    0    1.700   1.0000          NULL 
 43.3500    3    5.100   1.0000          evt3
 48.4500    0    1.700   1.0000          NULL 
 50.1500    3    5.100   1.0000          evt3
 55.2500    0    0.850   1.0000          NULL 
 56.1000    3    5.100   1.0000          evt3
 61.2000    0    0.850   1.0000          NULL 
 62.0500    6    5.100   1.0000          evt6
 67.1500    0    0.850   1.0000          NULL 
 68.0000    1    5.100   1.0000          evt1
 73.1000    0    0.850   1.0000          NULL 
 73.9500    1    5.100   1.0000          evt1
 79.0500    0    4.250   1.0000          NULL 
 83.3000    2    5.100   1.0000          evt2
 88.4000    0    0.850   1.0000          NULL 
 89.2500    1    5.100   1.0000          evt1
 94.3500    0    0.850   1.0000          NULL 
 95.2000    3    5.100   1.0000          evt3
100.3000    0    0.850   1.0000          NULL 
101.1500    3    5.100   1.0000          evt3
106.2500    0    1.700   1.0000          NULL 
107.9500    3    5.100   1.0000          evt3
113.0500    0    1.700   1.0000          NULL 
114.7500    6    5.100   1.0000          evt6
119.8500    0    3.400   1.0000          NULL 
123.2499    5    5.100   1.0000          evt5
128.3499    0    3.400   1.0000          NULL 
131.7500    4    5.100   1.0000          evt4
136.8500    0    0.850   1.0000          NULL 
137.7000    6    5.100   1.0000          evt6
142.8000    0    0.850   1.0000          NULL 
143.6500    6    5.100   1.0000          evt6
148.7500    0    2.550   1.0000          NULL 
151.3000    1    5.100   1.0000          evt1
156.4000    0    5.100   1.0000          NULL 
161.5001    4    5.100   1.0000          evt4
166.6001    0    0.850   1.0000          NULL 
167.4501    6    5.100   1.0000          evt6
172.5501    0    0.850   1.0000          NULL 
173.4001    6    5.100   1.0000          evt6
178.5001    0    1.700   1.0000          NULL 
180.2001    3    5.100   1.0000          evt3
185.3001    0    1.700   1.0000          NULL 
187.0001    4    5.100   1.0000          evt4
192.1001    0    1.700   1.0000          NULL 
193.8001    1    5.100   1.0000          evt1
198.9001    0    0.850   1.0000          NULL 
199.7502    4    5.100   1.0000          evt4
204.8502    0    0.850   1.0000          NULL 
205.7002    6    5.100   1.0000          evt6
210.8002    0    0.850   1.0000          NULL 
211.6502    4    5.100   1.0000          evt4
216.7502    0    1.700   1.0000          NULL 
218.4502    4    5.100   1.0000          evt4
223.5502    0    0.850   1.0000          NULL 
224.4002    3    5.100   1.0000          evt3
229.5002    0    0.850   1.0000          NULL 
230.3502    4    5.100   1.0000          evt4
235.4502    0    2.550   1.0000          NULL 
238.0002    3    5.100   1.0000          evt3
243.1003    0    1.700   1.0000          NULL 
244.8003    6    5.100   1.0000          evt6
249.9003    0    3.400   1.0000          NULL 
253.3003    2    5.100   1.0000          evt2
258.4003    0    0.850   1.0000          NULL 
259.2503    2    5.100   1.0000          evt2
264.3503    0    2.550   1.0000          NULL 
266.9003    5    5.100   1.0000          evt5
272.0003    0    5.100   1.0000          NULL 
277.1004    6    5.100   1.0000          evt6
282.2004    0    1.700   1.0000          NULL 
283.9004    1    5.100   1.0000          evt1
289.0004    0    0.850   1.0000          NULL 
289.8504    6    5.100   1.0000          evt6
294.9504    0    0.850   1.0000          NULL 
295.8004    4    5.100   1.0000          evt4
300.9004    0    0.850   1.0000          NULL 
301.7504    3    5.100   1.0000          evt3
306.8504    0    1.700   1.0000          NULL 
308.5504    1    5.100   1.0000          evt1
313.6505    0    1.700   1.0000          NULL 
315.3505    1    5.100   1.0000          evt1
320.4505    0    0.850   1.0000          NULL 
321.3005    1    5.100   1.0000          evt1
326.4005    0    1.700   1.0000          NULL 
328.1005    2    5.100   1.0000          evt2
333.2005    0    0.850   1.0000          NULL 
334.0505    6    5.100   1.0000          evt6
339.1505    0    0.850   1.0000          NULL 
340.0005    4    5.100   1.0000          evt4
345.1005    0    2.550   1.0000          NULL 
347.6505    4    5.100   1.0000          evt4
352.7505    0    1.700   1.0000          NULL 
354.4506    5    5.100   1.0000          evt5
359.5506    0    0.849   1.0000          NULL 
