  0.0000    3    5.100   1.0000          evt3
  5.1000    4    5.100   1.0000          evt4
 10.2000    0    1.700   1.0000          NULL 
 11.9000    2    5.100   1.0000          evt2
 17.0000    0    5.950   1.0000          NULL 
 22.9500    3    5.100   1.0000          evt3
 28.0500    1    5.100   1.0000          evt1
 33.1500    0    2.550   1.0000          NULL 
 35.7000    1    5.100   1.0000          evt1
 40.8000    0    1.700   1.0000          NULL 
 42.5000    6    5.100   1.0000          evt6
 47.6000    6    5.100   1.0000          evt6
 52.7000    5    5.100   1.0000          evt5
 57.8000    3    5.100   1.0000          evt3
 62.9000    0    0.850   1.0000          NULL 
 63.7500    1    5.100   1.0000          evt1
 68.8500    4    5.100   1.0000          evt4
 73.9500    0    2.550   1.0000          NULL 
 76.5000    1    5.100   1.0000          evt1
 81.6000    3    5.100   1.0000          evt3
 86.7000    0    1.700   1.0000          NULL 
 88.4000    5    5.100   1.0000          evt5
 93.5000    4    5.100   1.0000          evt4
 98.6000    0    1.700   1.0000          NULL 
100.3000    6    5.100   1.0000          evt6
105.4000    0    1.700   1.0000          NULL 
107.1000    5    5.100   1.0000          evt5
112.2000    4    5.100   1.0000          evt4
117.3000    0    0.850   1.0000          NULL 
118.1500    3    5.100   1.0000          evt3
123.2500    2    5.100   1.0000          evt2
128.3500    0    1.700   1.0000          NULL 
130.0500    5    5.100   1.0000          evt5
135.1500    0    0.850   1.0000          NULL 
136.0000    6    5.100   1.0000          evt6
141.1000    0    0.850   1.0000          NULL 
141.9500    4    5.100   1.0000          evt4
147.0500    0    1.700   1.0000          NULL 
148.7500    1    5.100   1.0000          evt1
153.8500    0    2.550   1.0000          NULL 
156.4000    3    5.100   1.0000          evt3
161.5000    3    5.100   1.0000          evt3
166.6001    0    0.850   1.0000          NULL 
167.4501    3    5.100   1.0000          evt3
172.5501    0    3.400   1.0000          NULL 
175.9501    6    5.100   1.0000          evt6
181.0501    6    5.100   1.0000          evt6
186.1501    0    5.950   1.0000          NULL 
192.1001    4    5.100   1.0000          evt4
197.2001    0    4.250   1.0000          NULL 
201.4502    1    5.100   1.0000          evt1
206.5502    0    5.100   1.0000          NULL 
211.6502    6    5.100   1.0000          evt6
216.7502    0    1.700   1.0000          NULL 
218.4502    4    5.100   1.0000          evt4
223.5502    1    5.100   1.0000          evt1
228.6503    0    4.250   1.0000          NULL 
232.9003    6    5.100   1.0000          evt6
238.0003    0    1.700   1.0000          NULL 
239.7003    2    5.100   1.0000          evt2
244.8003    6    5.100   1.0000          evt6
249.9003    0    0.850   1.0000          NULL 
250.7503    1    5.100   1.0000          evt1
255.8503    0    3.400   1.0000          NULL 
259.2503    4    5.100   1.0000          evt4
264.3503    0    1.700   1.0000          NULL 
266.0504    4    5.100   1.0000          evt4
271.1504    1    5.100   1.0000          evt1
276.2504    0    0.850   1.0000          NULL 
277.1004    6    5.100   1.0000          evt6
282.2004    6    5.100   1.0000          evt6
287.3004    4    5.100   1.0000          evt4
292.4004    3    5.100   1.0000          evt3
297.5004    0    1.700   1.0000          NULL 
299.2004    5    5.100   1.0000          evt5
304.3004    0   11.050   1.0000          NULL 
315.3505    4    5.100   1.0000          evt4
320.4505    0    0.850   1.0000          NULL 
321.3005    1    5.100   1.0000          evt1
326.4005    0    5.100   1.0000          NULL 
331.5005    3    5.100   1.0000          evt3
336.6006    3    5.100   1.0000          evt3
341.7006    2    5.100   1.0000          evt2
346.8006    2    5.100   1.0000          evt2
351.9006    0    1.700   1.0000          NULL 
353.6006    1    5.100   1.0000          evt1
358.7006    0    1.699   1.0000          NULL 
