  0.0000    3    5.100   1.0000          evt3
  5.1000    0    0.850   1.0000          NULL 
  5.9500    1    5.100   1.0000          evt1
 11.0500    4    5.100   1.0000          evt4
 16.1500    3    5.100   1.0000          evt3
 21.2500    0    1.700   1.0000          NULL 
 22.9500    2    5.100   1.0000          evt2
 28.0500    0    2.550   1.0000          NULL 
 30.6000    4    5.100   1.0000          evt4
 35.7000    4    5.100   1.0000          evt4
 40.8000    6    5.100   1.0000          evt6
 45.9000    4    5.100   1.0000          evt4
 51.0000    0    3.400   1.0000          NULL 
 54.4000    4    5.100   1.0000          evt4
 59.5000    0    2.550   1.0000          NULL 
 62.0500    1    5.100   1.0000          evt1
 67.1500    0    1.700   1.0000          NULL 
 68.8500    2    5.100   1.0000          evt2
 73.9500    3    5.100   1.0000          evt3
 79.0500    0    2.550   1.0000          NULL 
 81.6000    1    5.100   1.0000          evt1
 86.7000    0    0.850   1.0000          NULL 
 87.5500    5    5.100   1.0000          evt5
 92.6500    0    0.850   1.0000          NULL 
 93.5000    2    5.100   1.0000          evt2
 98.6000    0    0.850   1.0000          NULL 
 99.4500    6    5.100   1.0000          evt6
104.5500    3    5.100   1.0000          evt3
109.6500    4    5.100   1.0000          evt4
114.7500    4    5.100   1.0000          evt4
119.8500    1    5.100   1.0000          evt1
124.9500    0    0.850   1.0000          NULL 
125.8000    3    5.100   1.0000          evt3
130.9000    3    5.100   1.0000          evt3
136.0000    6    5.100   1.0000          evt6
141.1000    0    2.550   1.0000          NULL 
143.6500    1    5.100   1.0000          evt1
148.7500    0    0.850   1.0000          NULL 
149.6000    5    5.100   1.0000          evt5
154.7000    0    0.850   1.0000          NULL 
155.5500    4    5.100   1.0000          evt4
160.6500    4    5.100   1.0000          evt4
165.7500    0    4.250   1.0000          NULL 
170.0001    1    5.100   1.0000          evt1
175.1001    4    5.100   1.0000          evt4
180.2001    0    5.950   1.0000          NULL 
186.1501    2    5.100   1.0000          evt2
191.2501    0    4.250   1.0000          NULL 
195.5002    4    5.100   1.0000          evt4
200.6002    0    1.700   1.0000          NULL 
202.3002    6    5.100   1.0000          evt6
207.4002    5    5.100   1.0000          evt5
212.5002    1    5.100   1.0000          evt1
217.6002    5    5.100   1.0000          evt5
222.7002    0    0.850   1.0000          NULL 
223.5502    2    5.100   1.0000          evt2
228.6502    6    5.100   1.0000          evt6
233.7502    0    1.700   1.0000          NULL 
235.4502    6    5.100   1.0000          evt6
240.5502    0    0.850   1.0000          NULL 
241.4002    3    5.100   1.0000          evt3
246.5002    0    0.850   1.0000          NULL 
247.3503    3    5.100   1.0000          evt3
252.4503    0    0.850   1.0000          NULL 
253.3003    6    5.100   1.0000          evt6
258.4003    0    0.850   1.0000          NULL 
259.2503    6    5.100   1.0000          evt6
264.3503    3    5.100   1.0000          evt3
269.4503    1    5.100   1.0000          evt1
274.5503    6    5.100   1.0000          evt6
279.6503    0    0.850   1.0000          NULL 
280.5003    1    5.100   1.0000          evt1
285.6003    0    0.850   1.0000          NULL 
286.4503    6    5.100   1.0000          evt6
291.5503    0   18.700   1.0000          NULL 
310.2505    6    5.100   1.0000          evt6
315.3505    0    8.500   1.0000          NULL 
323.8505    3    5.100   1.0000          evt3
328.9505    0    0.850   1.0000          NULL 
329.8005    1    5.100   1.0000          evt1
334.9005    0    0.850   1.0000          NULL 
335.7505    1    5.100   1.0000          evt1
340.8506    0    4.250   1.0000          NULL 
345.1006    5    5.100   1.0000          evt5
350.2006    0    0.850   1.0000          NULL 
351.0506    3    5.100   1.0000          evt3
356.1506    0    4.249   1.0000          NULL 
