  0.0000    4    5.100   1.0000          evt4
  5.1000    0    0.850   1.0000          NULL 
  5.9500    6    5.100   1.0000          evt6
 11.0500    0    0.850   1.0000          NULL 
 11.9000    3    5.100   1.0000          evt3
 17.0000    0    0.850   1.0000          NULL 
 17.8500    6    5.100   1.0000          evt6
 22.9500    0    0.850   1.0000          NULL 
 23.8000    1    5.100   1.0000          evt1
 28.9000    0    0.850   1.0000          NULL 
 29.7500    1    5.100   1.0000          evt1
 34.8500    0    1.700   1.0000          NULL 
 36.5500    3    5.100   1.0000          evt3
 41.6500    0    4.250   1.0000          NULL 
 45.9000    6    5.100   1.0000          evt6
 51.0000    0    0.850   1.0000          NULL 
 51.8500    3    5.100   1.0000          evt3
 56.9500    0    0.850   1.0000          NULL 
 57.8000    3    5.100   1.0000          evt3
 62.9000    0    0.850   1.0000          NULL 
 63.7500    2    5.100   1.0000          evt2
 68.8500    0    0.850   1.0000          NULL 
 69.7000    6    5.100   1.0000          evt6
 74.8000    0    0.850   1.0000          NULL 
 75.6500    4    5.100   1.0000          evt4
 80.7500    0    0.850   1.0000          NULL 
 81.6000    6    5.100   1.0000          evt6
 86.7000    0    0.850   1.0000          NULL 
 87.5500    1    5.100   1.0000          evt1
 92.6500    0    0.850   1.0000          NULL 
 93.5000    1    5.100   1.0000          evt1
 98.6000    0    0.850   1.0000          NULL 
 99.4500    3    5.100   1.0000          evt3
104.5500    0    4.250   1.0000          NULL 
108.8000    3    5.100   1.0000          evt3
113.9000    0    0.850   1.0000          NULL 
114.7500    2    5.100   1.0000          evt2
119.8500    0    0.850   1.0000          NULL 
120.7000    1    5.100   1.0000          evt1
125.7999    0    0.850   1.0000          NULL 
126.6499    2    5.100   1.0000          evt2
131.7500    0    1.700   1.0000          NULL 
133.4500    1    5.100   1.0000          evt1
138.5500    0    0.850   1.0000          NULL 
139.4000    4    5.100   1.0000          evt4
144.5000    0    0.850   1.0000          NULL 
145.3500    5    5.100   1.0000          evt5
150.4500    0    0.850   1.0000          NULL 
151.3000    6    5.100   1.0000          evt6
156.4000    0    0.850   1.0000          NULL 
157.2500    3    5.100   1.0000          evt3
162.3500    0    3.400   1.0000          NULL 
165.7500    5    5.100   1.0000          evt5
170.8501    0    0.850   1.0000          NULL 
171.7001    3    5.100   1.0000          evt3
176.8001    0    2.550   1.0000          NULL 
179.3501    3    5.100   1.0000          evt3
184.4501    0    2.550   1.0000          NULL 
187.0001    1    5.100   1.0000          evt1
192.1001    0    0.850   1.0000          NULL 
192.9501    4    5.100   1.0000          evt4
198.0501    0    7.650   1.0000          NULL 
205.7002    3    5.100   1.0000          evt3
210.8002    0    0.850   1.0000          NULL 
211.6502    1    5.100   1.0000          evt1
216.7502    0    4.250   1.0000          NULL 
221.0002    4    5.100   1.0000          evt4
226.1002    0    0.850   1.0000          NULL 
226.9502    4    5.100   1.0000          evt4
232.0502    0    1.700   1.0000          NULL 
233.7503    1    5.100   1.0000          evt1
238.8503    0    2.550   1.0000          NULL 
241.4003    3    5.100   1.0000          evt3
246.5003    0    0.850   1.0000          NULL 
247.3503    1    5.100   1.0000          evt1
252.4503    0    0.850   1.0000          NULL 
253.3003    6    5.100   1.0000          evt6
258.4003    0    0.850   1.0000          NULL 
259.2503    6    5.100   1.0000          evt6
264.3503    0    1.700   1.0000          NULL 
266.0503    1    5.100   1.0000          evt1
271.1503    0    0.850   1.0000          NULL 
272.0003    4    5.100   1.0000          evt4
277.1003    0    1.700   1.0000          NULL 
278.8004    6    5.100   1.0000          evt6
283.9004    0    0.850   1.0000          NULL 
284.7504    6    5.100   1.0000          evt6
289.8504    0    0.850   1.0000          NULL 
290.7004    5    5.100   1.0000          evt5
295.8004    0    0.850   1.0000          NULL 
296.6504    2    5.100   1.0000          evt2
301.7504    0    2.550   1.0000          NULL 
304.3004    2    5.100   1.0000          evt2
309.4004    0    4.250   1.0000          NULL 
313.6505    5    5.100   1.0000          evt5
318.7505    0    1.700   1.0000          NULL 
320.4505    4    5.100   1.0000          evt4
325.5505    0    0.850   1.0000          NULL 
326.4005    4    5.100   1.0000          evt4
331.5005    0    4.250   1.0000          NULL 
335.7505    4    5.100   1.0000          evt4
340.8505    0    1.700   1.0000          NULL 
342.5505    6    5.100   1.0000          evt6
347.6505    0    0.850   1.0000          NULL 
348.5005    4    5.100   1.0000          evt4
353.6006    0    0.850   1.0000          NULL 
354.4506    5    5.100   1.0000          evt5
359.5506    0    0.849   1.0000          NULL 
