  0.0000    5    5.100   1.0000          evt5
  5.1000    0    0.850   1.0000          NULL 
  5.9500    5    5.100   1.0000          evt5
 11.0500    0    1.700   1.0000          NULL 
 12.7500    1    5.100   1.0000          evt1
 17.8500    0    1.700   1.0000          NULL 
 19.5500    2    5.100   1.0000          evt2
 24.6500    0    0.850   1.0000          NULL 
 25.5000    6    5.100   1.0000          evt6
 30.6000    0    0.850   1.0000          NULL 
 31.4500    1    5.100   1.0000          evt1
 36.5500    0    1.700   1.0000          NULL 
 38.2500    6    5.100   1.0000          evt6
 43.3500    0    3.400   1.0000          NULL 
 46.7500    4    5.100   1.0000          evt4
 51.8500    0    0.850   1.0000          NULL 
 52.7000    4    5.100   1.0000          evt4
 57.8000    0    0.850   1.0000          NULL 
 58.6500    1    5.100   1.0000          evt1
 63.7500    0    0.850   1.0000          NULL 
 64.6000    4    5.100   1.0000          evt4
 69.7000    0    0.850   1.0000          NULL 
 70.5500    3    5.100   1.0000          evt3
 75.6500    0    3.400   1.0000          NULL 
 79.0500    3    5.100   1.0000          evt3
 84.1500    0    0.850   1.0000          NULL 
 85.0000    4    5.100   1.0000          evt4
 90.1000    0    0.850   1.0000          NULL 
 90.9500    6    5.100   1.0000          evt6
 96.0500    0    0.850   1.0000          NULL 
 96.9000    6    5.100   1.0000          evt6
102.0000    0    0.850   1.0000          NULL 
102.8500    3    5.100   1.0000          evt3
107.9500    0    0.850   1.0000          NULL 
108.8000    4    5.100   1.0000          evt4
113.9000    0    0.850   1.0000          NULL 
114.7500    3    5.100   1.0000          evt3
119.8500    0    0.850   1.0000          NULL 
120.7000    2    5.100   1.0000          evt2
125.7999    0    0.850   1.0000          NULL 
126.6499    3    5.100   1.0000          evt3
131.7500    0    0.850   1.0000          NULL 
132.6000    3    5.100   1.0000          evt3
137.7000    0    2.550   1.0000          NULL 
140.2500    4    5.100   1.0000          evt4
145.3500    0    2.550   1.0000          NULL 
147.9000    2    5.100   1.0000          evt2
153.0000    0    0.850   1.0000          NULL 
153.8500    6    5.100   1.0000          evt6
158.9500    0    0.850   1.0000          NULL 
159.8000    2    5.100   1.0000          evt2
164.9000    0    0.850   1.0000          NULL 
165.7500    1    5.100   1.0000          evt1
170.8501    0    1.700   1.0000          NULL 
172.5501    6    5.100   1.0000          evt6
177.6501    0    0.850   1.0000          NULL 
178.5001    4    5.100   1.0000          evt4
183.6001    0    2.550   1.0000          NULL 
186.1501    4    5.100   1.0000          evt4
191.2501    0    0.850   1.0000          NULL 
192.1001    1    5.100   1.0000          evt1
197.2001    0    0.850   1.0000          NULL 
198.0501    6    5.100   1.0000          evt6
203.1501    0    4.250   1.0000          NULL 
207.4002    3    5.100   1.0000          evt3
212.5002    0    1.700   1.0000          NULL 
214.2002    3    5.100   1.0000          evt3
219.3002    0    0.850   1.0000          NULL 
220.1502    4    5.100   1.0000          evt4
225.2502    0    0.850   1.0000          NULL 
226.1002    6    5.100   1.0000          evt6
231.2002    0    3.400   1.0000          NULL 
234.6002    1    5.100   1.0000          evt1
239.7002    0    1.700   1.0000          NULL 
241.4003    1    5.100   1.0000          evt1
246.5003    0    0.850   1.0000          NULL 
247.3503    4    5.100   1.0000          evt4
252.4503    0    1.700   1.0000          NULL 
254.1503    6    5.100   1.0000          evt6
259.2503    0    3.400   1.0000          NULL 
262.6503    4    5.100   1.0000          evt4
267.7503    0    0.850   1.0000          NULL 
268.6003    1    5.100   1.0000          evt1
273.7003    0    0.850   1.0000          NULL 
274.5503    3    5.100   1.0000          evt3
279.6503    0    0.850   1.0000          NULL 
280.5003    3    5.100   1.0000          evt3
285.6003    0    1.700   1.0000          NULL 
287.3004    1    5.100   1.0000          evt1
292.4004    0    4.250   1.0000          NULL 
296.6504    5    5.100   1.0000          evt5
301.7504    0    0.850   1.0000          NULL 
302.6004    2    5.100   1.0000          evt2
307.7004    0    3.400   1.0000          NULL 
311.1004    6    5.100   1.0000          evt6
316.2004    0    0.850   1.0000          NULL 
317.0504    1    5.100   1.0000          evt1
322.1505    0    2.550   1.0000          NULL 
324.7005    3    5.100   1.0000          evt3
329.8005    0    0.850   1.0000          NULL 
330.6505    6    5.100   1.0000          evt6
335.7505    0    1.700   1.0000          NULL 
337.4505    5    5.100   1.0000          evt5
342.5505    0    5.100   1.0000          NULL 
347.6505    1    5.100   1.0000          evt1
352.7505    0    0.850   1.0000          NULL 
353.6006    5    5.100   1.0000          evt5
358.7006    0    1.699   1.0000          NULL 
