  0.0000    2    5.100   1.0000          evt2
  5.1000    0    0.850   1.0000          NULL 
  5.9500    3    5.100   1.0000          evt3
 11.0500    3    5.100   1.0000          evt3
 16.1500    1    5.100   1.0000          evt1
 21.2500    0    5.100   1.0000          NULL 
 26.3500    3    5.100   1.0000          evt3
 31.4500    0    1.700   1.0000          NULL 
 33.1500    6    5.100   1.0000          evt6
 38.2500    6    5.100   1.0000          evt6
 43.3500    0    0.850   1.0000          NULL 
 44.2000    1    5.100   1.0000          evt1
 49.3000    0    0.850   1.0000          NULL 
 50.1500    1    5.100   1.0000          evt1
 55.2500    0    9.350   1.0000          NULL 
 64.6000    3    5.100   1.0000          evt3
 69.7000    1    5.100   1.0000          evt1
 74.8000    0    3.400   1.0000          NULL 
 78.2000    6    5.100   1.0000          evt6
 83.3000    0    1.700   1.0000          NULL 
 85.0000    3    5.100   1.0000          evt3
 90.1000    1    5.100   1.0000          evt1
 95.2000    6    5.100   1.0000          evt6
100.3000    0    0.850   1.0000          NULL 
101.1500    6    5.100   1.0000          evt6
106.2500    4    5.100   1.0000          evt4
111.3500    3    5.100   1.0000          evt3
116.4500    0    3.400   1.0000          NULL 
119.8499    4    5.100   1.0000          evt4
124.9499    4    5.100   1.0000          evt4
130.0499    6    5.100   1.0000          evt6
135.1499    0    2.550   1.0000          NULL 
137.7000    6    5.100   1.0000          evt6
142.8000    0    0.850   1.0000          NULL 
143.6500    5    5.100   1.0000          evt5
148.7500    5    5.100   1.0000          evt5
153.8500    0    1.700   1.0000          NULL 
155.5500    2    5.100   1.0000          evt2
160.6500    0    3.400   1.0000          NULL 
164.0500    4    5.100   1.0000          evt4
169.1500    6    5.100   1.0000          evt6
174.2500    6    5.100   1.0000          evt6
179.3501    0    1.700   1.0000          NULL 
181.0501    1    5.100   1.0000          evt1
186.1501    0    0.850   1.0000          NULL 
187.0001    6    5.100   1.0000          evt6
192.1001    0    2.550   1.0000          NULL 
194.6501    1    5.100   1.0000          evt1
199.7501    0    1.700   1.0000          NULL 
201.4501    1    5.100   1.0000          evt1
206.5501    0    2.550   1.0000          NULL 
209.1001    4    5.100   1.0000          evt4
214.2001    0    4.250   1.0000          NULL 
218.4502    4    5.100   1.0000          evt4
223.5502    0    6.800   1.0000          NULL 
230.3502    3    5.100   1.0000          evt3
235.4502    0    6.800   1.0000          NULL 
242.2503    2    5.100   1.0000          evt2
247.3503    0    0.850   1.0000          NULL 
248.2003    4    5.100   1.0000          evt4
253.3003    5    5.100   1.0000          evt5
258.4003    0    1.700   1.0000          NULL 
260.1003    4    5.100   1.0000          evt4
265.2003    3    5.100   1.0000          evt3
270.3003    5    5.100   1.0000          evt5
275.4003    3    5.100   1.0000          evt3
280.5003    0    1.700   1.0000          NULL 
282.2003    6    5.100   1.0000          evt6
287.3004    0    5.100   1.0000          NULL 
292.4004    1    5.100   1.0000          evt1
297.5004    1    5.100   1.0000          evt1
302.6004    0    0.850   1.0000          NULL 
303.4504    4    5.100   1.0000          evt4
308.5504    0    3.400   1.0000          NULL 
311.9504    3    5.100   1.0000          evt3
317.0504    0    3.400   1.0000          NULL 
320.4505    3    5.100   1.0000          evt3
325.5505    0    1.700   1.0000          NULL 
327.2505    1    5.100   1.0000          evt1
332.3505    0    0.850   1.0000          NULL 
333.2005    4    5.100   1.0000          evt4
338.3005    5    5.100   1.0000          evt5
343.4005    0    0.850   1.0000          NULL 
344.2505    4    5.100   1.0000          evt4
349.3505    0    0.850   1.0000          NULL 
350.2005    2    5.100   1.0000          evt2
355.3005    2    5.100   1.0000          evt2
