  0.0000    3    5.100   1.0000          evt3
  5.1000    0    0.850   1.0000          NULL 
  5.9500    4    5.100   1.0000          evt4
 11.0500    0    0.850   1.0000          NULL 
 11.9000    3    5.100   1.0000          evt3
 17.0000    0    0.850   1.0000          NULL 
 17.8500    1    5.100   1.0000          evt1
 22.9500    0    1.700   1.0000          NULL 
 24.6500    4    5.100   1.0000          evt4
 29.7500    0    0.850   1.0000          NULL 
 30.6000    6    5.100   1.0000          evt6
 35.7000    0    0.850   1.0000          NULL 
 36.5500    6    5.100   1.0000          evt6
 41.6500    0    0.850   1.0000          NULL 
 42.5000    1    5.100   1.0000          evt1
 47.6000    0    1.700   1.0000          NULL 
 49.3000    6    5.100   1.0000          evt6
 54.4000    0    2.550   1.0000          NULL 
 56.9500    2    5.100   1.0000          evt2
 62.0500    0    2.550   1.0000          NULL 
 64.6000    6    5.100   1.0000          evt6
 69.7000    0    5.100   1.0000          NULL 
 74.8000    1    5.100   1.0000          evt1
 79.9000    0    1.700   1.0000          NULL 
 81.6000    5    5.100   1.0000          evt5
 86.7000    0    0.850   1.0000          NULL 
 87.5500    3    5.100   1.0000          evt3
 92.6500    0    1.700   1.0000          NULL 
 94.3500    4    5.100   1.0000          evt4
 99.4500    0    0.850   1.0000          NULL 
100.3000    5    5.100   1.0000          evt5
105.4000    0    1.700   1.0000          NULL 
107.1000    1    5.100   1.0000          evt1
112.2000    0    0.850   1.0000          NULL 
113.0499    1    5.100   1.0000          evt1
118.1499    0    1.700   1.0000          NULL 
119.8499    3    5.100   1.0000          evt3
124.9499    0    2.550   1.0000          NULL 
127.4999    6    5.100   1.0000          evt6
132.5999    0    0.850   1.0000          NULL 
133.4500    6    5.100   1.0000          evt6
138.5500    0    0.850   1.0000          NULL 
139.4000    4    5.100   1.0000          evt4
144.5000    0    0.850   1.0000          NULL 
145.3500    3    5.100   1.0000          evt3
150.4500    0    0.850   1.0000          NULL 
151.3000    5    5.100   1.0000          evt5
156.4000    0    1.700   1.0000          NULL 
158.1000    3    5.100   1.0000          evt3
163.2000    0    0.850   1.0000          NULL 
164.0500    3    5.100   1.0000          evt3
169.1500    0    0.850   1.0000          NULL 
170.0000    5    5.100   1.0000          evt5
175.1000    0    4.250   1.0000          NULL 
179.3501    1    5.100   1.0000          evt1
184.4501    0    0.850   1.0000          NULL 
185.3001    4    5.100   1.0000          evt4
190.4001    0    0.850   1.0000          NULL 
191.2501    6    5.100   1.0000          evt6
196.3501    0    1.700   1.0000          NULL 
198.0501    4    5.100   1.0000          evt4
203.1501    0    1.700   1.0000          NULL 
204.8501    2    5.100   1.0000          evt2
209.9501    0    1.700   1.0000          NULL 
211.6501    5    5.100   1.0000          evt5
216.7502    0    0.850   1.0000          NULL 
217.6002    2    5.100   1.0000          evt2
222.7002    0    0.850   1.0000          NULL 
223.5502    4    5.100   1.0000          evt4
228.6502    0    3.400   1.0000          NULL 
232.0502    4    5.100   1.0000          evt4
237.1502    0    1.700   1.0000          NULL 
238.8502    1    5.100   1.0000          evt1
243.9502    0    3.400   1.0000          NULL 
247.3503    6    5.100   1.0000          evt6
252.4503    0    0.850   1.0000          NULL 
253.3003    3    5.100   1.0000          evt3
258.4003    0    0.850   1.0000          NULL 
259.2503    6    5.100   1.0000          evt6
264.3503    0    2.550   1.0000          NULL 
266.9003    6    5.100   1.0000          evt6
272.0003    0    0.850   1.0000          NULL 
272.8503    1    5.100   1.0000          evt1
277.9503    0    5.100   1.0000          NULL 
283.0504    2    5.100   1.0000          evt2
288.1504    0    0.850   1.0000          NULL 
289.0004    3    5.100   1.0000          evt3
294.1004    0    0.850   1.0000          NULL 
294.9504    2    5.100   1.0000          evt2
300.0504    0    1.700   1.0000          NULL 
301.7504    6    5.100   1.0000          evt6
306.8504    0    0.850   1.0000          NULL 
307.7004    1    5.100   1.0000          evt1
312.8004    0    1.700   1.0000          NULL 
314.5004    1    5.100   1.0000          evt1
319.6004    0    1.700   1.0000          NULL 
321.3004    4    5.100   1.0000          evt4
326.4005    0    0.850   1.0000          NULL 
327.2505    4    5.100   1.0000          evt4
332.3505    0    0.850   1.0000          NULL 
333.2005    1    5.100   1.0000          evt1
338.3005    0    0.850   1.0000          NULL 
339.1505    4    5.100   1.0000          evt4
344.2505    0    1.700   1.0000          NULL 
345.9505    3    5.100   1.0000          evt3
351.0505    0    0.850   1.0000          NULL 
351.9005    3    5.100   1.0000          evt3
357.0005    0    3.400   1.0000          NULL 
