  0.0000    3    5.100   1.0000          evt3
  5.1000    0    2.550   1.0000          NULL 
  7.6500    1    5.100   1.0000          evt1
 12.7500    0    1.700   1.0000          NULL 
 14.4500    6    5.100   1.0000          evt6
 19.5500    0    3.400   1.0000          NULL 
 22.9500    3    5.100   1.0000          evt3
 28.0500    0    0.850   1.0000          NULL 
 28.9000    4    5.100   1.0000          evt4
 34.0000    0    1.700   1.0000          NULL 
 35.7000    1    5.100   1.0000          evt1
 40.8000    0    1.700   1.0000          NULL 
 42.5000    6    5.100   1.0000          evt6
 47.6000    0    0.850   1.0000          NULL 
 48.4500    1    5.100   1.0000          evt1
 53.5500    0    0.850   1.0000          NULL 
 54.4000    3    5.100   1.0000          evt3
 59.5000    0    1.700   1.0000          NULL 
 61.2000    3    5.100   1.0000          evt3
 66.3000    0    1.700   1.0000          NULL 
 68.0000    6    5.100   1.0000          evt6
 73.1000    0    0.850   1.0000          NULL 
 73.9500    3    5.100   1.0000          evt3
 79.0500    0    0.850   1.0000          NULL 
 79.9000    6    5.100   1.0000          evt6
 85.0000    0    1.700   1.0000          NULL 
 86.7000    3    5.100   1.0000          evt3
 91.8000    0    2.550   1.0000          NULL 
 94.3500    5    5.100   1.0000          evt5
 99.4500    0    1.700   1.0000          NULL 
101.1500    3    5.100   1.0000          evt3
106.2500    0    0.850   1.0000          NULL 
107.1000    6    5.100   1.0000          evt6
112.2000    0    1.700   1.0000          NULL 
113.9000    6    5.100   1.0000          evt6
119.0000    0    0.850   1.0000          NULL 
119.8500    6    5.100   1.0000          evt6
124.9500    0    0.850   1.0000          NULL 
125.7999    5    5.100   1.0000          evt5
130.8999    0    0.850   1.0000          NULL 
131.7500    4    5.100   1.0000          evt4
136.8500    0    0.850   1.0000          NULL 
137.7000    1    5.100   1.0000          evt1
142.8000    0    3.400   1.0000          NULL 
146.2000    1    5.100   1.0000          evt1
151.3000    0    2.550   1.0000          NULL 
153.8500    2    5.100   1.0000          evt2
158.9500    0    1.700   1.0000          NULL 
160.6500    1    5.100   1.0000          evt1
165.7500    0    1.700   1.0000          NULL 
167.4501    5    5.100   1.0000          evt5
172.5501    0    2.550   1.0000          NULL 
175.1001    3    5.100   1.0000          evt3
180.2001    0    0.850   1.0000          NULL 
181.0501    6    5.100   1.0000          evt6
186.1501    0    2.550   1.0000          NULL 
188.7001    1    5.100   1.0000          evt1
193.8001    0    0.850   1.0000          NULL 
194.6501    4    5.100   1.0000          evt4
199.7501    0    1.700   1.0000          NULL 
201.4501    3    5.100   1.0000          evt3
206.5502    0    0.850   1.0000          NULL 
207.4002    1    5.100   1.0000          evt1
212.5002    0    0.850   1.0000          NULL 
213.3502    4    5.100   1.0000          evt4
218.4502    0    1.700   1.0000          NULL 
220.1502    4    5.100   1.0000          evt4
225.2502    0    1.700   1.0000          NULL 
226.9502    2    5.100   1.0000          evt2
232.0502    0    2.550   1.0000          NULL 
234.6002    4    5.100   1.0000          evt4
239.7002    0    0.850   1.0000          NULL 
240.5502    1    5.100   1.0000          evt1
245.6503    0    0.850   1.0000          NULL 
246.5003    6    5.100   1.0000          evt6
251.6003    0    0.850   1.0000          NULL 
252.4503    6    5.100   1.0000          evt6
257.5503    0    0.850   1.0000          NULL 
258.4003    4    5.100   1.0000          evt4
263.5003    0    0.850   1.0000          NULL 
264.3503    5    5.100   1.0000          evt5
269.4503    0    1.700   1.0000          NULL 
271.1503    3    5.100   1.0000          evt3
276.2503    0    0.850   1.0000          NULL 
277.1003    2    5.100   1.0000          evt2
282.2003    0    0.850   1.0000          NULL 
283.0503    6    5.100   1.0000          evt6
288.1503    0    0.850   1.0000          NULL 
289.0003    3    5.100   1.0000          evt3
294.1003    0    3.400   1.0000          NULL 
297.5004    2    5.100   1.0000          evt2
302.6004    0    0.850   1.0000          NULL 
303.4504    1    5.100   1.0000          evt1
308.5504    0    0.850   1.0000          NULL 
309.4004    1    5.100   1.0000          evt1
314.5004    0    0.850   1.0000          NULL 
315.3504    4    5.100   1.0000          evt4
320.4504    0    3.400   1.0000          NULL 
323.8504    4    5.100   1.0000          evt4
328.9504    0    0.850   1.0000          NULL 
329.8004    4    5.100   1.0000          evt4
334.9005    0    3.400   1.0000          NULL 
338.3005    2    5.100   1.0000          evt2
343.4005    0    4.250   1.0000          NULL 
347.6505    5    5.100   1.0000          evt5
352.7505    0    0.850   1.0000          NULL 
353.6005    4    5.100   1.0000          evt4
358.7005    0    1.699   1.0000          NULL 
