  0.0000    1    5.100   1.0000          evt1
  5.1000    0    0.850   1.0000          NULL 
  5.9500    4    5.100   1.0000          evt4
 11.0500    0    4.250   1.0000          NULL 
 15.3000    1    5.100   1.0000          evt1
 20.4000    0    0.850   1.0000          NULL 
 21.2500    3    5.100   1.0000          evt3
 26.3500    0    0.850   1.0000          NULL 
 27.2000    3    5.100   1.0000          evt3
 32.3000    0    0.850   1.0000          NULL 
 33.1500    3    5.100   1.0000          evt3
 38.2500    0    0.850   1.0000          NULL 
 39.1000    4    5.100   1.0000          evt4
 44.2000    0    0.850   1.0000          NULL 
 45.0500    4    5.100   1.0000          evt4
 50.1500    0    1.700   1.0000          NULL 
 51.8500    6    5.100   1.0000          evt6
 56.9500    0    2.550   1.0000          NULL 
 59.5000    3    5.100   1.0000          evt3
 64.6000    0    0.850   1.0000          NULL 
 65.4500    2    5.100   1.0000          evt2
 70.5500    0    0.850   1.0000          NULL 
 71.4000    3    5.100   1.0000          evt3
 76.5000    0    0.850   1.0000          NULL 
 77.3500    3    5.100   1.0000          evt3
 82.4500    0    1.700   1.0000          NULL 
 84.1500    5    5.100   1.0000          evt5
 89.2500    0    0.850   1.0000          NULL 
 90.1000    1    5.100   1.0000          evt1
 95.2000    0    0.850   1.0000          NULL 
 96.0500    3    5.100   1.0000          evt3
101.1500    0    0.850   1.0000          NULL 
102.0000    4    5.100   1.0000          evt4
107.1000    0    1.700   1.0000          NULL 
108.8000    2    5.100   1.0000          evt2
113.9000    0    0.850   1.0000          NULL 
114.7500    4    5.100   1.0000          evt4
119.8500    0    0.850   1.0000          NULL 
120.7000    4    5.100   1.0000          evt4
125.7999    0    0.850   1.0000          NULL 
126.6499    6    5.100   1.0000          evt6
131.7500    0    0.850   1.0000          NULL 
132.6000    5    5.100   1.0000          evt5
137.7000    0    1.700   1.0000          NULL 
139.4000    1    5.100   1.0000          evt1
144.5000    0    0.850   1.0000          NULL 
145.3500    1    5.100   1.0000          evt1
150.4500    0    0.850   1.0000          NULL 
151.3000    1    5.100   1.0000          evt1
156.4000    0    0.850   1.0000          NULL 
157.2500    1    5.100   1.0000          evt1
162.3500    0    1.700   1.0000          NULL 
164.0500    3    5.100   1.0000          evt3
169.1500    0    0.850   1.0000          NULL 
170.0000    6    5.100   1.0000          evt6
175.1001    0    1.700   1.0000          NULL 
176.8001    1    5.100   1.0000          evt1
181.9001    0    2.550   1.0000          NULL 
184.4501    6    5.100   1.0000          evt6
189.5501    0    5.100   1.0000          NULL 
194.6501    2    5.100   1.0000          evt2
199.7501    0    0.850   1.0000          NULL 
200.6001    3    5.100   1.0000          evt3
205.7001    0    5.100   1.0000          NULL 
210.8002    2    5.100   1.0000          evt2
215.9002    0    0.850   1.0000          NULL 
216.7502    5    5.100   1.0000          evt5
221.8502    0    4.250   1.0000          NULL 
226.1002    6    5.100   1.0000          evt6
231.2002    0    0.850   1.0000          NULL 
232.0502    4    5.100   1.0000          evt4
237.1503    0    0.850   1.0000          NULL 
238.0003    5    5.100   1.0000          evt5
243.1003    0    1.700   1.0000          NULL 
244.8003    6    5.100   1.0000          evt6
249.9003    0    1.700   1.0000          NULL 
251.6003    6    5.100   1.0000          evt6
256.7003    0    0.850   1.0000          NULL 
257.5503    6    5.100   1.0000          evt6
262.6503    0    1.700   1.0000          NULL 
264.3503    6    5.100   1.0000          evt6
269.4503    0    0.850   1.0000          NULL 
270.3003    3    5.100   1.0000          evt3
275.4003    0    0.850   1.0000          NULL 
276.2503    1    5.100   1.0000          evt1
281.3503    0    0.850   1.0000          NULL 
282.2003    6    5.100   1.0000          evt6
287.3004    0    0.850   1.0000          NULL 
288.1504    4    5.100   1.0000          evt4
293.2504    0    1.700   1.0000          NULL 
294.9504    1    5.100   1.0000          evt1
300.0504    0    0.850   1.0000          NULL 
300.9004    4    5.100   1.0000          evt4
306.0004    0    3.400   1.0000          NULL 
309.4004    4    5.100   1.0000          evt4
314.5004    0    0.850   1.0000          NULL 
315.3504    4    5.100   1.0000          evt4
320.4504    0    4.250   1.0000          NULL 
324.7005    1    5.100   1.0000          evt1
329.8005    0    1.700   1.0000          NULL 
331.5005    3    5.100   1.0000          evt3
336.6005    0    1.700   1.0000          NULL 
338.3005    2    5.100   1.0000          evt2
343.4005    0    0.850   1.0000          NULL 
344.2505    6    5.100   1.0000          evt6
349.3505    0    5.100   1.0000          NULL 
354.4506    5    5.100   1.0000          evt5
359.5506    0    0.849   1.0000          NULL 
