  0.0000    6    5.100   1.0000          evt6
  5.1000    0    1.700   1.0000          NULL 
  6.8000    3    5.100   1.0000          evt3
 11.9000    0    3.400   1.0000          NULL 
 15.3000    3    5.100   1.0000          evt3
 20.4000    0    2.550   1.0000          NULL 
 22.9500    4    5.100   1.0000          evt4
 28.0500    0    0.850   1.0000          NULL 
 28.9000    3    5.100   1.0000          evt3
 34.0000    0    4.250   1.0000          NULL 
 38.2500    1    5.100   1.0000          evt1
 43.3500    0    0.850   1.0000          NULL 
 44.2000    1    5.100   1.0000          evt1
 49.3000    0    0.850   1.0000          NULL 
 50.1500    4    5.100   1.0000          evt4
 55.2500    0    0.850   1.0000          NULL 
 56.1000    4    5.100   1.0000          evt4
 61.2000    0    0.850   1.0000          NULL 
 62.0500    1    5.100   1.0000          evt1
 67.1500    0    0.850   1.0000          NULL 
 68.0000    6    5.100   1.0000          evt6
 73.1000    0    1.700   1.0000          NULL 
 74.8000    4    5.100   1.0000          evt4
 79.9000    0    0.850   1.0000          NULL 
 80.7500    3    5.100   1.0000          evt3
 85.8500    0    0.850   1.0000          NULL 
 86.7000    6    5.100   1.0000          evt6
 91.8000    0    0.850   1.0000          NULL 
 92.6500    3    5.100   1.0000          evt3
 97.7500    0    0.850   1.0000          NULL 
 98.6000    3    5.100   1.0000          evt3
103.7000    0    1.700   1.0000          NULL 
105.4000    4    5.100   1.0000          evt4
110.5000    0    1.700   1.0000          NULL 
112.2000    4    5.100   1.0000          evt4
117.3000    0    0.850   1.0000          NULL 
118.1500    3    5.100   1.0000          evt3
123.2500    0    0.850   1.0000          NULL 
124.1000    2    5.100   1.0000          evt2
129.2000    0    2.550   1.0000          NULL 
131.7500    4    5.100   1.0000          evt4
136.8500    0    3.400   1.0000          NULL 
140.2500    4    5.100   1.0000          evt4
145.3500    0    0.850   1.0000          NULL 
146.2000    2    5.100   1.0000          evt2
151.3000    0    1.700   1.0000          NULL 
153.0000    4    5.100   1.0000          evt4
158.1000    0    1.700   1.0000          NULL 
159.8000    2    5.100   1.0000          evt2
164.9001    0    0.850   1.0000          NULL 
165.7501    5    5.100   1.0000          evt5
170.8501    0    0.850   1.0000          NULL 
171.7001    6    5.100   1.0000          evt6
176.8001    0    6.800   1.0000          NULL 
183.6001    3    5.100   1.0000          evt3
188.7001    0    0.850   1.0000          NULL 
189.5501    2    5.100   1.0000          evt2
194.6501    0    0.850   1.0000          NULL 
195.5002    5    5.100   1.0000          evt5
200.6002    0    0.850   1.0000          NULL 
201.4502    6    5.100   1.0000          evt6
206.5502    0    1.700   1.0000          NULL 
208.2502    6    5.100   1.0000          evt6
213.3502    0    2.550   1.0000          NULL 
215.9002    1    5.100   1.0000          evt1
221.0002    0    5.100   1.0000          NULL 
226.1003    3    5.100   1.0000          evt3
231.2003    0    1.700   1.0000          NULL 
232.9003    1    5.100   1.0000          evt1
238.0003    0    0.850   1.0000          NULL 
238.8503    6    5.100   1.0000          evt6
243.9503    0    0.850   1.0000          NULL 
244.8003    1    5.100   1.0000          evt1
249.9003    0    0.850   1.0000          NULL 
250.7503    5    5.100   1.0000          evt5
255.8503    0    0.850   1.0000          NULL 
256.7003    6    5.100   1.0000          evt6
261.8003    0    0.850   1.0000          NULL 
262.6503    1    5.100   1.0000          evt1
267.7503    0    1.700   1.0000          NULL 
269.4503    1    5.100   1.0000          evt1
274.5504    0    0.850   1.0000          NULL 
275.4004    4    5.100   1.0000          evt4
280.5004    0    2.550   1.0000          NULL 
283.0504    6    5.100   1.0000          evt6
288.1504    0    1.700   1.0000          NULL 
289.8504    3    5.100   1.0000          evt3
294.9504    0    1.700   1.0000          NULL 
296.6504    5    5.100   1.0000          evt5
301.7504    0    0.850   1.0000          NULL 
302.6004    1    5.100   1.0000          evt1
307.7004    0    0.850   1.0000          NULL 
308.5504    5    5.100   1.0000          evt5
313.6505    0    0.850   1.0000          NULL 
314.5005    1    5.100   1.0000          evt1
319.6005    0    0.850   1.0000          NULL 
320.4505    6    5.100   1.0000          evt6
325.5505    0    3.400   1.0000          NULL 
328.9505    3    5.100   1.0000          evt3
334.0505    0    0.850   1.0000          NULL 
334.9005    4    5.100   1.0000          evt4
340.0005    0    1.700   1.0000          NULL 
341.7005    2    5.100   1.0000          evt2
346.8005    0    0.850   1.0000          NULL 
347.6505    6    5.100   1.0000          evt6
352.7505    0    1.700   1.0000          NULL 
354.4506    1    5.100   1.0000          evt1
359.5506    0    0.849   1.0000          NULL 
