  0.0000    4    5.100   1.0000          evt4
  5.1000    0    0.850   1.0000          NULL 
  5.9500    1    5.100   1.0000          evt1
 11.0500    0    0.850   1.0000          NULL 
 11.9000    4    5.100   1.0000          evt4
 17.0000    0    1.700   1.0000          NULL 
 18.7000    3    5.100   1.0000          evt3
 23.8000    0    0.850   1.0000          NULL 
 24.6500    2    5.100   1.0000          evt2
 29.7500    0    1.700   1.0000          NULL 
 31.4500    4    5.100   1.0000          evt4
 36.5500    0    0.850   1.0000          NULL 
 37.4000    1    5.100   1.0000          evt1
 42.5000    0    3.400   1.0000          NULL 
 45.9000    6    5.100   1.0000          evt6
 51.0000    0    0.850   1.0000          NULL 
 51.8500    6    5.100   1.0000          evt6
 56.9500    0    1.700   1.0000          NULL 
 58.6500    2    5.100   1.0000          evt2
 63.7500    0    1.700   1.0000          NULL 
 65.4500    3    5.100   1.0000          evt3
 70.5500    0    0.850   1.0000          NULL 
 71.4000    3    5.100   1.0000          evt3
 76.5000    0    0.850   1.0000          NULL 
 77.3500    6    5.100   1.0000          evt6
 82.4500    0    2.550   1.0000          NULL 
 85.0000    6    5.100   1.0000          evt6
 90.1000    0    0.850   1.0000          NULL 
 90.9500    6    5.100   1.0000          evt6
 96.0500    0    0.850   1.0000          NULL 
 96.9000    5    5.100   1.0000          evt5
102.0000    0    1.700   1.0000          NULL 
103.7000    1    5.100   1.0000          evt1
108.8000    0    1.700   1.0000          NULL 
110.5000    1    5.100   1.0000          evt1
115.6000    0    1.700   1.0000          NULL 
117.2999    6    5.100   1.0000          evt6
122.3999    0    0.850   1.0000          NULL 
123.2499    4    5.100   1.0000          evt4
128.3499    0    0.850   1.0000          NULL 
129.2000    5    5.100   1.0000          evt5
134.3000    0    5.100   1.0000          NULL 
139.4000    6    5.100   1.0000          evt6
144.5000    0    0.850   1.0000          NULL 
145.3500    1    5.100   1.0000          evt1
150.4500    0    0.850   1.0000          NULL 
151.3000    5    5.100   1.0000          evt5
156.4000    0    0.850   1.0000          NULL 
157.2500    6    5.100   1.0000          evt6
162.3500    0    1.700   1.0000          NULL 
164.0500    1    5.100   1.0000          evt1
169.1501    0    0.850   1.0000          NULL 
170.0001    4    5.100   1.0000          evt4
175.1001    0    2.550   1.0000          NULL 
177.6501    2    5.100   1.0000          evt2
182.7501    0    0.850   1.0000          NULL 
183.6001    1    5.100   1.0000          evt1
188.7001    0    1.700   1.0000          NULL 
190.4001    2    5.100   1.0000          evt2
195.5001    0    0.850   1.0000          NULL 
196.3501    3    5.100   1.0000          evt3
201.4501    0    0.850   1.0000          NULL 
202.3001    4    5.100   1.0000          evt4
207.4001    0    0.850   1.0000          NULL 
208.2502    4    5.100   1.0000          evt4
213.3502    0    0.850   1.0000          NULL 
214.2002    3    5.100   1.0000          evt3
219.3002    0    1.700   1.0000          NULL 
221.0002    4    5.100   1.0000          evt4
226.1002    0    0.850   1.0000          NULL 
226.9502    3    5.100   1.0000          evt3
232.0502    0    2.550   1.0000          NULL 
234.6002    6    5.100   1.0000          evt6
239.7002    0    0.850   1.0000          NULL 
240.5502    6    5.100   1.0000          evt6
245.6502    0    0.850   1.0000          NULL 
246.5002    2    5.100   1.0000          evt2
251.6003    0    1.700   1.0000          NULL 
253.3003    6    5.100   1.0000          evt6
258.4003    0    0.850   1.0000          NULL 
259.2503    3    5.100   1.0000          evt3
264.3503    0    6.800   1.0000          NULL 
271.1503    4    5.100   1.0000          evt4
276.2503    0    0.850   1.0000          NULL 
277.1003    4    5.100   1.0000          evt4
282.2003    0    0.850   1.0000          NULL 
283.0504    1    5.100   1.0000          evt1
288.1504    0    1.700   1.0000          NULL 
289.8504    1    5.100   1.0000          evt1
294.9504    0    0.850   1.0000          NULL 
295.8004    3    5.100   1.0000          evt3
300.9004    0    1.700   1.0000          NULL 
302.6004    1    5.100   1.0000          evt1
307.7004    0    1.700   1.0000          NULL 
309.4004    3    5.100   1.0000          evt3
314.5004    0    4.250   1.0000          NULL 
318.7505    3    5.100   1.0000          evt3
323.8505    0    1.700   1.0000          NULL 
325.5505    3    5.100   1.0000          evt3
330.6505    0    0.850   1.0000          NULL 
331.5005    1    5.100   1.0000          evt1
336.6005    0    4.250   1.0000          NULL 
340.8505    5    5.100   1.0000          evt5
345.9505    0    1.700   1.0000          NULL 
347.6505    5    5.100   1.0000          evt5
352.7505    0    0.850   1.0000          NULL 
353.6006    4    5.100   1.0000          evt4
358.7006    0    1.699   1.0000          NULL 
