  0.0000    2    5.100   1.0000          evt2
  5.1000    0    2.550   1.0000          NULL 
  7.6500    4    5.100   1.0000          evt4
 12.7500    0    1.700   1.0000          NULL 
 14.4500    3    5.100   1.0000          evt3
 19.5500    0    1.700   1.0000          NULL 
 21.2500    5    5.100   1.0000          evt5
 26.3500    0    0.850   1.0000          NULL 
 27.2000    6    5.100   1.0000          evt6
 32.3000    0    2.550   1.0000          NULL 
 34.8500    1    5.100   1.0000          evt1
 39.9500    0    1.700   1.0000          NULL 
 41.6500    6    5.100   1.0000          evt6
 46.7500    0    0.850   1.0000          NULL 
 47.6000    4    5.100   1.0000          evt4
 52.7000    0    0.850   1.0000          NULL 
 53.5500    1    5.100   1.0000          evt1
 58.6500    0    2.550   1.0000          NULL 
 61.2000    4    5.100   1.0000          evt4
 66.3000    0    0.850   1.0000          NULL 
 67.1500    6    5.100   1.0000          evt6
 72.2500    0    0.850   1.0000          NULL 
 73.1000    3    5.100   1.0000          evt3
 78.2000    0    0.850   1.0000          NULL 
 79.0500    3    5.100   1.0000          evt3
 84.1500    0    1.700   1.0000          NULL 
 85.8500    3    5.100   1.0000          evt3
 90.9500    0    0.850   1.0000          NULL 
 91.8000    1    5.100   1.0000          evt1
 96.9000    0    0.850   1.0000          NULL 
 97.7500    4    5.100   1.0000          evt4
102.8500    0    3.400   1.0000          NULL 
106.2500    3    5.100   1.0000          evt3
111.3500    0    3.400   1.0000          NULL 
114.7499    5    5.100   1.0000          evt5
119.8499    0    0.850   1.0000          NULL 
120.6999    3    5.100   1.0000          evt3
125.7999    0    0.850   1.0000          NULL 
126.6499    2    5.100   1.0000          evt2
131.7499    0    0.850   1.0000          NULL 
132.5999    5    5.100   1.0000          evt5
137.7000    0    3.400   1.0000          NULL 
141.1000    5    5.100   1.0000          evt5
146.2000    0    1.700   1.0000          NULL 
147.9000    2    5.100   1.0000          evt2
153.0000    0    1.700   1.0000          NULL 
154.7000    1    5.100   1.0000          evt1
159.8000    0    0.850   1.0000          NULL 
160.6500    4    5.100   1.0000          evt4
165.7500    0    1.700   1.0000          NULL 
167.4500    5    5.100   1.0000          evt5
172.5500    0    0.850   1.0000          NULL 
173.4001    4    5.100   1.0000          evt4
178.5001    0    0.850   1.0000          NULL 
179.3501    1    5.100   1.0000          evt1
184.4501    0    0.850   1.0000          NULL 
185.3001    3    5.100   1.0000          evt3
190.4001    0    1.700   1.0000          NULL 
192.1001    3    5.100   1.0000          evt3
197.2001    0    0.850   1.0000          NULL 
198.0501    4    5.100   1.0000          evt4
203.1501    0    0.850   1.0000          NULL 
204.0001    6    5.100   1.0000          evt6
209.1001    0    1.700   1.0000          NULL 
210.8001    4    5.100   1.0000          evt4
215.9001    0    1.700   1.0000          NULL 
217.6002    1    5.100   1.0000          evt1
222.7002    0    1.700   1.0000          NULL 
224.4002    6    5.100   1.0000          evt6
229.5002    0    0.850   1.0000          NULL 
230.3502    1    5.100   1.0000          evt1
235.4502    0    0.850   1.0000          NULL 
236.3002    2    5.100   1.0000          evt2
241.4002    0    2.550   1.0000          NULL 
243.9502    4    5.100   1.0000          evt4
249.0502    0    3.400   1.0000          NULL 
252.4503    4    5.100   1.0000          evt4
257.5503    0    0.850   1.0000          NULL 
258.4003    1    5.100   1.0000          evt1
263.5003    0    1.700   1.0000          NULL 
265.2003    4    5.100   1.0000          evt4
270.3003    0    0.850   1.0000          NULL 
271.1503    3    5.100   1.0000          evt3
276.2503    0    0.850   1.0000          NULL 
277.1003    2    5.100   1.0000          evt2
282.2003    0    0.850   1.0000          NULL 
283.0503    6    5.100   1.0000          evt6
288.1503    0    0.850   1.0000          NULL 
289.0003    1    5.100   1.0000          evt1
294.1003    0    1.700   1.0000          NULL 
295.8004    1    5.100   1.0000          evt1
300.9004    0    0.850   1.0000          NULL 
301.7504    3    5.100   1.0000          evt3
306.8504    0    2.550   1.0000          NULL 
309.4004    3    5.100   1.0000          evt3
314.5004    0    1.700   1.0000          NULL 
316.2004    6    5.100   1.0000          evt6
321.3004    0    0.850   1.0000          NULL 
322.1504    6    5.100   1.0000          evt6
327.2504    0    0.850   1.0000          NULL 
328.1004    6    5.100   1.0000          evt6
333.2004    0    0.850   1.0000          NULL 
334.0504    6    5.100   1.0000          evt6
339.1505    0    0.850   1.0000          NULL 
340.0005    1    5.100   1.0000          evt1
345.1005    0    4.250   1.0000          NULL 
349.3505    6    5.100   1.0000          evt6
354.4505    0    5.950   1.0000          NULL 
