  0.0000    1    5.100   1.0000          evt1
  5.1000    0    0.850   1.0000          NULL 
  5.9500    4    5.100   1.0000          evt4
 11.0500    0    1.700   1.0000          NULL 
 12.7500    1    5.100   1.0000          evt1
 17.8500    0    2.550   1.0000          NULL 
 20.4000    4    5.100   1.0000          evt4
 25.5000    0    3.400   1.0000          NULL 
 28.9000    6    5.100   1.0000          evt6
 34.0000    0    0.850   1.0000          NULL 
 34.8500    3    5.100   1.0000          evt3
 39.9500    0    0.850   1.0000          NULL 
 40.8000    6    5.100   1.0000          evt6
 45.9000    0    0.850   1.0000          NULL 
 46.7500    4    5.100   1.0000          evt4
 51.8500    0    0.850   1.0000          NULL 
 52.7000    3    5.100   1.0000          evt3
 57.8000    0    0.850   1.0000          NULL 
 58.6500    3    5.100   1.0000          evt3
 63.7500    0    0.850   1.0000          NULL 
 64.6000    4    5.100   1.0000          evt4
 69.7000    0    0.850   1.0000          NULL 
 70.5500    3    5.100   1.0000          evt3
 75.6500    0    0.850   1.0000          NULL 
 76.5000    2    5.100   1.0000          evt2
 81.6000    0    0.850   1.0000          NULL 
 82.4500    4    5.100   1.0000          evt4
 87.5500    0    0.850   1.0000          NULL 
 88.4000    2    5.100   1.0000          evt2
 93.5000    0    1.700   1.0000          NULL 
 95.2000    3    5.100   1.0000          evt3
100.3000    0    1.700   1.0000          NULL 
102.0000    3    5.100   1.0000          evt3
107.1000    0    1.700   1.0000          NULL 
108.8000    3    5.100   1.0000          evt3
113.9000    0    0.850   1.0000          NULL 
114.7500    1    5.100   1.0000          evt1
119.8500    0    0.850   1.0000          NULL 
120.7000    3    5.100   1.0000          evt3
125.8000    0    0.850   1.0000          NULL 
126.6500    4    5.100   1.0000          evt4
131.7500    0    0.850   1.0000          NULL 
132.6000    6    5.100   1.0000          evt6
137.7000    0    0.850   1.0000          NULL 
138.5500    6    5.100   1.0000          evt6
143.6500    0    6.800   1.0000          NULL 
150.4500    1    5.100   1.0000          evt1
155.5500    0    0.850   1.0000          NULL 
156.4000    4    5.100   1.0000          evt4
161.5000    0    4.250   1.0000          NULL 
165.7501    5    5.100   1.0000          evt5
170.8501    0    0.850   1.0000          NULL 
171.7001    1    5.100   1.0000          evt1
176.8001    0    0.850   1.0000          NULL 
177.6501    2    5.100   1.0000          evt2
182.7501    0    0.850   1.0000          NULL 
183.6001    4    5.100   1.0000          evt4
188.7001    0    0.850   1.0000          NULL 
189.5501    1    5.100   1.0000          evt1
194.6501    0    1.700   1.0000          NULL 
196.3501    6    5.100   1.0000          evt6
201.4501    0    1.700   1.0000          NULL 
203.1502    6    5.100   1.0000          evt6
208.2502    0    2.550   1.0000          NULL 
210.8002    4    5.100   1.0000          evt4
215.9002    0    2.550   1.0000          NULL 
218.4502    6    5.100   1.0000          evt6
223.5502    0    0.850   1.0000          NULL 
224.4002    6    5.100   1.0000          evt6
229.5002    0    3.400   1.0000          NULL 
232.9003    2    5.100   1.0000          evt2
238.0003    0    6.800   1.0000          NULL 
244.8003    5    5.100   1.0000          evt5
249.9003    0    0.850   1.0000          NULL 
250.7503    3    5.100   1.0000          evt3
255.8503    0    0.850   1.0000          NULL 
256.7003    3    5.100   1.0000          evt3
261.8003    0    1.700   1.0000          NULL 
263.5003    2    5.100   1.0000          evt2
268.6003    0    0.850   1.0000          NULL 
269.4503    1    5.100   1.0000          evt1
274.5504    0    0.850   1.0000          NULL 
275.4004    6    5.100   1.0000          evt6
280.5004    0    0.850   1.0000          NULL 
281.3504    1    5.100   1.0000          evt1
286.4504    0    0.850   1.0000          NULL 
287.3004    1    5.100   1.0000          evt1
292.4004    0    0.850   1.0000          NULL 
293.2504    6    5.100   1.0000          evt6
298.3504    0    2.550   1.0000          NULL 
300.9004    4    5.100   1.0000          evt4
306.0004    0    1.700   1.0000          NULL 
307.7004    6    5.100   1.0000          evt6
312.8004    0    0.850   1.0000          NULL 
313.6505    3    5.100   1.0000          evt3
318.7505    0    1.700   1.0000          NULL 
320.4505    1    5.100   1.0000          evt1
325.5505    0    2.550   1.0000          NULL 
328.1005    5    5.100   1.0000          evt5
333.2005    0    0.850   1.0000          NULL 
334.0505    4    5.100   1.0000          evt4
339.1505    0    0.850   1.0000          NULL 
340.0005    1    5.100   1.0000          evt1
345.1005    0    2.550   1.0000          NULL 
347.6505    5    5.100   1.0000          evt5
352.7505    0    0.850   1.0000          NULL 
353.6006    5    5.100   1.0000          evt5
358.7006    0    1.699   1.0000          NULL 
