  0.0000    1    5.100   1.0000          evt1
  5.1000    0    1.700   1.0000          NULL 
  6.8000    6    5.100   1.0000          evt6
 11.9000    4    5.100   1.0000          evt4
 17.0000    0    6.800   1.0000          NULL 
 23.8000    4    5.100   1.0000          evt4
 28.9000    0    4.250   1.0000          NULL 
 33.1500    2    5.100   1.0000          evt2
 38.2500    4    5.100   1.0000          evt4
 43.3500    0    0.850   1.0000          NULL 
 44.2000    3    5.100   1.0000          evt3
 49.3000    0    1.700   1.0000          NULL 
 51.0000    4    5.100   1.0000          evt4
 56.1000    5    5.100   1.0000          evt5
 61.2000    0    1.700   1.0000          NULL 
 62.9000    3    5.100   1.0000          evt3
 68.0000    0    4.250   1.0000          NULL 
 72.2500    3    5.100   1.0000          evt3
 77.3500    0    1.700   1.0000          NULL 
 79.0500    3    5.100   1.0000          evt3
 84.1500    4    5.100   1.0000          evt4
 89.2500    0    3.400   1.0000          NULL 
 92.6500    4    5.100   1.0000          evt4
 97.7500    1    5.100   1.0000          evt1
102.8500    0    3.400   1.0000          NULL 
106.2500    3    5.100   1.0000          evt3
111.3500    2    5.100   1.0000          evt2
116.4500    0    1.700   1.0000          NULL 
118.1499    6    5.100   1.0000          evt6
123.2499    0    1.700   1.0000          NULL 
124.9499    2    5.100   1.0000          evt2
130.0499    0    8.500   1.0000          NULL 
138.5500    6    5.100   1.0000          evt6
143.6500    0    0.850   1.0000          NULL 
144.5000    3    5.100   1.0000          evt3
149.6000    0    3.400   1.0000          NULL 
153.0000    5    5.100   1.0000          evt5
158.1001    0    0.850   1.0000          NULL 
158.9501    3    5.100   1.0000          evt3
164.0501    3    5.100   1.0000          evt3
169.1501    2    5.100   1.0000          evt2
174.2501    3    5.100   1.0000          evt3
179.3501    6    5.100   1.0000          evt6
184.4501    0    2.550   1.0000          NULL 
187.0001    1    5.100   1.0000          evt1
192.1001    0    1.700   1.0000          NULL 
193.8001    4    5.100   1.0000          evt4
198.9001    0    0.850   1.0000          NULL 
199.7501    6    5.100   1.0000          evt6
204.8501    0    0.850   1.0000          NULL 
205.7001    6    5.100   1.0000          evt6
210.8002    0    1.700   1.0000          NULL 
212.5002    6    5.100   1.0000          evt6
217.6002    0    0.850   1.0000          NULL 
218.4502    6    5.100   1.0000          evt6
223.5502    0    2.550   1.0000          NULL 
226.1002    5    5.100   1.0000          evt5
231.2002    0    2.550   1.0000          NULL 
233.7502    5    5.100   1.0000          evt5
238.8502    0    0.850   1.0000          NULL 
239.7002    2    5.100   1.0000          evt2
244.8002    1    5.100   1.0000          evt1
249.9003    0    2.550   1.0000          NULL 
252.4503    6    5.100   1.0000          evt6
257.5503    1    5.100   1.0000          evt1
262.6503    0    0.850   1.0000          NULL 
263.5003    1    5.100   1.0000          evt1
268.6003    4    5.100   1.0000          evt4
273.7003    0    1.700   1.0000          NULL 
275.4003    1    5.100   1.0000          evt1
280.5003    6    5.100   1.0000          evt6
285.6003    5    5.100   1.0000          evt5
290.7003    0    1.700   1.0000          NULL 
292.4003    1    5.100   1.0000          evt1
297.5003    0    4.250   1.0000          NULL 
301.7504    4    5.100   1.0000          evt4
306.8504    0    0.850   1.0000          NULL 
307.7004    4    5.100   1.0000          evt4
312.8004    0    0.850   1.0000          NULL 
313.6504    1    5.100   1.0000          evt1
318.7504    0    5.100   1.0000          NULL 
323.8504    4    5.100   1.0000          evt4
328.9504    0    1.700   1.0000          NULL 
330.6505    6    5.100   1.0000          evt6
335.7505    3    5.100   1.0000          evt3
340.8505    0    2.550   1.0000          NULL 
343.4005    1    5.100   1.0000          evt1
348.5005    1    5.100   1.0000          evt1
353.6005    0    1.700   1.0000          NULL 
355.3005    3    5.100   1.0000          evt3
