  0.0000    1    5.100   1.0000          evt1
  5.1000    0    0.850   1.0000          NULL 
  5.9500    6    5.100   1.0000          evt6
 11.0500    0    0.850   1.0000          NULL 
 11.9000    1    5.100   1.0000          evt1
 17.0000    3    5.100   1.0000          evt3
 22.1000    5    5.100   1.0000          evt5
 27.2000    2    5.100   1.0000          evt2
 32.3000    0    3.400   1.0000          NULL 
 35.7000    1    5.100   1.0000          evt1
 40.8000    6    5.100   1.0000          evt6
 45.9000    0    0.850   1.0000          NULL 
 46.7500    3    5.100   1.0000          evt3
 51.8500    0    3.400   1.0000          NULL 
 55.2500    6    5.100   1.0000          evt6
 60.3500    0    5.100   1.0000          NULL 
 65.4500    2    5.100   1.0000          evt2
 70.5500    4    5.100   1.0000          evt4
 75.6500    0    0.850   1.0000          NULL 
 76.5000    1    5.100   1.0000          evt1
 81.6000    3    5.100   1.0000          evt3
 86.7000    0    0.850   1.0000          NULL 
 87.5500    5    5.100   1.0000          evt5
 92.6500    3    5.100   1.0000          evt3
 97.7500    0    3.400   1.0000          NULL 
101.1500    2    5.100   1.0000          evt2
106.2500    5    5.100   1.0000          evt5
111.3500    4    5.100   1.0000          evt4
116.4500    0    2.550   1.0000          NULL 
118.9999    6    5.100   1.0000          evt6
124.0999    0    0.850   1.0000          NULL 
124.9499    3    5.100   1.0000          evt3
130.0499    0    0.850   1.0000          NULL 
130.8999    6    5.100   1.0000          evt6
136.0000    0    3.400   1.0000          NULL 
139.4000    3    5.100   1.0000          evt3
144.5000    0    1.700   1.0000          NULL 
146.2000    3    5.100   1.0000          evt3
151.3000    1    5.100   1.0000          evt1
156.4000    4    5.100   1.0000          evt4
161.5000    4    5.100   1.0000          evt4
166.6000    0    2.550   1.0000          NULL 
169.1500    3    5.100   1.0000          evt3
174.2500    1    5.100   1.0000          evt1
179.3501    0    1.700   1.0000          NULL 
181.0501    5    5.100   1.0000          evt5
186.1501    1    5.100   1.0000          evt1
191.2501    0    1.700   1.0000          NULL 
192.9501    4    5.100   1.0000          evt4
198.0501    0    5.100   1.0000          NULL 
203.1501    6    5.100   1.0000          evt6
208.2501    0    0.850   1.0000          NULL 
209.1001    1    5.100   1.0000          evt1
214.2001    0    1.700   1.0000          NULL 
215.9002    3    5.100   1.0000          evt3
221.0002    6    5.100   1.0000          evt6
226.1002    0    0.850   1.0000          NULL 
226.9502    1    5.100   1.0000          evt1
232.0502    0    1.700   1.0000          NULL 
233.7502    2    5.100   1.0000          evt2
238.8502    4    5.100   1.0000          evt4
243.9502    6    5.100   1.0000          evt6
249.0502    0    1.700   1.0000          NULL 
250.7502    4    5.100   1.0000          evt4
255.8502    0    1.700   1.0000          NULL 
257.5502    4    5.100   1.0000          evt4
262.6502    0    1.700   1.0000          NULL 
264.3503    5    5.100   1.0000          evt5
269.4503    0    5.100   1.0000          NULL 
274.5503    2    5.100   1.0000          evt2
279.6503    0    0.850   1.0000          NULL 
280.5003    3    5.100   1.0000          evt3
285.6003    0    1.700   1.0000          NULL 
287.3003    6    5.100   1.0000          evt6
292.4003    6    5.100   1.0000          evt6
297.5003    0    0.850   1.0000          NULL 
298.3503    1    5.100   1.0000          evt1
303.4503    0    1.700   1.0000          NULL 
305.1504    4    5.100   1.0000          evt4
310.2504    0    2.550   1.0000          NULL 
312.8004    3    5.100   1.0000          evt3
317.9004    0    6.800   1.0000          NULL 
324.7004    6    5.100   1.0000          evt6
329.8004    4    5.100   1.0000          evt4
334.9005    0    0.850   1.0000          NULL 
335.7505    4    5.100   1.0000          evt4
340.8505    0    0.850   1.0000          NULL 
341.7005    1    5.100   1.0000          evt1
346.8005    0   13.600   1.0000          NULL 
