  0.0000    6    5.100   1.0000          evt6
  5.1000    0    0.850   1.0000          NULL 
  5.9500    1    5.100   1.0000          evt1
 11.0500    0    1.700   1.0000          NULL 
 12.7500    5    5.100   1.0000          evt5
 17.8500    0    0.850   1.0000          NULL 
 18.7000    4    5.100   1.0000          evt4
 23.8000    0    1.700   1.0000          NULL 
 25.5000    2    5.100   1.0000          evt2
 30.6000    0    2.550   1.0000          NULL 
 33.1500    4    5.100   1.0000          evt4
 38.2500    0    0.850   1.0000          NULL 
 39.1000    3    5.100   1.0000          evt3
 44.2000    0    1.700   1.0000          NULL 
 45.9000    3    5.100   1.0000          evt3
 51.0000    0    2.550   1.0000          NULL 
 53.5500    6    5.100   1.0000          evt6
 58.6500    0    0.850   1.0000          NULL 
 59.5000    3    5.100   1.0000          evt3
 64.6000    0    1.700   1.0000          NULL 
 66.3000    4    5.100   1.0000          evt4
 71.4000    0    0.850   1.0000          NULL 
 72.2500    6    5.100   1.0000          evt6
 77.3500    0    0.850   1.0000          NULL 
 78.2000    1    5.100   1.0000          evt1
 83.3000    0    0.850   1.0000          NULL 
 84.1500    1    5.100   1.0000          evt1
 89.2500    0    5.100   1.0000          NULL 
 94.3500    3    5.100   1.0000          evt3
 99.4500    0    0.850   1.0000          NULL 
100.3000    3    5.100   1.0000          evt3
105.4000    0    1.700   1.0000          NULL 
107.1000    2    5.100   1.0000          evt2
112.2000    0    0.850   1.0000          NULL 
113.0499    1    5.100   1.0000          evt1
118.1499    0    0.850   1.0000          NULL 
118.9999    3    5.100   1.0000          evt3
124.0999    0    1.700   1.0000          NULL 
125.7999    3    5.100   1.0000          evt3
130.8999    0    0.850   1.0000          NULL 
131.7500    4    5.100   1.0000          evt4
136.8500    0    1.700   1.0000          NULL 
138.5500    4    5.100   1.0000          evt4
143.6500    0    1.700   1.0000          NULL 
145.3500    6    5.100   1.0000          evt6
150.4500    0    1.700   1.0000          NULL 
152.1500    1    5.100   1.0000          evt1
157.2500    0    1.700   1.0000          NULL 
158.9500    3    5.100   1.0000          evt3
164.0500    0    1.700   1.0000          NULL 
165.7500    4    5.100   1.0000          evt4
170.8501    0    5.950   1.0000          NULL 
176.8001    1    5.100   1.0000          evt1
181.9001    0    1.700   1.0000          NULL 
183.6001    6    5.100   1.0000          evt6
188.7001    0    0.850   1.0000          NULL 
189.5501    1    5.100   1.0000          evt1
194.6501    0    2.550   1.0000          NULL 
197.2001    2    5.100   1.0000          evt2
202.3002    0    0.850   1.0000          NULL 
203.1502    1    5.100   1.0000          evt1
208.2502    0    0.850   1.0000          NULL 
209.1002    5    5.100   1.0000          evt5
214.2002    0    0.850   1.0000          NULL 
215.0502    2    5.100   1.0000          evt2
220.1502    0    1.700   1.0000          NULL 
221.8502    5    5.100   1.0000          evt5
226.9502    0    1.700   1.0000          NULL 
228.6502    5    5.100   1.0000          evt5
233.7502    0    0.850   1.0000          NULL 
234.6002    4    5.100   1.0000          evt4
239.7002    0    0.850   1.0000          NULL 
240.5502    6    5.100   1.0000          evt6
245.6503    0    0.850   1.0000          NULL 
246.5003    6    5.100   1.0000          evt6
251.6003    0    0.850   1.0000          NULL 
252.4503    6    5.100   1.0000          evt6
257.5503    0    3.400   1.0000          NULL 
260.9503    6    5.100   1.0000          evt6
266.0503    0    0.850   1.0000          NULL 
266.9003    4    5.100   1.0000          evt4
272.0003    0    1.700   1.0000          NULL 
273.7003    3    5.100   1.0000          evt3
278.8003    0    1.700   1.0000          NULL 
280.5003    1    5.100   1.0000          evt1
285.6003    0    1.700   1.0000          NULL 
287.3004    1    5.100   1.0000          evt1
292.4004    0    0.850   1.0000          NULL 
293.2504    3    5.100   1.0000          evt3
298.3504    0    0.850   1.0000          NULL 
299.2004    6    5.100   1.0000          evt6
304.3004    0    2.550   1.0000          NULL 
306.8504    4    5.100   1.0000          evt4
311.9504    0    3.400   1.0000          NULL 
315.3504    5    5.100   1.0000          evt5
320.4504    0    0.850   1.0000          NULL 
321.3004    3    5.100   1.0000          evt3
326.4005    0    1.700   1.0000          NULL 
328.1005    2    5.100   1.0000          evt2
333.2005    0    0.850   1.0000          NULL 
334.0505    6    5.100   1.0000          evt6
339.1505    0    3.400   1.0000          NULL 
342.5505    4    5.100   1.0000          evt4
347.6505    0    0.850   1.0000          NULL 
348.5005    4    5.100   1.0000          evt4
353.6005    0    0.850   1.0000          NULL 
354.4505    1    5.100   1.0000          evt1
359.5505    0    0.849   1.0000          NULL 
