  0.0000    2    5.100   1.0000          evt2
  5.1000    0    3.400   1.0000          NULL 
  8.5000    6    5.100   1.0000          evt6
 13.6000    0    2.550   1.0000          NULL 
 16.1500    6    5.100   1.0000          evt6
 21.2500    0    2.550   1.0000          NULL 
 23.8000    2    5.100   1.0000          evt2
 28.9000    6    5.100   1.0000          evt6
 34.0000    6    5.100   1.0000          evt6
 39.1000    3    5.100   1.0000          evt3
 44.2000    0    4.250   1.0000          NULL 
 48.4500    6    5.100   1.0000          evt6
 53.5500    0    5.950   1.0000          NULL 
 59.5000    4    5.100   1.0000          evt4
 64.6000    0    1.700   1.0000          NULL 
 66.3000    3    5.100   1.0000          evt3
 71.4000    0    1.700   1.0000          NULL 
 73.1000    2    5.100   1.0000          evt2
 78.2000    1    5.100   1.0000          evt1
 83.3000    3    5.100   1.0000          evt3
 88.4000    0    1.700   1.0000          NULL 
 90.1000    3    5.100   1.0000          evt3
 95.2000    1    5.100   1.0000          evt1
100.3000    0    4.250   1.0000          NULL 
104.5500    3    5.100   1.0000          evt3
109.6500    4    5.100   1.0000          evt4
114.7500    0    0.850   1.0000          NULL 
115.6000    5    5.100   1.0000          evt5
120.7000    0    0.850   1.0000          NULL 
121.5499    4    5.100   1.0000          evt4
126.6499    2    5.100   1.0000          evt2
131.7500    0    1.700   1.0000          NULL 
133.4500    5    5.100   1.0000          evt5
138.5500    0    0.850   1.0000          NULL 
139.4000    5    5.100   1.0000          evt5
144.5000    0    2.550   1.0000          NULL 
147.0500    4    5.100   1.0000          evt4
152.1500    0    2.550   1.0000          NULL 
154.7000    1    5.100   1.0000          evt1
159.8000    0    4.250   1.0000          NULL 
164.0501    3    5.100   1.0000          evt3
169.1501    3    5.100   1.0000          evt3
174.2501    0    3.400   1.0000          NULL 
177.6501    4    5.100   1.0000          evt4
182.7501    0    0.850   1.0000          NULL 
183.6001    5    5.100   1.0000          evt5
188.7001    0    0.850   1.0000          NULL 
189.5501    1    5.100   1.0000          evt1
194.6501    0    9.350   1.0000          NULL 
204.0002    2    5.100   1.0000          evt2
209.1002    6    5.100   1.0000          evt6
214.2002    0    2.550   1.0000          NULL 
216.7502    4    5.100   1.0000          evt4
221.8502    0    0.850   1.0000          NULL 
222.7002    1    5.100   1.0000          evt1
227.8002    0    0.850   1.0000          NULL 
228.6503    1    5.100   1.0000          evt1
233.7503    0    2.550   1.0000          NULL 
236.3003    4    5.100   1.0000          evt4
241.4003    0    1.700   1.0000          NULL 
243.1003    5    5.100   1.0000          evt5
248.2003    0    0.850   1.0000          NULL 
249.0503    1    5.100   1.0000          evt1
254.1503    0    1.700   1.0000          NULL 
255.8503    3    5.100   1.0000          evt3
260.9503    0    1.700   1.0000          NULL 
262.6503    1    5.100   1.0000          evt1
267.7503    4    5.100   1.0000          evt4
272.8503    0    2.550   1.0000          NULL 
275.4004    4    5.100   1.0000          evt4
280.5004    0    0.850   1.0000          NULL 
281.3504    6    5.100   1.0000          evt6
286.4504    6    5.100   1.0000          evt6
291.5504    0    0.850   1.0000          NULL 
292.4004    6    5.100   1.0000          evt6
297.5004    0    0.850   1.0000          NULL 
298.3504    3    5.100   1.0000          evt3
303.4504    0    2.550   1.0000          NULL 
306.0004    1    5.100   1.0000          evt1
311.1004    4    5.100   1.0000          evt4
316.2004    0    0.850   1.0000          NULL 
317.0504    3    5.100   1.0000          evt3
322.1505    6    5.100   1.0000          evt6
327.2505    0    0.850   1.0000          NULL 
328.1005    1    5.100   1.0000          evt1
333.2005    0    0.850   1.0000          NULL 
334.0505    1    5.100   1.0000          evt1
339.1505    0    5.100   1.0000          NULL 
344.2505    6    5.100   1.0000          evt6
349.3505    3    5.100   1.0000          evt3
354.4505    4    5.100   1.0000          evt4
359.5505    0    0.849   1.0000          NULL 
