  0.0000    4    5.100   1.0000          evt4
  5.1000    0    0.850   1.0000          NULL 
  5.9500    2    5.100   1.0000          evt2
 11.0500    0    0.850   1.0000          NULL 
 11.9000    6    5.100   1.0000          evt6
 17.0000    0    0.850   1.0000          NULL 
 17.8500    3    5.100   1.0000          evt3
 22.9500    0    0.850   1.0000          NULL 
 23.8000    1    5.100   1.0000          evt1
 28.9000    0    2.550   1.0000          NULL 
 31.4500    5    5.100   1.0000          evt5
 36.5500    0    0.850   1.0000          NULL 
 37.4000    6    5.100   1.0000          evt6
 42.5000    0    1.700   1.0000          NULL 
 44.2000    2    5.100   1.0000          evt2
 49.3000    0    0.850   1.0000          NULL 
 50.1500    3    5.100   1.0000          evt3
 55.2500    0    1.700   1.0000          NULL 
 56.9500    2    5.100   1.0000          evt2
 62.0500    0    0.850   1.0000          NULL 
 62.9000    4    5.100   1.0000          evt4
 68.0000    0    0.850   1.0000          NULL 
 68.8500    3    5.100   1.0000          evt3
 73.9500    0    0.850   1.0000          NULL 
 74.8000    1    5.100   1.0000          evt1
 79.9000    0    0.850   1.0000          NULL 
 80.7500    6    5.100   1.0000          evt6
 85.8500    0    0.850   1.0000          NULL 
 86.7000    4    5.100   1.0000          evt4
 91.8000    0    0.850   1.0000          NULL 
 92.6500    6    5.100   1.0000          evt6
 97.7500    0    0.850   1.0000          NULL 
 98.6000    3    5.100   1.0000          evt3
103.7000    0    0.850   1.0000          NULL 
104.5500    4    5.100   1.0000          evt4
109.6500    0    2.550   1.0000          NULL 
112.2000    1    5.100   1.0000          evt1
117.3000    0    2.550   1.0000          NULL 
119.8500    3    5.100   1.0000          evt3
124.9500    0    1.700   1.0000          NULL 
126.6499    4    5.100   1.0000          evt4
131.7500    0    0.850   1.0000          NULL 
132.6000    3    5.100   1.0000          evt3
137.7000    0    3.400   1.0000          NULL 
141.1000    6    5.100   1.0000          evt6
146.2000    0    0.850   1.0000          NULL 
147.0500    1    5.100   1.0000          evt1
152.1500    0    0.850   1.0000          NULL 
153.0000    1    5.100   1.0000          evt1
158.1000    0    0.850   1.0000          NULL 
158.9500    1    5.100   1.0000          evt1
164.0500    0    1.700   1.0000          NULL 
165.7500    4    5.100   1.0000          evt4
170.8501    0    1.700   1.0000          NULL 
172.5501    3    5.100   1.0000          evt3
177.6501    0    0.850   1.0000          NULL 
178.5001    3    5.100   1.0000          evt3
183.6001    0    4.250   1.0000          NULL 
187.8501    4    5.100   1.0000          evt4
192.9501    0    0.850   1.0000          NULL 
193.8001    6    5.100   1.0000          evt6
198.9001    0    0.850   1.0000          NULL 
199.7501    4    5.100   1.0000          evt4
204.8501    0    1.700   1.0000          NULL 
206.5502    1    5.100   1.0000          evt1
211.6502    0    0.850   1.0000          NULL 
212.5002    5    5.100   1.0000          evt5
217.6002    0    1.700   1.0000          NULL 
219.3002    4    5.100   1.0000          evt4
224.4002    0    1.700   1.0000          NULL 
226.1002    1    5.100   1.0000          evt1
231.2002    0    1.700   1.0000          NULL 
232.9002    4    5.100   1.0000          evt4
238.0002    0    0.850   1.0000          NULL 
238.8502    3    5.100   1.0000          evt3
243.9502    0    1.700   1.0000          NULL 
245.6503    1    5.100   1.0000          evt1
250.7503    0    2.550   1.0000          NULL 
253.3003    5    5.100   1.0000          evt5
258.4003    0    0.850   1.0000          NULL 
259.2503    4    5.100   1.0000          evt4
264.3503    0    6.800   1.0000          NULL 
271.1503    1    5.100   1.0000          evt1
276.2503    0    0.850   1.0000          NULL 
277.1003    6    5.100   1.0000          evt6
282.2003    0    0.850   1.0000          NULL 
283.0504    6    5.100   1.0000          evt6
288.1504    0    0.850   1.0000          NULL 
289.0004    6    5.100   1.0000          evt6
294.1004    0    0.850   1.0000          NULL 
294.9504    2    5.100   1.0000          evt2
300.0504    0    4.250   1.0000          NULL 
304.3004    5    5.100   1.0000          evt5
309.4004    0    1.700   1.0000          NULL 
311.1004    6    5.100   1.0000          evt6
316.2004    0    1.700   1.0000          NULL 
317.9005    6    5.100   1.0000          evt6
323.0005    0    0.850   1.0000          NULL 
323.8505    1    5.100   1.0000          evt1
328.9505    0    0.850   1.0000          NULL 
329.8005    3    5.100   1.0000          evt3
334.9005    0    2.550   1.0000          NULL 
337.4505    2    5.100   1.0000          evt2
342.5505    0    0.850   1.0000          NULL 
343.4005    5    5.100   1.0000          evt5
348.5005    0    2.550   1.0000          NULL 
351.0505    3    5.100   1.0000          evt3
356.1505    0    4.249   1.0000          NULL 
