  0.0000    3    5.100   1.0000          evt3
  5.1000    0    0.850   1.0000          NULL 
  5.9500    4    5.100   1.0000          evt4
 11.0500    0    1.700   1.0000          NULL 
 12.7500    6    5.100   1.0000          evt6
 17.8500    0    0.850   1.0000          NULL 
 18.7000    1    5.100   1.0000          evt1
 23.8000    0    0.850   1.0000          NULL 
 24.6500    6    5.100   1.0000          evt6
 29.7500    0    0.850   1.0000          NULL 
 30.6000    4    5.100   1.0000          evt4
 35.7000    0    0.850   1.0000          NULL 
 36.5500    3    5.100   1.0000          evt3
 41.6500    0    1.700   1.0000          NULL 
 43.3500    3    5.100   1.0000          evt3
 48.4500    0    3.400   1.0000          NULL 
 51.8500    3    5.100   1.0000          evt3
 56.9500    0    0.850   1.0000          NULL 
 57.8000    4    5.100   1.0000          evt4
 62.9000    0    1.700   1.0000          NULL 
 64.6000    1    5.100   1.0000          evt1
 69.7000    0    1.700   1.0000          NULL 
 71.4000    3    5.100   1.0000          evt3
 76.5000    0    0.850   1.0000          NULL 
 77.3500    4    5.100   1.0000          evt4
 82.4500    0    1.700   1.0000          NULL 
 84.1500    4    5.100   1.0000          evt4
 89.2500    0    0.850   1.0000          NULL 
 90.1000    3    5.100   1.0000          evt3
 95.2000    0    3.400   1.0000          NULL 
 98.6000    6    5.100   1.0000          evt6
103.7000    0    3.400   1.0000          NULL 
107.1000    3    5.100   1.0000          evt3
112.2000    0    0.850   1.0000          NULL 
113.0499    1    5.100   1.0000          evt1
118.1499    0    0.850   1.0000          NULL 
118.9999    1    5.100   1.0000          evt1
124.0999    0    0.850   1.0000          NULL 
124.9499    4    5.100   1.0000          evt4
130.0499    0    2.550   1.0000          NULL 
132.6000    1    5.100   1.0000          evt1
137.7000    0    2.550   1.0000          NULL 
140.2500    6    5.100   1.0000          evt6
145.3500    0    1.700   1.0000          NULL 
147.0500    1    5.100   1.0000          evt1
152.1500    0    0.850   1.0000          NULL 
153.0000    6    5.100   1.0000          evt6
158.1000    0    2.550   1.0000          NULL 
160.6500    1    5.100   1.0000          evt1
165.7500    0    0.850   1.0000          NULL 
166.6001    1    5.100   1.0000          evt1
171.7001    0    2.550   1.0000          NULL 
174.2501    3    5.100   1.0000          evt3
179.3501    0    0.850   1.0000          NULL 
180.2001    3    5.100   1.0000          evt3
185.3001    0    1.700   1.0000          NULL 
187.0001    4    5.100   1.0000          evt4
192.1001    0    0.850   1.0000          NULL 
192.9501    5    5.100   1.0000          evt5
198.0501    0    0.850   1.0000          NULL 
198.9001    2    5.100   1.0000          evt2
204.0001    0    1.700   1.0000          NULL 
205.7001    2    5.100   1.0000          evt2
210.8002    0    3.400   1.0000          NULL 
214.2002    6    5.100   1.0000          evt6
219.3002    0    0.850   1.0000          NULL 
220.1502    3    5.100   1.0000          evt3
225.2502    0    3.400   1.0000          NULL 
228.6502    6    5.100   1.0000          evt6
233.7502    0    3.400   1.0000          NULL 
237.1503    5    5.100   1.0000          evt5
242.2503    0    0.850   1.0000          NULL 
243.1003    1    5.100   1.0000          evt1
248.2003    0    2.550   1.0000          NULL 
250.7503    4    5.100   1.0000          evt4
255.8503    0    0.850   1.0000          NULL 
256.7003    4    5.100   1.0000          evt4
261.8003    0    0.850   1.0000          NULL 
262.6503    3    5.100   1.0000          evt3
267.7503    0    0.850   1.0000          NULL 
268.6003    1    5.100   1.0000          evt1
273.7003    0    2.550   1.0000          NULL 
276.2503    4    5.100   1.0000          evt4
281.3503    0    1.700   1.0000          NULL 
283.0504    6    5.100   1.0000          evt6
288.1504    0    0.850   1.0000          NULL 
289.0004    5    5.100   1.0000          evt5
294.1004    0    0.850   1.0000          NULL 
294.9504    2    5.100   1.0000          evt2
300.0504    0    0.850   1.0000          NULL 
300.9004    6    5.100   1.0000          evt6
306.0004    0    1.700   1.0000          NULL 
307.7004    1    5.100   1.0000          evt1
312.8004    0    1.700   1.0000          NULL 
314.5004    5    5.100   1.0000          evt5
319.6004    0    0.850   1.0000          NULL 
320.4504    2    5.100   1.0000          evt2
325.5504    0    0.850   1.0000          NULL 
326.4005    4    5.100   1.0000          evt4
331.5005    0    1.700   1.0000          NULL 
333.2005    2    5.100   1.0000          evt2
338.3005    0    0.850   1.0000          NULL 
339.1505    6    5.100   1.0000          evt6
344.2505    0    1.700   1.0000          NULL 
345.9505    6    5.100   1.0000          evt6
351.0505    0    3.400   1.0000          NULL 
354.4505    5    5.100   1.0000          evt5
359.5505    0    0.849   1.0000          NULL 
