  0.0000    3    5.100   1.0000          evt3
  5.1000    0    0.850   1.0000          NULL 
  5.9500    6    5.100   1.0000          evt6
 11.0500    0    1.700   1.0000          NULL 
 12.7500    4    5.100   1.0000          evt4
 17.8500    4    5.100   1.0000          evt4
 22.9500    0    2.550   1.0000          NULL 
 25.5000    6    5.100   1.0000          evt6
 30.6000    4    5.100   1.0000          evt4
 35.7000    0    4.250   1.0000          NULL 
 39.9500    4    5.100   1.0000          evt4
 45.0500    3    5.100   1.0000          evt3
 50.1500    0    0.850   1.0000          NULL 
 51.0000    4    5.100   1.0000          evt4
 56.1000    0    1.700   1.0000          NULL 
 57.8000    3    5.100   1.0000          evt3
 62.9000    1    5.100   1.0000          evt1
 68.0000    0    0.850   1.0000          NULL 
 68.8500    1    5.100   1.0000          evt1
 73.9500    0    3.400   1.0000          NULL 
 77.3500    2    5.100   1.0000          evt2
 82.4500    0    2.550   1.0000          NULL 
 85.0000    1    5.100   1.0000          evt1
 90.1000    0    1.700   1.0000          NULL 
 91.8000    4    5.100   1.0000          evt4
 96.9000    0    4.250   1.0000          NULL 
101.1500    3    5.100   1.0000          evt3
106.2500    0    3.400   1.0000          NULL 
109.6499    3    5.100   1.0000          evt3
114.7499    4    5.100   1.0000          evt4
119.8499    0    2.550   1.0000          NULL 
122.3999    4    5.100   1.0000          evt4
127.4999    0   11.050   1.0000          NULL 
138.5500    5    5.100   1.0000          evt5
143.6500    5    5.100   1.0000          evt5
148.7500    6    5.100   1.0000          evt6
153.8500    0    0.850   1.0000          NULL 
154.7000    4    5.100   1.0000          evt4
159.8000    4    5.100   1.0000          evt4
164.9001    0    0.850   1.0000          NULL 
165.7501    6    5.100   1.0000          evt6
170.8501    0    2.550   1.0000          NULL 
173.4001    3    5.100   1.0000          evt3
178.5001    0    1.700   1.0000          NULL 
180.2001    6    5.100   1.0000          evt6
185.3001    0    2.550   1.0000          NULL 
187.8501    6    5.100   1.0000          evt6
192.9501    0    2.550   1.0000          NULL 
195.5002    6    5.100   1.0000          evt6
200.6002    0    0.850   1.0000          NULL 
201.4502    1    5.100   1.0000          evt1
206.5502    0    1.700   1.0000          NULL 
208.2502    3    5.100   1.0000          evt3
213.3502    0    0.850   1.0000          NULL 
214.2002    1    5.100   1.0000          evt1
219.3002    2    5.100   1.0000          evt2
224.4002    1    5.100   1.0000          evt1
229.5002    0    1.700   1.0000          NULL 
231.2002    3    5.100   1.0000          evt3
236.3002    0    1.700   1.0000          NULL 
238.0002    6    5.100   1.0000          evt6
243.1003    0    2.550   1.0000          NULL 
245.6503    4    5.100   1.0000          evt4
250.7503    0    0.850   1.0000          NULL 
251.6003    6    5.100   1.0000          evt6
256.7003    3    5.100   1.0000          evt3
261.8003    2    5.100   1.0000          evt2
266.9003    0    3.400   1.0000          NULL 
270.3003    5    5.100   1.0000          evt5
275.4003    0    4.250   1.0000          NULL 
279.6504    2    5.100   1.0000          evt2
284.7504    0    0.850   1.0000          NULL 
285.6004    6    5.100   1.0000          evt6
290.7004    0    0.850   1.0000          NULL 
291.5504    1    5.100   1.0000          evt1
296.6504    3    5.100   1.0000          evt3
301.7504    3    5.100   1.0000          evt3
306.8504    2    5.100   1.0000          evt2
311.9504    0    1.700   1.0000          NULL 
313.6504    1    5.100   1.0000          evt1
318.7504    0    2.550   1.0000          NULL 
321.3004    6    5.100   1.0000          evt6
326.4005    0    0.850   1.0000          NULL 
327.2505    1    5.100   1.0000          evt1
332.3505    0    2.550   1.0000          NULL 
334.9005    5    5.100   1.0000          evt5
340.0005    5    5.100   1.0000          evt5
345.1005    0    2.550   1.0000          NULL 
347.6505    1    5.100   1.0000          evt1
352.7505    1    5.100   1.0000          evt1
357.8505    0    2.549   1.0000          NULL 
