  0.0000    2    5.100   1.0000          evt2
  5.1000    0    1.700   1.0000          NULL 
  6.8000    3    5.100   1.0000          evt3
 11.9000    0    0.850   1.0000          NULL 
 12.7500    6    5.100   1.0000          evt6
 17.8500    0    0.850   1.0000          NULL 
 18.7000    2    5.100   1.0000          evt2
 23.8000    4    5.100   1.0000          evt4
 28.9000    4    5.100   1.0000          evt4
 34.0000    0    6.800   1.0000          NULL 
 40.8000    4    5.100   1.0000          evt4
 45.9000    3    5.100   1.0000          evt3
 51.0000    0    1.700   1.0000          NULL 
 52.7000    3    5.100   1.0000          evt3
 57.8000    0    2.550   1.0000          NULL 
 60.3500    1    5.100   1.0000          evt1
 65.4500    6    5.100   1.0000          evt6
 70.5500    0    0.850   1.0000          NULL 
 71.4000    6    5.100   1.0000          evt6
 76.5000    0    1.700   1.0000          NULL 
 78.2000    2    5.100   1.0000          evt2
 83.3000    5    5.100   1.0000          evt5
 88.4000    0    0.850   1.0000          NULL 
 89.2500    6    5.100   1.0000          evt6
 94.3500    4    5.100   1.0000          evt4
 99.4500    3    5.100   1.0000          evt3
104.5500    0    0.850   1.0000          NULL 
105.4000    3    5.100   1.0000          evt3
110.5000    0    3.400   1.0000          NULL 
113.8999    6    5.100   1.0000          evt6
118.9999    0    0.850   1.0000          NULL 
119.8499    6    5.100   1.0000          evt6
124.9499    0    4.250   1.0000          NULL 
129.2000    4    5.100   1.0000          evt4
134.3000    3    5.100   1.0000          evt3
139.4000    0    0.850   1.0000          NULL 
140.2500    1    5.100   1.0000          evt1
145.3500    0    1.700   1.0000          NULL 
147.0500    4    5.100   1.0000          evt4
152.1500    0   11.900   1.0000          NULL 
164.0501    3    5.100   1.0000          evt3
169.1501    0    0.850   1.0000          NULL 
170.0001    1    5.100   1.0000          evt1
175.1001    1    5.100   1.0000          evt1
180.2001    0    1.700   1.0000          NULL 
181.9001    2    5.100   1.0000          evt2
187.0001    0    2.550   1.0000          NULL 
189.5501    1    5.100   1.0000          evt1
194.6501    0    3.400   1.0000          NULL 
198.0502    6    5.100   1.0000          evt6
203.1502    4    5.100   1.0000          evt4
208.2502    4    5.100   1.0000          evt4
213.3502    0    4.250   1.0000          NULL 
217.6002    1    5.100   1.0000          evt1
222.7002    0    0.850   1.0000          NULL 
223.5502    3    5.100   1.0000          evt3
228.6502    0    3.400   1.0000          NULL 
232.0503    2    5.100   1.0000          evt2
237.1503    0    3.400   1.0000          NULL 
240.5503    5    5.100   1.0000          evt5
245.6503    5    5.100   1.0000          evt5
250.7503    0    2.550   1.0000          NULL 
253.3003    5    5.100   1.0000          evt5
258.4003    0    2.550   1.0000          NULL 
260.9503    3    5.100   1.0000          evt3
266.0504    6    5.100   1.0000          evt6
271.1504    0    2.550   1.0000          NULL 
273.7004    4    5.100   1.0000          evt4
278.8004    0    1.700   1.0000          NULL 
280.5004    1    5.100   1.0000          evt1
285.6004    1    5.100   1.0000          evt1
290.7004    6    5.100   1.0000          evt6
295.8004    1    5.100   1.0000          evt1
300.9004    0    0.850   1.0000          NULL 
301.7504    6    5.100   1.0000          evt6
306.8504    3    5.100   1.0000          evt3
311.9504    0    5.100   1.0000          NULL 
317.0505    1    5.100   1.0000          evt1
322.1505    3    5.100   1.0000          evt3
327.2505    0    2.550   1.0000          NULL 
329.8005    5    5.100   1.0000          evt5
334.9005    1    5.100   1.0000          evt1
340.0005    6    5.100   1.0000          evt6
345.1005    4    5.100   1.0000          evt4
350.2005    0    2.550   1.0000          NULL 
352.7505    4    5.100   1.0000          evt4
357.8506    0    2.549   1.0000          NULL 
