  0.0000    1    5.100   1.0000          evt1
  5.1000    0    0.850   1.0000          NULL 
  5.9500    2    5.100   1.0000          evt2
 11.0500    0    0.850   1.0000          NULL 
 11.9000    4    5.100   1.0000          evt4
 17.0000    0    1.700   1.0000          NULL 
 18.7000    5    5.100   1.0000          evt5
 23.8000    0    1.700   1.0000          NULL 
 25.5000    3    5.100   1.0000          evt3
 30.6000    0    0.850   1.0000          NULL 
 31.4500    1    5.100   1.0000          evt1
 36.5500    0    2.550   1.0000          NULL 
 39.1000    4    5.100   1.0000          evt4
 44.2000    0    0.850   1.0000          NULL 
 45.0500    3    5.100   1.0000          evt3
 50.1500    0    1.700   1.0000          NULL 
 51.8500    6    5.100   1.0000          evt6
 56.9500    0    0.850   1.0000          NULL 
 57.8000    4    5.100   1.0000          evt4
 62.9000    0    1.700   1.0000          NULL 
 64.6000    4    5.100   1.0000          evt4
 69.7000    0    2.550   1.0000          NULL 
 72.2500    3    5.100   1.0000          evt3
 77.3500    0    0.850   1.0000          NULL 
 78.2000    1    5.100   1.0000          evt1
 83.3000    0    3.400   1.0000          NULL 
 86.7000    6    5.100   1.0000          evt6
 91.8000    0    0.850   1.0000          NULL 
 92.6500    6    5.100   1.0000          evt6
 97.7500    0    1.700   1.0000          NULL 
 99.4500    4    5.100   1.0000          evt4
104.5500    0    0.850   1.0000          NULL 
105.4000    1    5.100   1.0000          evt1
110.5000    0    1.700   1.0000          NULL 
112.2000    1    5.100   1.0000          evt1
117.2999    0    2.550   1.0000          NULL 
119.8499    3    5.100   1.0000          evt3
124.9499    0    0.850   1.0000          NULL 
125.7999    4    5.100   1.0000          evt4
130.8999    0    1.700   1.0000          NULL 
132.6000    3    5.100   1.0000          evt3
137.7000    0    0.850   1.0000          NULL 
138.5500    2    5.100   1.0000          evt2
143.6500    0    1.700   1.0000          NULL 
145.3500    3    5.100   1.0000          evt3
150.4500    0    3.400   1.0000          NULL 
153.8500    3    5.100   1.0000          evt3
158.9500    0    3.400   1.0000          NULL 
162.3501    4    5.100   1.0000          evt4
167.4501    0    0.850   1.0000          NULL 
168.3001    5    5.100   1.0000          evt5
173.4001    0    0.850   1.0000          NULL 
174.2501    2    5.100   1.0000          evt2
179.3501    0    0.850   1.0000          NULL 
180.2001    6    5.100   1.0000          evt6
185.3001    0    1.700   1.0000          NULL 
187.0001    3    5.100   1.0000          evt3
192.1001    0    0.850   1.0000          NULL 
192.9501    4    5.100   1.0000          evt4
198.0501    0    1.700   1.0000          NULL 
199.7501    1    5.100   1.0000          evt1
204.8501    0    1.700   1.0000          NULL 
206.5502    4    5.100   1.0000          evt4
211.6502    0    1.700   1.0000          NULL 
213.3502    3    5.100   1.0000          evt3
218.4502    0    0.850   1.0000          NULL 
219.3002    3    5.100   1.0000          evt3
224.4002    0    0.850   1.0000          NULL 
225.2502    6    5.100   1.0000          evt6
230.3502    0    1.700   1.0000          NULL 
232.0502    6    5.100   1.0000          evt6
237.1502    0    1.700   1.0000          NULL 
238.8502    6    5.100   1.0000          evt6
243.9502    0    2.550   1.0000          NULL 
246.5003    5    5.100   1.0000          evt5
251.6003    0    1.700   1.0000          NULL 
253.3003    1    5.100   1.0000          evt1
258.4003    0    1.700   1.0000          NULL 
260.1003    5    5.100   1.0000          evt5
265.2003    0    0.850   1.0000          NULL 
266.0503    1    5.100   1.0000          evt1
271.1503    0    1.700   1.0000          NULL 
272.8503    1    5.100   1.0000          evt1
277.9503    0    0.850   1.0000          NULL 
278.8003    2    5.100   1.0000          evt2
283.9003    0    0.850   1.0000          NULL 
284.7503    5    5.100   1.0000          evt5
289.8503    0    0.850   1.0000          NULL 
290.7003    3    5.100   1.0000          evt3
295.8004    0    0.850   1.0000          NULL 
296.6504    2    5.100   1.0000          evt2
301.7504    0    2.550   1.0000          NULL 
304.3004    6    5.100   1.0000          evt6
309.4004    0    1.700   1.0000          NULL 
311.1004    6    5.100   1.0000          evt6
316.2004    0    3.400   1.0000          NULL 
319.6004    6    5.100   1.0000          evt6
324.7004    0    3.400   1.0000          NULL 
328.1005    4    5.100   1.0000          evt4
333.2005    0    0.850   1.0000          NULL 
334.0505    1    5.100   1.0000          evt1
339.1505    0    1.700   1.0000          NULL 
340.8505    6    5.100   1.0000          evt6
345.9505    0    0.850   1.0000          NULL 
346.8005    1    5.100   1.0000          evt1
351.9005    0    0.850   1.0000          NULL 
352.7505    4    5.100   1.0000          evt4
357.8505    0    2.549   1.0000          NULL 
