  0.0000    1    5.100   1.0000          evt1
  5.1000    0    1.700   1.0000          NULL 
  6.8000    4    5.100   1.0000          evt4
 11.9000    4    5.100   1.0000          evt4
 17.0000    2    5.100   1.0000          evt2
 22.1000    0    0.850   1.0000          NULL 
 22.9500    6    5.100   1.0000          evt6
 28.0500    0    0.850   1.0000          NULL 
 28.9000    4    5.100   1.0000          evt4
 34.0000    0    1.700   1.0000          NULL 
 35.7000    6    5.100   1.0000          evt6
 40.8000    6    5.100   1.0000          evt6
 45.9000    0    1.700   1.0000          NULL 
 47.6000    5    5.100   1.0000          evt5
 52.7000    4    5.100   1.0000          evt4
 57.8000    4    5.100   1.0000          evt4
 62.9000    3    5.100   1.0000          evt3
 68.0000    1    5.100   1.0000          evt1
 73.1000    0    3.400   1.0000          NULL 
 76.5000    1    5.100   1.0000          evt1
 81.6000    0    1.700   1.0000          NULL 
 83.3000    5    5.100   1.0000          evt5
 88.4000    3    5.100   1.0000          evt3
 93.5000    0    4.250   1.0000          NULL 
 97.7500    4    5.100   1.0000          evt4
102.8500    0    1.700   1.0000          NULL 
104.5500    1    5.100   1.0000          evt1
109.6500    3    5.100   1.0000          evt3
114.7500    0    1.700   1.0000          NULL 
116.4500    5    5.100   1.0000          evt5
121.5499    2    5.100   1.0000          evt2
126.6499    0    5.100   1.0000          NULL 
131.7500    2    5.100   1.0000          evt2
136.8500    0    9.350   1.0000          NULL 
146.2000    2    5.100   1.0000          evt2
151.3000    6    5.100   1.0000          evt6
156.4001    0    1.700   1.0000          NULL 
158.1001    1    5.100   1.0000          evt1
163.2001    0    1.700   1.0000          NULL 
164.9001    1    5.100   1.0000          evt1
170.0001    0    0.850   1.0000          NULL 
170.8501    6    5.100   1.0000          evt6
175.9501    0    3.400   1.0000          NULL 
179.3501    3    5.100   1.0000          evt3
184.4501    0    2.550   1.0000          NULL 
187.0002    6    5.100   1.0000          evt6
192.1002    2    5.100   1.0000          evt2
197.2002    0    1.700   1.0000          NULL 
198.9002    3    5.100   1.0000          evt3
204.0002    4    5.100   1.0000          evt4
209.1002    0    0.850   1.0000          NULL 
209.9502    4    5.100   1.0000          evt4
215.0502    0    0.850   1.0000          NULL 
215.9002    3    5.100   1.0000          evt3
221.0002    0    3.400   1.0000          NULL 
224.4002    5    5.100   1.0000          evt5
229.5002    0   11.050   1.0000          NULL 
240.5503    4    5.100   1.0000          evt4
245.6503    0    4.250   1.0000          NULL 
249.9004    6    5.100   1.0000          evt6
255.0004    0    0.850   1.0000          NULL 
255.8504    6    5.100   1.0000          evt6
260.9504    3    5.100   1.0000          evt3
266.0504    6    5.100   1.0000          evt6
271.1504    1    5.100   1.0000          evt1
276.2504    6    5.100   1.0000          evt6
281.3504    3    5.100   1.0000          evt3
286.4504    0    2.550   1.0000          NULL 
289.0004    5    5.100   1.0000          evt5
294.1004    0    0.850   1.0000          NULL 
294.9504    1    5.100   1.0000          evt1
300.0504    0    3.400   1.0000          NULL 
303.4505    1    5.100   1.0000          evt1
308.5505    0    3.400   1.0000          NULL 
311.9505    1    5.100   1.0000          evt1
317.0505    4    5.100   1.0000          evt4
322.1505    1    5.100   1.0000          evt1
327.2505    0    0.850   1.0000          NULL 
328.1005    3    5.100   1.0000          evt3
333.2005    0    3.400   1.0000          NULL 
336.6006    6    5.100   1.0000          evt6
341.7006    3    5.100   1.0000          evt3
346.8006    0    1.700   1.0000          NULL 
348.5006    4    5.100   1.0000          evt4
353.6006    3    5.100   1.0000          evt3
358.7006    0    1.699   1.0000          NULL 
