  0.0000    2    5.100   1.0000          evt2
  5.1000    0    1.700   1.0000          NULL 
  6.8000    6    5.100   1.0000          evt6
 11.9000    0    5.950   1.0000          NULL 
 17.8500    3    5.100   1.0000          evt3
 22.9500    6    5.100   1.0000          evt6
 28.0500    0    0.850   1.0000          NULL 
 28.9000    3    5.100   1.0000          evt3
 34.0000    4    5.100   1.0000          evt4
 39.1000    0    1.700   1.0000          NULL 
 40.8000    2    5.100   1.0000          evt2
 45.9000    0    2.550   1.0000          NULL 
 48.4500    3    5.100   1.0000          evt3
 53.5500    0    0.850   1.0000          NULL 
 54.4000    4    5.100   1.0000          evt4
 59.5000    3    5.100   1.0000          evt3
 64.6000    0    1.700   1.0000          NULL 
 66.3000    6    5.100   1.0000          evt6
 71.4000    0    0.850   1.0000          NULL 
 72.2500    1    5.100   1.0000          evt1
 77.3500    0    5.100   1.0000          NULL 
 82.4500    1    5.100   1.0000          evt1
 87.5500    0    6.800   1.0000          NULL 
 94.3500    4    5.100   1.0000          evt4
 99.4500    1    5.100   1.0000          evt1
104.5500    4    5.100   1.0000          evt4
109.6500    2    5.100   1.0000          evt2
114.7500    5    5.100   1.0000          evt5
119.8500    0    0.850   1.0000          NULL 
120.7000    3    5.100   1.0000          evt3
125.7999    0    0.850   1.0000          NULL 
126.6499    3    5.100   1.0000          evt3
131.7500    0    3.400   1.0000          NULL 
135.1500    1    5.100   1.0000          evt1
140.2500    0    1.700   1.0000          NULL 
141.9500    6    5.100   1.0000          evt6
147.0500    0    0.850   1.0000          NULL 
147.9000    5    5.100   1.0000          evt5
153.0000    4    5.100   1.0000          evt4
158.1000    0    5.100   1.0000          NULL 
163.2001    4    5.100   1.0000          evt4
168.3001    0    2.550   1.0000          NULL 
170.8501    4    5.100   1.0000          evt4
175.9501    0    0.850   1.0000          NULL 
176.8001    6    5.100   1.0000          evt6
181.9001    0    2.550   1.0000          NULL 
184.4501    4    5.100   1.0000          evt4
189.5501    0    0.850   1.0000          NULL 
190.4001    3    5.100   1.0000          evt3
195.5001    6    5.100   1.0000          evt6
200.6001    0    2.550   1.0000          NULL 
203.1502    4    5.100   1.0000          evt4
208.2502    0    0.850   1.0000          NULL 
209.1002    1    5.100   1.0000          evt1
214.2002    0    2.550   1.0000          NULL 
216.7502    6    5.100   1.0000          evt6
221.8502    0    0.850   1.0000          NULL 
222.7002    1    5.100   1.0000          evt1
227.8002    0    1.700   1.0000          NULL 
229.5002    5    5.100   1.0000          evt5
234.6002    2    5.100   1.0000          evt2
239.7002    0    2.550   1.0000          NULL 
242.2503    3    5.100   1.0000          evt3
247.3503    4    5.100   1.0000          evt4
252.4503    0    1.700   1.0000          NULL 
254.1503    1    5.100   1.0000          evt1
259.2503    0    3.400   1.0000          NULL 
262.6503    1    5.100   1.0000          evt1
267.7503    0    2.550   1.0000          NULL 
270.3003    5    5.100   1.0000          evt5
275.4003    0    0.850   1.0000          NULL 
276.2503    3    5.100   1.0000          evt3
281.3503    0    0.850   1.0000          NULL 
282.2003    5    5.100   1.0000          evt5
287.3004    0    0.850   1.0000          NULL 
288.1504    6    5.100   1.0000          evt6
293.2504    0    0.850   1.0000          NULL 
294.1004    6    5.100   1.0000          evt6
299.2004    2    5.100   1.0000          evt2
304.3004    0    0.850   1.0000          NULL 
305.1504    4    5.100   1.0000          evt4
310.2504    0    0.850   1.0000          NULL 
311.1004    6    5.100   1.0000          evt6
316.2004    0    1.700   1.0000          NULL 
317.9004    6    5.100   1.0000          evt6
323.0004    0    5.100   1.0000          NULL 
328.1005    1    5.100   1.0000          evt1
333.2005    0    3.400   1.0000          NULL 
336.6005    3    5.100   1.0000          evt3
341.7005    0    0.850   1.0000          NULL 
342.5505    1    5.100   1.0000          evt1
347.6505    0    1.700   1.0000          NULL 
349.3505    1    5.100   1.0000          evt1
354.4505    3    5.100   1.0000          evt3
359.5505    0    0.849   1.0000          NULL 
