  0.0000    4    5.100   1.0000          evt4
  5.1000    6    5.100   1.0000          evt6
 10.2000    0    0.850   1.0000          NULL 
 11.0500    1    5.100   1.0000          evt1
 16.1500    1    5.100   1.0000          evt1
 21.2500    5    5.100   1.0000          evt5
 26.3500    0    0.850   1.0000          NULL 
 27.2000    5    5.100   1.0000          evt5
 32.3000    2    5.100   1.0000          evt2
 37.4000    4    5.100   1.0000          evt4
 42.5000    0    5.100   1.0000          NULL 
 47.6000    4    5.100   1.0000          evt4
 52.7000    6    5.100   1.0000          evt6
 57.8000    6    5.100   1.0000          evt6
 62.9000    0    1.700   1.0000          NULL 
 64.6000    1    5.100   1.0000          evt1
 69.7000    5    5.100   1.0000          evt5
 74.8000    1    5.100   1.0000          evt1
 79.9000    6    5.100   1.0000          evt6
 85.0000    3    5.100   1.0000          evt3
 90.1000    0    2.550   1.0000          NULL 
 92.6500    6    5.100   1.0000          evt6
 97.7500    0    1.700   1.0000          NULL 
 99.4500    4    5.100   1.0000          evt4
104.5500    0    8.500   1.0000          NULL 
113.0499    3    5.100   1.0000          evt3
118.1499    4    5.100   1.0000          evt4
123.2499    0    3.400   1.0000          NULL 
126.6499    2    5.100   1.0000          evt2
131.7499    2    5.100   1.0000          evt2
136.8499    0    0.850   1.0000          NULL 
137.7000    5    5.100   1.0000          evt5
142.8000    0    0.850   1.0000          NULL 
143.6500    1    5.100   1.0000          evt1
148.7500    0    2.550   1.0000          NULL 
151.3000    4    5.100   1.0000          evt4
156.4000    0    2.550   1.0000          NULL 
158.9500    6    5.100   1.0000          evt6
164.0500    0    0.850   1.0000          NULL 
164.9000    1    5.100   1.0000          evt1
170.0000    0    0.850   1.0000          NULL 
170.8500    4    5.100   1.0000          evt4
175.9500    0    0.850   1.0000          NULL 
176.8000    4    5.100   1.0000          evt4
181.9001    0    5.950   1.0000          NULL 
187.8501    2    5.100   1.0000          evt2
192.9501    0    0.850   1.0000          NULL 
193.8001    3    5.100   1.0000          evt3
198.9001    6    5.100   1.0000          evt6
204.0001    0    5.950   1.0000          NULL 
209.9502    1    5.100   1.0000          evt1
215.0502    3    5.100   1.0000          evt3
220.1502    1    5.100   1.0000          evt1
225.2502    0    0.850   1.0000          NULL 
226.1002    1    5.100   1.0000          evt1
231.2002    0    2.550   1.0000          NULL 
233.7502    2    5.100   1.0000          evt2
238.8502    0    0.850   1.0000          NULL 
239.7002    5    5.100   1.0000          evt5
244.8002    0    1.700   1.0000          NULL 
246.5002    4    5.100   1.0000          evt4
251.6003    3    5.100   1.0000          evt3
256.7003    0    0.850   1.0000          NULL 
257.5503    6    5.100   1.0000          evt6
262.6503    0    3.400   1.0000          NULL 
266.0503    3    5.100   1.0000          evt3
271.1503    0    5.100   1.0000          NULL 
276.2503    3    5.100   1.0000          evt3
281.3503    0    2.550   1.0000          NULL 
283.9004    3    5.100   1.0000          evt3
289.0004    6    5.100   1.0000          evt6
294.1004    0    5.950   1.0000          NULL 
300.0504    3    5.100   1.0000          evt3
305.1504    6    5.100   1.0000          evt6
310.2504    0    2.550   1.0000          NULL 
312.8004    3    5.100   1.0000          evt3
317.9005    0    2.550   1.0000          NULL 
320.4505    1    5.100   1.0000          evt1
325.5505    0    0.850   1.0000          NULL 
326.4005    3    5.100   1.0000          evt3
331.5005    0    6.800   1.0000          NULL 
338.3005    4    5.100   1.0000          evt4
343.4005    6    5.100   1.0000          evt6
348.5005    1    5.100   1.0000          evt1
353.6006    0    1.700   1.0000          NULL 
355.3006    4    5.100   1.0000          evt4
