  0.0000    5    5.100   1.0000          evt5
  5.1000    0    0.850   1.0000          NULL 
  5.9500    5    5.100   1.0000          evt5
 11.0500    2    5.100   1.0000          evt2
 16.1500    0    3.400   1.0000          NULL 
 19.5500    1    5.100   1.0000          evt1
 24.6500    0    0.850   1.0000          NULL 
 25.5000    3    5.100   1.0000          evt3
 30.6000    6    5.100   1.0000          evt6
 35.7000    0    0.850   1.0000          NULL 
 36.5500    6    5.100   1.0000          evt6
 41.6500    0    5.100   1.0000          NULL 
 46.7500    6    5.100   1.0000          evt6
 51.8500    6    5.100   1.0000          evt6
 56.9500    6    5.100   1.0000          evt6
 62.0500    0    2.550   1.0000          NULL 
 64.6000    3    5.100   1.0000          evt3
 69.7000    0    4.250   1.0000          NULL 
 73.9500    3    5.100   1.0000          evt3
 79.0500    0    0.850   1.0000          NULL 
 79.9000    2    5.100   1.0000          evt2
 85.0000    3    5.100   1.0000          evt3
 90.1000    0    0.850   1.0000          NULL 
 90.9500    6    5.100   1.0000          evt6
 96.0500    0    0.850   1.0000          NULL 
 96.9000    1    5.100   1.0000          evt1
102.0000    0    1.700   1.0000          NULL 
103.7000    6    5.100   1.0000          evt6
108.8000    1    5.100   1.0000          evt1
113.9000    0    2.550   1.0000          NULL 
116.4500    1    5.100   1.0000          evt1
121.5499    0    0.850   1.0000          NULL 
122.3999    4    5.100   1.0000          evt4
127.4999    0    1.700   1.0000          NULL 
129.2000    4    5.100   1.0000          evt4
134.3000    4    5.100   1.0000          evt4
139.4000    0    3.400   1.0000          NULL 
142.8000    5    5.100   1.0000          evt5
147.9000    0    3.400   1.0000          NULL 
151.3000    6    5.100   1.0000          evt6
156.4000    3    5.100   1.0000          evt3
161.5000    0    1.700   1.0000          NULL 
163.2000    1    5.100   1.0000          evt1
168.3000    3    5.100   1.0000          evt3
173.4001    0    1.700   1.0000          NULL 
175.1001    1    5.100   1.0000          evt1
180.2001    0    5.100   1.0000          NULL 
185.3001    2    5.100   1.0000          evt2
190.4001    0    0.850   1.0000          NULL 
191.2501    4    5.100   1.0000          evt4
196.3501    0    6.800   1.0000          NULL 
203.1502    4    5.100   1.0000          evt4
208.2502    4    5.100   1.0000          evt4
213.3502    0    0.850   1.0000          NULL 
214.2002    2    5.100   1.0000          evt2
219.3002    0    2.550   1.0000          NULL 
221.8502    4    5.100   1.0000          evt4
226.9502    0    6.800   1.0000          NULL 
233.7503    6    5.100   1.0000          evt6
238.8503    1    5.100   1.0000          evt1
243.9503    0    0.850   1.0000          NULL 
244.8003    1    5.100   1.0000          evt1
249.9003    0    0.850   1.0000          NULL 
250.7503    1    5.100   1.0000          evt1
255.8503    0    2.550   1.0000          NULL 
258.4003    1    5.100   1.0000          evt1
263.5003    5    5.100   1.0000          evt5
268.6003    0    1.700   1.0000          NULL 
270.3004    4    5.100   1.0000          evt4
275.4004    0    5.100   1.0000          NULL 
280.5004    1    5.100   1.0000          evt1
285.6004    4    5.100   1.0000          evt4
290.7004    2    5.100   1.0000          evt2
295.8004    0    1.700   1.0000          NULL 
297.5004    3    5.100   1.0000          evt3
302.6004    3    5.100   1.0000          evt3
307.7004    6    5.100   1.0000          evt6
312.8004    4    5.100   1.0000          evt4
317.9005    0    3.400   1.0000          NULL 
321.3005    4    5.100   1.0000          evt4
326.4005    3    5.100   1.0000          evt3
331.5005    3    5.100   1.0000          evt3
336.6005    0    0.850   1.0000          NULL 
337.4505    3    5.100   1.0000          evt3
342.5505    0    5.950   1.0000          NULL 
348.5005    6    5.100   1.0000          evt6
353.6006    5    5.100   1.0000          evt5
358.7006    0    1.699   1.0000          NULL 
