  0.0000    3    5.100   1.0000          evt3
  5.1000    0    1.700   1.0000          NULL 
  6.8000    1    5.100   1.0000          evt1
 11.9000    0    0.850   1.0000          NULL 
 12.7500    6    5.100   1.0000          evt6
 17.8500    0    0.850   1.0000          NULL 
 18.7000    4    5.100   1.0000          evt4
 23.8000    0    0.850   1.0000          NULL 
 24.6500    1    5.100   1.0000          evt1
 29.7500    0    0.850   1.0000          NULL 
 30.6000    2    5.100   1.0000          evt2
 35.7000    0    0.850   1.0000          NULL 
 36.5500    4    5.100   1.0000          evt4
 41.6500    0    1.700   1.0000          NULL 
 43.3500    6    5.100   1.0000          evt6
 48.4500    0    0.850   1.0000          NULL 
 49.3000    3    5.100   1.0000          evt3
 54.4000    0    0.850   1.0000          NULL 
 55.2500    4    5.100   1.0000          evt4
 60.3500    0    0.850   1.0000          NULL 
 61.2000    1    5.100   1.0000          evt1
 66.3000    0    1.700   1.0000          NULL 
 68.0000    1    5.100   1.0000          evt1
 73.1000    0    0.850   1.0000          NULL 
 73.9500    4    5.100   1.0000          evt4
 79.0500    0    0.850   1.0000          NULL 
 79.9000    3    5.100   1.0000          evt3
 85.0000    0    4.250   1.0000          NULL 
 89.2500    3    5.100   1.0000          evt3
 94.3500    0    0.850   1.0000          NULL 
 95.2000    6    5.100   1.0000          evt6
100.3000    0    0.850   1.0000          NULL 
101.1500    6    5.100   1.0000          evt6
106.2500    0    1.700   1.0000          NULL 
107.9500    1    5.100   1.0000          evt1
113.0500    0    1.700   1.0000          NULL 
114.7500    4    5.100   1.0000          evt4
119.8500    0    1.700   1.0000          NULL 
121.5499    1    5.100   1.0000          evt1
126.6499    0    3.400   1.0000          NULL 
130.0500    4    5.100   1.0000          evt4
135.1500    0    5.100   1.0000          NULL 
140.2500    3    5.100   1.0000          evt3
145.3500    0    0.850   1.0000          NULL 
146.2000    4    5.100   1.0000          evt4
151.3000    0    0.850   1.0000          NULL 
152.1500    6    5.100   1.0000          evt6
157.2500    0    0.850   1.0000          NULL 
158.1000    1    5.100   1.0000          evt1
163.2000    0    3.400   1.0000          NULL 
166.6001    3    5.100   1.0000          evt3
171.7001    0    1.700   1.0000          NULL 
173.4001    1    5.100   1.0000          evt1
178.5001    0    0.850   1.0000          NULL 
179.3501    5    5.100   1.0000          evt5
184.4501    0    1.700   1.0000          NULL 
186.1501    3    5.100   1.0000          evt3
191.2501    0    0.850   1.0000          NULL 
192.1001    2    5.100   1.0000          evt2
197.2001    0    1.700   1.0000          NULL 
198.9001    2    5.100   1.0000          evt2
204.0002    0    1.700   1.0000          NULL 
205.7002    1    5.100   1.0000          evt1
210.8002    0    0.850   1.0000          NULL 
211.6502    1    5.100   1.0000          evt1
216.7502    0    0.850   1.0000          NULL 
217.6002    6    5.100   1.0000          evt6
222.7002    0    4.250   1.0000          NULL 
226.9502    4    5.100   1.0000          evt4
232.0502    0    0.850   1.0000          NULL 
232.9002    2    5.100   1.0000          evt2
238.0002    0    0.850   1.0000          NULL 
238.8503    5    5.100   1.0000          evt5
243.9503    0    0.850   1.0000          NULL 
244.8003    6    5.100   1.0000          evt6
249.9003    0    2.550   1.0000          NULL 
252.4503    5    5.100   1.0000          evt5
257.5503    0    0.850   1.0000          NULL 
258.4003    4    5.100   1.0000          evt4
263.5003    0    0.850   1.0000          NULL 
264.3503    6    5.100   1.0000          evt6
269.4503    0    2.550   1.0000          NULL 
272.0003    4    5.100   1.0000          evt4
277.1003    0    3.400   1.0000          NULL 
280.5004    4    5.100   1.0000          evt4
285.6004    0    0.850   1.0000          NULL 
286.4504    3    5.100   1.0000          evt3
291.5504    0    0.850   1.0000          NULL 
292.4004    5    5.100   1.0000          evt5
297.5004    0    0.850   1.0000          NULL 
298.3504    2    5.100   1.0000          evt2
303.4504    0    5.950   1.0000          NULL 
309.4005    3    5.100   1.0000          evt3
314.5005    0    0.850   1.0000          NULL 
315.3505    6    5.100   1.0000          evt6
320.4505    0    0.850   1.0000          NULL 
321.3005    6    5.100   1.0000          evt6
326.4005    0    1.700   1.0000          NULL 
328.1005    6    5.100   1.0000          evt6
333.2005    0    0.850   1.0000          NULL 
334.0505    3    5.100   1.0000          evt3
339.1505    0    1.700   1.0000          NULL 
340.8505    1    5.100   1.0000          evt1
345.9505    0    0.850   1.0000          NULL 
346.8005    3    5.100   1.0000          evt3
351.9005    0    0.850   1.0000          NULL 
352.7505    5    5.100   1.0000          evt5
357.8506    0    2.549   1.0000          NULL 
