  0.0000    1    5.100   1.0000          evt1
  5.1000    0    1.700   1.0000          NULL 
  6.8000    3    5.100   1.0000          evt3
 11.9000    0    0.850   1.0000          NULL 
 12.7500    1    5.100   1.0000          evt1
 17.8500    0    1.700   1.0000          NULL 
 19.5500    3    5.100   1.0000          evt3
 24.6500    0    0.850   1.0000          NULL 
 25.5000    2    5.100   1.0000          evt2
 30.6000    0    0.850   1.0000          NULL 
 31.4500    5    5.100   1.0000          evt5
 36.5500    0    0.850   1.0000          NULL 
 37.4000    1    5.100   1.0000          evt1
 42.5000    0    0.850   1.0000          NULL 
 43.3500    4    5.100   1.0000          evt4
 48.4500    0    1.700   1.0000          NULL 
 50.1500    6    5.100   1.0000          evt6
 55.2500    0    0.850   1.0000          NULL 
 56.1000    3    5.100   1.0000          evt3
 61.2000    0    0.850   1.0000          NULL 
 62.0500    6    5.100   1.0000          evt6
 67.1500    0    0.850   1.0000          NULL 
 68.0000    6    5.100   1.0000          evt6
 73.1000    0    3.400   1.0000          NULL 
 76.5000    3    5.100   1.0000          evt3
 81.6000    0    2.550   1.0000          NULL 
 84.1500    4    5.100   1.0000          evt4
 89.2500    0    1.700   1.0000          NULL 
 90.9500    3    5.100   1.0000          evt3
 96.0500    0    0.850   1.0000          NULL 
 96.9000    4    5.100   1.0000          evt4
102.0000    0    2.550   1.0000          NULL 
104.5500    3    5.100   1.0000          evt3
109.6500    0    0.850   1.0000          NULL 
110.5000    1    5.100   1.0000          evt1
115.6000    0    0.850   1.0000          NULL 
116.4500    2    5.100   1.0000          evt2
121.5499    0    0.850   1.0000          NULL 
122.3999    5    5.100   1.0000          evt5
127.4999    0    1.700   1.0000          NULL 
129.2000    2    5.100   1.0000          evt2
134.3000    0    4.250   1.0000          NULL 
138.5500    3    5.100   1.0000          evt3
143.6500    0    0.850   1.0000          NULL 
144.5000    4    5.100   1.0000          evt4
149.6000    0    0.850   1.0000          NULL 
150.4500    4    5.100   1.0000          evt4
155.5500    0    0.850   1.0000          NULL 
156.4000    4    5.100   1.0000          evt4
161.5000    0    0.850   1.0000          NULL 
162.3500    6    5.100   1.0000          evt6
167.4500    0    5.100   1.0000          NULL 
172.5501    6    5.100   1.0000          evt6
177.6501    0    0.850   1.0000          NULL 
178.5001    1    5.100   1.0000          evt1
183.6001    0    2.550   1.0000          NULL 
186.1501    3    5.100   1.0000          evt3
191.2501    0    6.800   1.0000          NULL 
198.0502    5    5.100   1.0000          evt5
203.1502    0    0.850   1.0000          NULL 
204.0002    1    5.100   1.0000          evt1
209.1002    0    0.850   1.0000          NULL 
209.9502    4    5.100   1.0000          evt4
215.0502    0    0.850   1.0000          NULL 
215.9002    6    5.100   1.0000          evt6
221.0002    0    0.850   1.0000          NULL 
221.8502    1    5.100   1.0000          evt1
226.9502    0    1.700   1.0000          NULL 
228.6502    6    5.100   1.0000          evt6
233.7502    0    0.850   1.0000          NULL 
234.6003    1    5.100   1.0000          evt1
239.7003    0    0.850   1.0000          NULL 
240.5503    1    5.100   1.0000          evt1
245.6503    0    1.700   1.0000          NULL 
247.3503    5    5.100   1.0000          evt5
252.4503    0    4.250   1.0000          NULL 
256.7003    6    5.100   1.0000          evt6
261.8003    0    0.850   1.0000          NULL 
262.6503    5    5.100   1.0000          evt5
267.7503    0    0.850   1.0000          NULL 
268.6003    1    5.100   1.0000          evt1
273.7003    0    0.850   1.0000          NULL 
274.5504    6    5.100   1.0000          evt6
279.6504    0    1.700   1.0000          NULL 
281.3504    4    5.100   1.0000          evt4
286.4504    0    0.850   1.0000          NULL 
287.3004    6    5.100   1.0000          evt6
292.4004    0    0.850   1.0000          NULL 
293.2504    3    5.100   1.0000          evt3
298.3504    0    3.400   1.0000          NULL 
301.7504    4    5.100   1.0000          evt4
306.8504    0    4.250   1.0000          NULL 
311.1005    3    5.100   1.0000          evt3
316.2005    0    0.850   1.0000          NULL 
317.0505    4    5.100   1.0000          evt4
322.1505    0    0.850   1.0000          NULL 
323.0005    4    5.100   1.0000          evt4
328.1005    0    0.850   1.0000          NULL 
328.9505    1    5.100   1.0000          evt1
334.0505    0    0.850   1.0000          NULL 
334.9005    2    5.100   1.0000          evt2
340.0005    0    1.700   1.0000          NULL 
341.7005    6    5.100   1.0000          evt6
346.8005    0    0.850   1.0000          NULL 
347.6505    3    5.100   1.0000          evt3
352.7505    0    1.700   1.0000          NULL 
354.4506    2    5.100   1.0000          evt2
359.5506    0    0.849   1.0000          NULL 
