  0.0000    4    5.100   1.0000          evt4
  5.1000    1    5.100   1.0000          evt1
 10.2000    0    0.850   1.0000          NULL 
 11.0500    4    5.100   1.0000          evt4
 16.1500    0    1.700   1.0000          NULL 
 17.8500    1    5.100   1.0000          evt1
 22.9500    0    5.100   1.0000          NULL 
 28.0500    4    5.100   1.0000          evt4
 33.1500    4    5.100   1.0000          evt4
 38.2500    0    4.250   1.0000          NULL 
 42.5000    3    5.100   1.0000          evt3
 47.6000    0    0.850   1.0000          NULL 
 48.4500    5    5.100   1.0000          evt5
 53.5500    2    5.100   1.0000          evt2
 58.6500    0    2.550   1.0000          NULL 
 61.2000    3    5.100   1.0000          evt3
 66.3000    2    5.100   1.0000          evt2
 71.4000    0    0.850   1.0000          NULL 
 72.2500    3    5.100   1.0000          evt3
 77.3500    0    0.850   1.0000          NULL 
 78.2000    3    5.100   1.0000          evt3
 83.3000    1    5.100   1.0000          evt1
 88.4000    0    1.700   1.0000          NULL 
 90.1000    5    5.100   1.0000          evt5
 95.2000    6    5.100   1.0000          evt6
100.3000    0    3.400   1.0000          NULL 
103.7000    6    5.100   1.0000          evt6
108.8000    0    5.950   1.0000          NULL 
114.7499    4    5.100   1.0000          evt4
119.8499    0    1.700   1.0000          NULL 
121.5499    1    5.100   1.0000          evt1
126.6499    0    0.850   1.0000          NULL 
127.4999    1    5.100   1.0000          evt1
132.5999    0    2.550   1.0000          NULL 
135.1500    3    5.100   1.0000          evt3
140.2500    0    8.500   1.0000          NULL 
148.7500    6    5.100   1.0000          evt6
153.8500    0    6.800   1.0000          NULL 
160.6501    1    5.100   1.0000          evt1
165.7501    6    5.100   1.0000          evt6
170.8501    1    5.100   1.0000          evt1
175.9501    3    5.100   1.0000          evt3
181.0501    0    5.100   1.0000          NULL 
186.1501    1    5.100   1.0000          evt1
191.2502    0    6.800   1.0000          NULL 
198.0502    4    5.100   1.0000          evt4
203.1502    0    0.850   1.0000          NULL 
204.0002    2    5.100   1.0000          evt2
209.1002    3    5.100   1.0000          evt3
214.2002    6    5.100   1.0000          evt6
219.3002    0    1.700   1.0000          NULL 
221.0002    1    5.100   1.0000          evt1
226.1003    3    5.100   1.0000          evt3
231.2003    0    1.700   1.0000          NULL 
232.9003    5    5.100   1.0000          evt5
238.0003    0    0.850   1.0000          NULL 
238.8503    4    5.100   1.0000          evt4
243.9503    1    5.100   1.0000          evt1
249.0503    4    5.100   1.0000          evt4
254.1503    0    2.550   1.0000          NULL 
256.7003    4    5.100   1.0000          evt4
261.8003    0    0.850   1.0000          NULL 
262.6503    4    5.100   1.0000          evt4
267.7503    6    5.100   1.0000          evt6
272.8503    0    1.700   1.0000          NULL 
274.5504    3    5.100   1.0000          evt3
279.6504    4    5.100   1.0000          evt4
284.7504    0    1.700   1.0000          NULL 
286.4504    6    5.100   1.0000          evt6
291.5504    3    5.100   1.0000          evt3
296.6504    0    0.850   1.0000          NULL 
297.5004    1    5.100   1.0000          evt1
302.6004    6    5.100   1.0000          evt6
307.7004    0    0.850   1.0000          NULL 
308.5504    6    5.100   1.0000          evt6
313.6504    3    5.100   1.0000          evt3
318.7504    0    0.850   1.0000          NULL 
319.6004    2    5.100   1.0000          evt2
324.7004    0    3.400   1.0000          NULL 
328.1005    5    5.100   1.0000          evt5
333.2005    5    5.100   1.0000          evt5
338.3005    2    5.100   1.0000          evt2
343.4005    0    4.250   1.0000          NULL 
347.6505    6    5.100   1.0000          evt6
352.7505    6    5.100   1.0000          evt6
357.8505    0    2.549   1.0000          NULL 
