  0.0000    6    5.100   1.0000          evt6
  5.1000    0    2.550   1.0000          NULL 
  7.6500    1    5.100   1.0000          evt1
 12.7500    0    0.850   1.0000          NULL 
 13.6000    5    5.100   1.0000          evt5
 18.7000    0    5.100   1.0000          NULL 
 23.8000    2    5.100   1.0000          evt2
 28.9000    0    1.700   1.0000          NULL 
 30.6000    1    5.100   1.0000          evt1
 35.7000    0    0.850   1.0000          NULL 
 36.5500    1    5.100   1.0000          evt1
 41.6500    0    2.550   1.0000          NULL 
 44.2000    6    5.100   1.0000          evt6
 49.3000    0    1.700   1.0000          NULL 
 51.0000    4    5.100   1.0000          evt4
 56.1000    0    0.850   1.0000          NULL 
 56.9500    1    5.100   1.0000          evt1
 62.0500    0    0.850   1.0000          NULL 
 62.9000    5    5.100   1.0000          evt5
 68.0000    0    0.850   1.0000          NULL 
 68.8500    4    5.100   1.0000          evt4
 73.9500    0    1.700   1.0000          NULL 
 75.6500    3    5.100   1.0000          evt3
 80.7500    0    0.850   1.0000          NULL 
 81.6000    3    5.100   1.0000          evt3
 86.7000    0    1.700   1.0000          NULL 
 88.4000    3    5.100   1.0000          evt3
 93.5000    0    0.850   1.0000          NULL 
 94.3500    6    5.100   1.0000          evt6
 99.4500    0    0.850   1.0000          NULL 
100.3000    2    5.100   1.0000          evt2
105.4000    0    0.850   1.0000          NULL 
106.2500    1    5.100   1.0000          evt1
111.3500    0    0.850   1.0000          NULL 
112.2000    1    5.100   1.0000          evt1
117.3000    0    0.850   1.0000          NULL 
118.1500    3    5.100   1.0000          evt3
123.2500    0    0.850   1.0000          NULL 
124.1000    3    5.100   1.0000          evt3
129.2000    0    1.700   1.0000          NULL 
130.9000    1    5.100   1.0000          evt1
136.0000    0    1.700   1.0000          NULL 
137.7000    4    5.100   1.0000          evt4
142.8000    0    1.700   1.0000          NULL 
144.5000    4    5.100   1.0000          evt4
149.6000    0    2.550   1.0000          NULL 
152.1500    3    5.100   1.0000          evt3
157.2500    0    1.700   1.0000          NULL 
158.9500    4    5.100   1.0000          evt4
164.0500    0    0.850   1.0000          NULL 
164.9001    5    5.100   1.0000          evt5
170.0001    0    0.850   1.0000          NULL 
170.8501    2    5.100   1.0000          evt2
175.9501    0    1.700   1.0000          NULL 
177.6501    5    5.100   1.0000          evt5
182.7501    0    2.550   1.0000          NULL 
185.3001    4    5.100   1.0000          evt4
190.4001    0    1.700   1.0000          NULL 
192.1001    4    5.100   1.0000          evt4
197.2001    0    0.850   1.0000          NULL 
198.0501    4    5.100   1.0000          evt4
203.1501    0    0.850   1.0000          NULL 
204.0002    2    5.100   1.0000          evt2
209.1002    0    1.700   1.0000          NULL 
210.8002    5    5.100   1.0000          evt5
215.9002    0    2.550   1.0000          NULL 
218.4502    4    5.100   1.0000          evt4
223.5502    0    0.850   1.0000          NULL 
224.4002    3    5.100   1.0000          evt3
229.5002    0    5.100   1.0000          NULL 
234.6003    1    5.100   1.0000          evt1
239.7003    0    0.850   1.0000          NULL 
240.5503    6    5.100   1.0000          evt6
245.6503    0    2.550   1.0000          NULL 
248.2003    6    5.100   1.0000          evt6
253.3003    0    0.850   1.0000          NULL 
254.1503    1    5.100   1.0000          evt1
259.2503    0    0.850   1.0000          NULL 
260.1003    3    5.100   1.0000          evt3
265.2003    0    0.850   1.0000          NULL 
266.0503    3    5.100   1.0000          evt3
271.1503    0    1.700   1.0000          NULL 
272.8503    3    5.100   1.0000          evt3
277.9503    0    3.400   1.0000          NULL 
281.3504    4    5.100   1.0000          evt4
286.4504    0    2.550   1.0000          NULL 
289.0004    6    5.100   1.0000          evt6
294.1004    0    0.850   1.0000          NULL 
294.9504    6    5.100   1.0000          evt6
300.0504    0    0.850   1.0000          NULL 
300.9004    1    5.100   1.0000          evt1
306.0004    0    0.850   1.0000          NULL 
306.8504    6    5.100   1.0000          evt6
311.9504    0    0.850   1.0000          NULL 
312.8004    6    5.100   1.0000          evt6
317.9005    0    3.400   1.0000          NULL 
321.3005    3    5.100   1.0000          evt3
326.4005    0    0.850   1.0000          NULL 
327.2505    4    5.100   1.0000          evt4
332.3505    0    0.850   1.0000          NULL 
333.2005    1    5.100   1.0000          evt1
338.3005    0    0.850   1.0000          NULL 
339.1505    6    5.100   1.0000          evt6
344.2505    0    0.850   1.0000          NULL 
345.1005    6    5.100   1.0000          evt6
350.2005    0    1.700   1.0000          NULL 
351.9005    2    5.100   1.0000          evt2
357.0005    0    3.399   1.0000          NULL 
