  0.0000    2    5.100   1.0000          evt2
  5.1000    0    0.850   1.0000          NULL 
  5.9500    4    5.100   1.0000          evt4
 11.0500    0    0.850   1.0000          NULL 
 11.9000    2    5.100   1.0000          evt2
 17.0000    4    5.100   1.0000          evt4
 22.1000    0    5.100   1.0000          NULL 
 27.2000    1    5.100   1.0000          evt1
 32.3000    0    2.550   1.0000          NULL 
 34.8500    1    5.100   1.0000          evt1
 39.9500    0    6.800   1.0000          NULL 
 46.7500    2    5.100   1.0000          evt2
 51.8500    0    0.850   1.0000          NULL 
 52.7000    5    5.100   1.0000          evt5
 57.8000    6    5.100   1.0000          evt6
 62.9000    2    5.100   1.0000          evt2
 68.0000    6    5.100   1.0000          evt6
 73.1000    3    5.100   1.0000          evt3
 78.2000    3    5.100   1.0000          evt3
 83.3000    0    2.550   1.0000          NULL 
 85.8500    3    5.100   1.0000          evt3
 90.9500    1    5.100   1.0000          evt1
 96.0500    0    3.400   1.0000          NULL 
 99.4500    4    5.100   1.0000          evt4
104.5500    0    0.850   1.0000          NULL 
105.4000    4    5.100   1.0000          evt4
110.5000    3    5.100   1.0000          evt3
115.6000    3    5.100   1.0000          evt3
120.7000    6    5.100   1.0000          evt6
125.7999    2    5.100   1.0000          evt2
130.8999    0    2.550   1.0000          NULL 
133.4500    6    5.100   1.0000          evt6
138.5500    0    1.700   1.0000          NULL 
140.2500    1    5.100   1.0000          evt1
145.3500    0    0.850   1.0000          NULL 
146.2000    3    5.100   1.0000          evt3
151.3000    0    5.950   1.0000          NULL 
157.2500    5    5.100   1.0000          evt5
162.3501    0    1.700   1.0000          NULL 
164.0501    4    5.100   1.0000          evt4
169.1501    0    1.700   1.0000          NULL 
170.8501    1    5.100   1.0000          evt1
175.9501    3    5.100   1.0000          evt3
181.0501    0    1.700   1.0000          NULL 
182.7501    3    5.100   1.0000          evt3
187.8501    0    0.850   1.0000          NULL 
188.7001    6    5.100   1.0000          evt6
193.8001    0    1.700   1.0000          NULL 
195.5001    3    5.100   1.0000          evt3
200.6001    1    5.100   1.0000          evt1
205.7001    0    0.850   1.0000          NULL 
206.5502    6    5.100   1.0000          evt6
211.6502    0    0.850   1.0000          NULL 
212.5002    4    5.100   1.0000          evt4
217.6002    0    3.400   1.0000          NULL 
221.0002    1    5.100   1.0000          evt1
226.1002    0    0.850   1.0000          NULL 
226.9502    1    5.100   1.0000          evt1
232.0502    0    4.250   1.0000          NULL 
236.3002    6    5.100   1.0000          evt6
241.4003    0    4.250   1.0000          NULL 
245.6503    4    5.100   1.0000          evt4
250.7503    5    5.100   1.0000          evt5
255.8503    0    0.850   1.0000          NULL 
256.7003    6    5.100   1.0000          evt6
261.8003    1    5.100   1.0000          evt1
266.9003    0    0.850   1.0000          NULL 
267.7503    3    5.100   1.0000          evt3
272.8503    6    5.100   1.0000          evt6
277.9503    6    5.100   1.0000          evt6
283.0503    0    2.550   1.0000          NULL 
285.6003    6    5.100   1.0000          evt6
290.7003    0    1.700   1.0000          NULL 
292.4004    1    5.100   1.0000          evt1
297.5004    4    5.100   1.0000          evt4
302.6004    0    5.100   1.0000          NULL 
307.7004    4    5.100   1.0000          evt4
312.8004    0    4.250   1.0000          NULL 
317.0504    5    5.100   1.0000          evt5
322.1505    3    5.100   1.0000          evt3
327.2505    0    3.400   1.0000          NULL 
330.6505    4    5.100   1.0000          evt4
335.7505    1    5.100   1.0000          evt1
340.8505    0    2.550   1.0000          NULL 
343.4005    4    5.100   1.0000          evt4
348.5005    0    4.250   1.0000          NULL 
352.7505    5    5.100   1.0000          evt5
357.8506    0    2.549   1.0000          NULL 
