  0.0000    2    5.100   1.0000          evt2
  5.1000    0    2.550   1.0000          NULL 
  7.6500    5    5.100   1.0000          evt5
 12.7500    0    1.700   1.0000          NULL 
 14.4500    2    5.100   1.0000          evt2
 19.5500    0    1.700   1.0000          NULL 
 21.2500    1    5.100   1.0000          evt1
 26.3500    0    1.700   1.0000          NULL 
 28.0500    3    5.100   1.0000          evt3
 33.1500    0    0.850   1.0000          NULL 
 34.0000    5    5.100   1.0000          evt5
 39.1000    0    0.850   1.0000          NULL 
 39.9500    1    5.100   1.0000          evt1
 45.0500    0    1.700   1.0000          NULL 
 46.7500    4    5.100   1.0000          evt4
 51.8500    0    0.850   1.0000          NULL 
 52.7000    4    5.100   1.0000          evt4
 57.8000    0    0.850   1.0000          NULL 
 58.6500    3    5.100   1.0000          evt3
 63.7500    0    1.700   1.0000          NULL 
 65.4500    6    5.100   1.0000          evt6
 70.5500    0    0.850   1.0000          NULL 
 71.4000    4    5.100   1.0000          evt4
 76.5000    0    0.850   1.0000          NULL 
 77.3500    6    5.100   1.0000          evt6
 82.4500    0    0.850   1.0000          NULL 
 83.3000    4    5.100   1.0000          evt4
 88.4000    0    0.850   1.0000          NULL 
 89.2500    4    5.100   1.0000          evt4
 94.3500    0    2.550   1.0000          NULL 
 96.9000    4    5.100   1.0000          evt4
102.0000    0    0.850   1.0000          NULL 
102.8500    4    5.100   1.0000          evt4
107.9500    0    0.850   1.0000          NULL 
108.8000    4    5.100   1.0000          evt4
113.9000    0    2.550   1.0000          NULL 
116.4500    6    5.100   1.0000          evt6
121.5499    0    0.850   1.0000          NULL 
122.3999    5    5.100   1.0000          evt5
127.4999    0    0.850   1.0000          NULL 
128.3499    1    5.100   1.0000          evt1
133.4500    0    1.700   1.0000          NULL 
135.1500    3    5.100   1.0000          evt3
140.2500    0    3.400   1.0000          NULL 
143.6500    2    5.100   1.0000          evt2
148.7500    0    2.550   1.0000          NULL 
151.3000    1    5.100   1.0000          evt1
156.4000    0    1.700   1.0000          NULL 
158.1000    3    5.100   1.0000          evt3
163.2000    0    1.700   1.0000          NULL 
164.9001    1    5.100   1.0000          evt1
170.0001    0    1.700   1.0000          NULL 
171.7001    1    5.100   1.0000          evt1
176.8001    0    1.700   1.0000          NULL 
178.5001    3    5.100   1.0000          evt3
183.6001    0    3.400   1.0000          NULL 
187.0001    4    5.100   1.0000          evt4
192.1001    0    0.850   1.0000          NULL 
192.9501    2    5.100   1.0000          evt2
198.0501    0    2.550   1.0000          NULL 
200.6002    5    5.100   1.0000          evt5
205.7002    0    2.550   1.0000          NULL 
208.2502    6    5.100   1.0000          evt6
213.3502    0    0.850   1.0000          NULL 
214.2002    5    5.100   1.0000          evt5
219.3002    0    2.550   1.0000          NULL 
221.8502    1    5.100   1.0000          evt1
226.9502    0    0.850   1.0000          NULL 
227.8002    6    5.100   1.0000          evt6
232.9002    0    0.850   1.0000          NULL 
233.7502    3    5.100   1.0000          evt3
238.8503    0    1.700   1.0000          NULL 
240.5503    1    5.100   1.0000          evt1
245.6503    0    1.700   1.0000          NULL 
247.3503    3    5.100   1.0000          evt3
252.4503    0    1.700   1.0000          NULL 
254.1503    3    5.100   1.0000          evt3
259.2503    0    0.850   1.0000          NULL 
260.1003    3    5.100   1.0000          evt3
265.2003    0    0.850   1.0000          NULL 
266.0503    1    5.100   1.0000          evt1
271.1503    0    0.850   1.0000          NULL 
272.0003    6    5.100   1.0000          evt6
277.1003    0    1.700   1.0000          NULL 
278.8004    6    5.100   1.0000          evt6
283.9004    0    0.850   1.0000          NULL 
284.7504    2    5.100   1.0000          evt2
289.8504    0    1.700   1.0000          NULL 
291.5504    6    5.100   1.0000          evt6
296.6504    0    2.550   1.0000          NULL 
299.2004    1    5.100   1.0000          evt1
304.3004    0    0.850   1.0000          NULL 
305.1504    6    5.100   1.0000          evt6
310.2504    0    0.850   1.0000          NULL 
311.1004    1    5.100   1.0000          evt1
316.2004    0    1.700   1.0000          NULL 
317.9005    6    5.100   1.0000          evt6
323.0005    0    0.850   1.0000          NULL 
323.8505    4    5.100   1.0000          evt4
328.9505    0    0.850   1.0000          NULL 
329.8005    3    5.100   1.0000          evt3
334.9005    0    0.850   1.0000          NULL 
335.7505    4    5.100   1.0000          evt4
340.8505    0    5.950   1.0000          NULL 
346.8005    6    5.100   1.0000          evt6
351.9005    0    2.550   1.0000          NULL 
354.4506    3    5.100   1.0000          evt3
359.5506    0    0.849   1.0000          NULL 
