  0.0000    1    5.100   1.0000          evt1
  5.1000    0    0.850   1.0000          NULL 
  5.9500    1    5.100   1.0000          evt1
 11.0500    0    0.850   1.0000          NULL 
 11.9000    6    5.100   1.0000          evt6
 17.0000    0    1.700   1.0000          NULL 
 18.7000    2    5.100   1.0000          evt2
 23.8000    0    0.850   1.0000          NULL 
 24.6500    4    5.100   1.0000          evt4
 29.7500    0    0.850   1.0000          NULL 
 30.6000    1    5.100   1.0000          evt1
 35.7000    0    0.850   1.0000          NULL 
 36.5500    4    5.100   1.0000          evt4
 41.6500    0    0.850   1.0000          NULL 
 42.5000    2    5.100   1.0000          evt2
 47.6000    0    0.850   1.0000          NULL 
 48.4500    3    5.100   1.0000          evt3
 53.5500    0    0.850   1.0000          NULL 
 54.4000    3    5.100   1.0000          evt3
 59.5000    0    0.850   1.0000          NULL 
 60.3500    5    5.100   1.0000          evt5
 65.4500    0    1.700   1.0000          NULL 
 67.1500    6    5.100   1.0000          evt6
 72.2500    0    0.850   1.0000          NULL 
 73.1000    4    5.100   1.0000          evt4
 78.2000    0    0.850   1.0000          NULL 
 79.0500    1    5.100   1.0000          evt1
 84.1500    0    1.700   1.0000          NULL 
 85.8500    5    5.100   1.0000          evt5
 90.9500    0    0.850   1.0000          NULL 
 91.8000    1    5.100   1.0000          evt1
 96.9000    0    1.700   1.0000          NULL 
 98.6000    6    5.100   1.0000          evt6
103.7000    0    1.700   1.0000          NULL 
105.4000    1    5.100   1.0000          evt1
110.5000    0    0.850   1.0000          NULL 
111.3500    3    5.100   1.0000          evt3
116.4500    0    0.850   1.0000          NULL 
117.3000    1    5.100   1.0000          evt1
122.4000    0    2.550   1.0000          NULL 
124.9500    3    5.100   1.0000          evt3
130.0500    0    1.700   1.0000          NULL 
131.7500    6    5.100   1.0000          evt6
136.8500    0    1.700   1.0000          NULL 
138.5500    3    5.100   1.0000          evt3
143.6500    0    1.700   1.0000          NULL 
145.3500    1    5.100   1.0000          evt1
150.4500    0    0.850   1.0000          NULL 
151.3000    4    5.100   1.0000          evt4
156.4000    0    5.100   1.0000          NULL 
161.5001    1    5.100   1.0000          evt1
166.6001    0    1.700   1.0000          NULL 
168.3001    4    5.100   1.0000          evt4
173.4001    0    0.850   1.0000          NULL 
174.2501    3    5.100   1.0000          evt3
179.3501    0    0.850   1.0000          NULL 
180.2001    4    5.100   1.0000          evt4
185.3001    0    0.850   1.0000          NULL 
186.1501    5    5.100   1.0000          evt5
191.2501    0    1.700   1.0000          NULL 
192.9501    4    5.100   1.0000          evt4
198.0501    0    1.700   1.0000          NULL 
199.7502    6    5.100   1.0000          evt6
204.8502    0    1.700   1.0000          NULL 
206.5502    6    5.100   1.0000          evt6
211.6502    0    0.850   1.0000          NULL 
212.5002    2    5.100   1.0000          evt2
217.6002    0    1.700   1.0000          NULL 
219.3002    1    5.100   1.0000          evt1
224.4002    0    3.400   1.0000          NULL 
227.8002    1    5.100   1.0000          evt1
232.9002    0    0.850   1.0000          NULL 
233.7502    4    5.100   1.0000          evt4
238.8503    0    4.250   1.0000          NULL 
243.1003    2    5.100   1.0000          evt2
248.2003    0    3.400   1.0000          NULL 
251.6003    6    5.100   1.0000          evt6
256.7003    0    0.850   1.0000          NULL 
257.5503    4    5.100   1.0000          evt4
262.6503    0    0.850   1.0000          NULL 
263.5003    3    5.100   1.0000          evt3
268.6003    0    2.550   1.0000          NULL 
271.1504    3    5.100   1.0000          evt3
276.2504    0    1.700   1.0000          NULL 
277.9504    2    5.100   1.0000          evt2
283.0504    0    2.550   1.0000          NULL 
285.6004    5    5.100   1.0000          evt5
290.7004    0    0.850   1.0000          NULL 
291.5504    6    5.100   1.0000          evt6
296.6504    0    0.850   1.0000          NULL 
297.5004    6    5.100   1.0000          evt6
302.6004    0    0.850   1.0000          NULL 
303.4504    3    5.100   1.0000          evt3
308.5504    0    1.700   1.0000          NULL 
310.2505    5    5.100   1.0000          evt5
315.3505    0    0.850   1.0000          NULL 
316.2005    4    5.100   1.0000          evt4
321.3005    0    1.700   1.0000          NULL 
323.0005    3    5.100   1.0000          evt3
328.1005    0    5.100   1.0000          NULL 
333.2005    3    5.100   1.0000          evt3
338.3005    0    4.250   1.0000          NULL 
342.5506    4    5.100   1.0000          evt4
347.6506    0    0.850   1.0000          NULL 
348.5006    6    5.100   1.0000          evt6
353.6006    0    0.850   1.0000          NULL 
354.4506    6    5.100   1.0000          evt6
359.5506    0    0.849   1.0000          NULL 
