  0.0000    6    5.100   1.0000          evt6
  5.1000    0    0.850   1.0000          NULL 
  5.9500    2    5.100   1.0000          evt2
 11.0500    0    1.700   1.0000          NULL 
 12.7500    4    5.100   1.0000          evt4
 17.8500    0    0.850   1.0000          NULL 
 18.7000    1    5.100   1.0000          evt1
 23.8000    0    0.850   1.0000          NULL 
 24.6500    4    5.100   1.0000          evt4
 29.7500    0    0.850   1.0000          NULL 
 30.6000    2    5.100   1.0000          evt2
 35.7000    0    1.700   1.0000          NULL 
 37.4000    5    5.100   1.0000          evt5
 42.5000    0    0.850   1.0000          NULL 
 43.3500    2    5.100   1.0000          evt2
 48.4500    0    0.850   1.0000          NULL 
 49.3000    4    5.100   1.0000          evt4
 54.4000    0    0.850   1.0000          NULL 
 55.2500    6    5.100   1.0000          evt6
 60.3500    0    0.850   1.0000          NULL 
 61.2000    4    5.100   1.0000          evt4
 66.3000    0    0.850   1.0000          NULL 
 67.1500    1    5.100   1.0000          evt1
 72.2500    0    0.850   1.0000          NULL 
 73.1000    3    5.100   1.0000          evt3
 78.2000    0    0.850   1.0000          NULL 
 79.0500    3    5.100   1.0000          evt3
 84.1500    0    0.850   1.0000          NULL 
 85.0000    3    5.100   1.0000          evt3
 90.1000    0    0.850   1.0000          NULL 
 90.9500    4    5.100   1.0000          evt4
 96.0500    0    1.700   1.0000          NULL 
 97.7500    2    5.100   1.0000          evt2
102.8500    0    0.850   1.0000          NULL 
103.7000    1    5.100   1.0000          evt1
108.8000    0    0.850   1.0000          NULL 
109.6500    2    5.100   1.0000          evt2
114.7500    0    2.550   1.0000          NULL 
117.3000    1    5.100   1.0000          evt1
122.4000    0    0.850   1.0000          NULL 
123.2500    6    5.100   1.0000          evt6
128.3500    0    2.550   1.0000          NULL 
130.9000    6    5.100   1.0000          evt6
136.0000    0    1.700   1.0000          NULL 
137.7000    3    5.100   1.0000          evt3
142.8000    0    2.550   1.0000          NULL 
145.3500    4    5.100   1.0000          evt4
150.4500    0    1.700   1.0000          NULL 
152.1500    6    5.100   1.0000          evt6
157.2500    0    1.700   1.0000          NULL 
158.9501    3    5.100   1.0000          evt3
164.0501    0    0.850   1.0000          NULL 
164.9001    1    5.100   1.0000          evt1
170.0001    0    1.700   1.0000          NULL 
171.7001    6    5.100   1.0000          evt6
176.8001    0    1.700   1.0000          NULL 
178.5001    4    5.100   1.0000          evt4
183.6001    0    0.850   1.0000          NULL 
184.4501    3    5.100   1.0000          evt3
189.5501    0    4.250   1.0000          NULL 
193.8002    3    5.100   1.0000          evt3
198.9002    0    5.100   1.0000          NULL 
204.0002    1    5.100   1.0000          evt1
209.1002    0    1.700   1.0000          NULL 
210.8002    4    5.100   1.0000          evt4
215.9002    0    1.700   1.0000          NULL 
217.6002    3    5.100   1.0000          evt3
222.7002    0    2.550   1.0000          NULL 
225.2503    1    5.100   1.0000          evt1
230.3503    0    2.550   1.0000          NULL 
232.9003    1    5.100   1.0000          evt1
238.0003    0    0.850   1.0000          NULL 
238.8503    4    5.100   1.0000          evt4
243.9503    0    2.550   1.0000          NULL 
246.5003    1    5.100   1.0000          evt1
251.6003    0    0.850   1.0000          NULL 
252.4503    4    5.100   1.0000          evt4
257.5503    0    2.550   1.0000          NULL 
260.1003    3    5.100   1.0000          evt3
265.2003    0    0.850   1.0000          NULL 
266.0504    5    5.100   1.0000          evt5
271.1504    0    1.700   1.0000          NULL 
272.8504    1    5.100   1.0000          evt1
277.9504    0    0.850   1.0000          NULL 
278.8004    6    5.100   1.0000          evt6
283.9004    0    2.550   1.0000          NULL 
286.4504    5    5.100   1.0000          evt5
291.5504    0    2.550   1.0000          NULL 
294.1004    4    5.100   1.0000          evt4
299.2004    0    0.850   1.0000          NULL 
300.0504    5    5.100   1.0000          evt5
305.1505    0    0.850   1.0000          NULL 
306.0005    1    5.100   1.0000          evt1
311.1005    0    0.850   1.0000          NULL 
311.9505    5    5.100   1.0000          evt5
317.0505    0    1.700   1.0000          NULL 
318.7505    3    5.100   1.0000          evt3
323.8505    0    1.700   1.0000          NULL 
325.5505    6    5.100   1.0000          evt6
330.6505    0    1.700   1.0000          NULL 
332.3505    6    5.100   1.0000          evt6
337.4505    0    4.250   1.0000          NULL 
341.7006    6    5.100   1.0000          evt6
346.8006    0    0.850   1.0000          NULL 
347.6506    3    5.100   1.0000          evt3
352.7506    0    0.850   1.0000          NULL 
353.6006    6    5.100   1.0000          evt6
358.7006    0    1.699   1.0000          NULL 
