  0.0000    3    5.100   1.0000          evt3
  5.1000    0    1.700   1.0000          NULL 
  6.8000    6    5.100   1.0000          evt6
 11.9000    1    5.100   1.0000          evt1
 17.0000    1    5.100   1.0000          evt1
 22.1000    0    3.400   1.0000          NULL 
 25.5000    2    5.100   1.0000          evt2
 30.6000    6    5.100   1.0000          evt6
 35.7000    0    0.850   1.0000          NULL 
 36.5500    5    5.100   1.0000          evt5
 41.6500    3    5.100   1.0000          evt3
 46.7500    2    5.100   1.0000          evt2
 51.8500    0    2.550   1.0000          NULL 
 54.4000    5    5.100   1.0000          evt5
 59.5000    0    2.550   1.0000          NULL 
 62.0500    4    5.100   1.0000          evt4
 67.1500    0    3.400   1.0000          NULL 
 70.5500    6    5.100   1.0000          evt6
 75.6500    6    5.100   1.0000          evt6
 80.7500    0    2.550   1.0000          NULL 
 83.3000    1    5.100   1.0000          evt1
 88.4000    4    5.100   1.0000          evt4
 93.5000    0    2.550   1.0000          NULL 
 96.0500    1    5.100   1.0000          evt1
101.1500    1    5.100   1.0000          evt1
106.2500    0    0.850   1.0000          NULL 
107.1000    5    5.100   1.0000          evt5
112.2000    0    3.400   1.0000          NULL 
115.6000    2    5.100   1.0000          evt2
120.7000    0    1.700   1.0000          NULL 
122.3999    6    5.100   1.0000          evt6
127.4999    0    0.850   1.0000          NULL 
128.3499    6    5.100   1.0000          evt6
133.4500    0    0.850   1.0000          NULL 
134.3000    4    5.100   1.0000          evt4
139.4000    0    4.250   1.0000          NULL 
143.6500    4    5.100   1.0000          evt4
148.7500    4    5.100   1.0000          evt4
153.8500    0    0.850   1.0000          NULL 
154.7000    4    5.100   1.0000          evt4
159.8000    6    5.100   1.0000          evt6
164.9000    0    4.250   1.0000          NULL 
169.1501    6    5.100   1.0000          evt6
174.2501    0    0.850   1.0000          NULL 
175.1001    6    5.100   1.0000          evt6
180.2001    0    2.550   1.0000          NULL 
182.7501    3    5.100   1.0000          evt3
187.8501    4    5.100   1.0000          evt4
192.9501    3    5.100   1.0000          evt3
198.0501    5    5.100   1.0000          evt5
203.1501    0    2.550   1.0000          NULL 
205.7001    3    5.100   1.0000          evt3
210.8001    3    5.100   1.0000          evt3
215.9001    1    5.100   1.0000          evt1
221.0002    3    5.100   1.0000          evt3
226.1002    0    6.800   1.0000          NULL 
232.9002    2    5.100   1.0000          evt2
238.0002    0    1.700   1.0000          NULL 
239.7002    3    5.100   1.0000          evt3
244.8002    0    2.550   1.0000          NULL 
247.3503    1    5.100   1.0000          evt1
252.4503    1    5.100   1.0000          evt1
257.5503    0   11.900   1.0000          NULL 
269.4503    5    5.100   1.0000          evt5
274.5504    1    5.100   1.0000          evt1
279.6504    4    5.100   1.0000          evt4
284.7504    4    5.100   1.0000          evt4
289.8504    0    1.700   1.0000          NULL 
291.5504    3    5.100   1.0000          evt3
296.6504    0    2.550   1.0000          NULL 
299.2004    4    5.100   1.0000          evt4
304.3004    1    5.100   1.0000          evt1
309.4004    0    5.100   1.0000          NULL 
314.5005    2    5.100   1.0000          evt2
319.6005    0    2.550   1.0000          NULL 
322.1505    1    5.100   1.0000          evt1
327.2505    6    5.100   1.0000          evt6
332.3505    3    5.100   1.0000          evt3
337.4505    0    4.250   1.0000          NULL 
341.7005    6    5.100   1.0000          evt6
346.8005    0    3.400   1.0000          NULL 
350.2006    4    5.100   1.0000          evt4
355.3006    3    5.100   1.0000          evt3
