  0.0000    6    5.100   1.0000          evt6
  5.1000    0    4.250   1.0000          NULL 
  9.3500    1    5.100   1.0000          evt1
 14.4500    0    0.850   1.0000          NULL 
 15.3000    4    5.100   1.0000          evt4
 20.4000    0    2.550   1.0000          NULL 
 22.9500    1    5.100   1.0000          evt1
 28.0500    0    1.700   1.0000          NULL 
 29.7500    2    5.100   1.0000          evt2
 34.8500    0    1.700   1.0000          NULL 
 36.5500    2    5.100   1.0000          evt2
 41.6500    0    0.850   1.0000          NULL 
 42.5000    1    5.100   1.0000          evt1
 47.6000    0    0.850   1.0000          NULL 
 48.4500    3    5.100   1.0000          evt3
 53.5500    0    0.850   1.0000          NULL 
 54.4000    5    5.100   1.0000          evt5
 59.5000    0    1.700   1.0000          NULL 
 61.2000    4    5.100   1.0000          evt4
 66.3000    0    1.700   1.0000          NULL 
 68.0000    1    5.100   1.0000          evt1
 73.1000    0    0.850   1.0000          NULL 
 73.9500    4    5.100   1.0000          evt4
 79.0500    0    0.850   1.0000          NULL 
 79.9000    1    5.100   1.0000          evt1
 85.0000    0    0.850   1.0000          NULL 
 85.8500    3    5.100   1.0000          evt3
 90.9500    0    0.850   1.0000          NULL 
 91.8000    4    5.100   1.0000          evt4
 96.9000    0    0.850   1.0000          NULL 
 97.7500    1    5.100   1.0000          evt1
102.8500    0    1.700   1.0000          NULL 
104.5500    6    5.100   1.0000          evt6
109.6500    0    0.850   1.0000          NULL 
110.5000    3    5.100   1.0000          evt3
115.6000    0    1.700   1.0000          NULL 
117.3000    6    5.100   1.0000          evt6
122.4000    0    0.850   1.0000          NULL 
123.2500    3    5.100   1.0000          evt3
128.3500    0    1.700   1.0000          NULL 
130.0500    3    5.100   1.0000          evt3
135.1500    0    0.850   1.0000          NULL 
136.0000    3    5.100   1.0000          evt3
141.1000    0    0.850   1.0000          NULL 
141.9500    6    5.100   1.0000          evt6
147.0500    0    1.700   1.0000          NULL 
148.7500    6    5.100   1.0000          evt6
153.8500    0    2.550   1.0000          NULL 
156.4000    1    5.100   1.0000          evt1
161.5000    0    0.850   1.0000          NULL 
162.3501    6    5.100   1.0000          evt6
167.4501    0    0.850   1.0000          NULL 
168.3001    4    5.100   1.0000          evt4
173.4001    0    0.850   1.0000          NULL 
174.2501    6    5.100   1.0000          evt6
179.3501    0    1.700   1.0000          NULL 
181.0501    4    5.100   1.0000          evt4
186.1501    0    0.850   1.0000          NULL 
187.0001    4    5.100   1.0000          evt4
192.1001    0    1.700   1.0000          NULL 
193.8001    1    5.100   1.0000          evt1
198.9001    0    5.100   1.0000          NULL 
204.0002    5    5.100   1.0000          evt5
209.1002    0    0.850   1.0000          NULL 
209.9502    4    5.100   1.0000          evt4
215.0502    0    3.400   1.0000          NULL 
218.4502    6    5.100   1.0000          evt6
223.5502    0    3.400   1.0000          NULL 
226.9502    2    5.100   1.0000          evt2
232.0502    0    3.400   1.0000          NULL 
235.4503    5    5.100   1.0000          evt5
240.5503    0    0.850   1.0000          NULL 
241.4003    2    5.100   1.0000          evt2
246.5003    0    0.850   1.0000          NULL 
247.3503    1    5.100   1.0000          evt1
252.4503    0    0.850   1.0000          NULL 
253.3003    5    5.100   1.0000          evt5
258.4003    0    0.850   1.0000          NULL 
259.2503    4    5.100   1.0000          evt4
264.3503    0    1.700   1.0000          NULL 
266.0503    2    5.100   1.0000          evt2
271.1503    0    2.550   1.0000          NULL 
273.7003    3    5.100   1.0000          evt3
278.8004    0    0.850   1.0000          NULL 
279.6504    3    5.100   1.0000          evt3
284.7504    0    2.550   1.0000          NULL 
287.3004    6    5.100   1.0000          evt6
292.4004    0    5.100   1.0000          NULL 
297.5004    5    5.100   1.0000          evt5
302.6004    0    0.850   1.0000          NULL 
303.4504    6    5.100   1.0000          evt6
308.5504    0    0.850   1.0000          NULL 
309.4005    3    5.100   1.0000          evt3
314.5005    0    1.700   1.0000          NULL 
316.2005    1    5.100   1.0000          evt1
321.3005    0    0.850   1.0000          NULL 
322.1505    4    5.100   1.0000          evt4
327.2505    0    2.550   1.0000          NULL 
329.8005    6    5.100   1.0000          evt6
334.9005    0    0.850   1.0000          NULL 
335.7505    3    5.100   1.0000          evt3
340.8505    0    0.850   1.0000          NULL 
341.7005    4    5.100   1.0000          evt4
346.8005    0    1.700   1.0000          NULL 
348.5005    3    5.100   1.0000          evt3
353.6006    0    0.850   1.0000          NULL 
354.4506    1    5.100   1.0000          evt1
359.5506    0    0.849   1.0000          NULL 
