  0.0000    1    5.100   1.0000          evt1
  5.1000    0    0.850   1.0000          NULL 
  5.9500    1    5.100   1.0000          evt1
 11.0500    4    5.100   1.0000          evt4
 16.1500    4    5.100   1.0000          evt4
 21.2500    5    5.100   1.0000          evt5
 26.3500    0    0.850   1.0000          NULL 
 27.2000    6    5.100   1.0000          evt6
 32.3000    0    4.250   1.0000          NULL 
 36.5500    3    5.100   1.0000          evt3
 41.6500    0    2.550   1.0000          NULL 
 44.2000    4    5.100   1.0000          evt4
 49.3000    0    0.850   1.0000          NULL 
 50.1500    1    5.100   1.0000          evt1
 55.2500    0    2.550   1.0000          NULL 
 57.8000    6    5.100   1.0000          evt6
 62.9000    0    0.850   1.0000          NULL 
 63.7500    4    5.100   1.0000          evt4
 68.8500    0    5.950   1.0000          NULL 
 74.8000    5    5.100   1.0000          evt5
 79.9000    6    5.100   1.0000          evt6
 85.0000    0    1.700   1.0000          NULL 
 86.7000    4    5.100   1.0000          evt4
 91.8000    3    5.100   1.0000          evt3
 96.9000    3    5.100   1.0000          evt3
102.0000    5    5.100   1.0000          evt5
107.1000    3    5.100   1.0000          evt3
112.2000    0    3.400   1.0000          NULL 
115.5999    3    5.100   1.0000          evt3
120.6999    0    3.400   1.0000          NULL 
124.0999    4    5.100   1.0000          evt4
129.1999    0    0.850   1.0000          NULL 
130.0499    3    5.100   1.0000          evt3
135.1499    6    5.100   1.0000          evt6
140.2500    3    5.100   1.0000          evt3
145.3500    6    5.100   1.0000          evt6
150.4500    2    5.100   1.0000          evt2
155.5500    0    0.850   1.0000          NULL 
156.4000    2    5.100   1.0000          evt2
161.5000    5    5.100   1.0000          evt5
166.6000    0    0.850   1.0000          NULL 
167.4500    1    5.100   1.0000          evt1
172.5500    0    0.850   1.0000          NULL 
173.4000    5    5.100   1.0000          evt5
178.5000    0    0.850   1.0000          NULL 
179.3500    3    5.100   1.0000          evt3
184.4500    0    0.850   1.0000          NULL 
185.3000    1    5.100   1.0000          evt1
190.4000    1    5.100   1.0000          evt1
195.5000    0    0.850   1.0000          NULL 
196.3501    6    5.100   1.0000          evt6
201.4501    0    1.700   1.0000          NULL 
203.1501    4    5.100   1.0000          evt4
208.2501    0    2.550   1.0000          NULL 
210.8001    6    5.100   1.0000          evt6
215.9001    0    3.400   1.0000          NULL 
219.3001    6    5.100   1.0000          evt6
224.4001    0    9.350   1.0000          NULL 
233.7502    4    5.100   1.0000          evt4
238.8502    0    0.850   1.0000          NULL 
239.7002    3    5.100   1.0000          evt3
244.8002    6    5.100   1.0000          evt6
249.9002    0    0.850   1.0000          NULL 
250.7502    6    5.100   1.0000          evt6
255.8502    0    1.700   1.0000          NULL 
257.5502    1    5.100   1.0000          evt1
262.6502    0    0.850   1.0000          NULL 
263.5002    3    5.100   1.0000          evt3
268.6003    0    2.550   1.0000          NULL 
271.1503    6    5.100   1.0000          evt6
276.2503    3    5.100   1.0000          evt3
281.3503    4    5.100   1.0000          evt4
286.4503    0    4.250   1.0000          NULL 
290.7003    4    5.100   1.0000          evt4
295.8003    0    1.700   1.0000          NULL 
297.5003    1    5.100   1.0000          evt1
302.6003    0    5.950   1.0000          NULL 
308.5504    1    5.100   1.0000          evt1
313.6504    2    5.100   1.0000          evt2
318.7504    0    0.850   1.0000          NULL 
319.6004    2    5.100   1.0000          evt2
324.7004    1    5.100   1.0000          evt1
329.8004    0    2.550   1.0000          NULL 
332.3504    1    5.100   1.0000          evt1
337.4504    0    4.250   1.0000          NULL 
341.7005    4    5.100   1.0000          evt4
346.8005    2    5.100   1.0000          evt2
351.9005    0    8.500   1.0000          NULL 
