  0.0000    4    5.100   1.0000          evt4
  5.1000    0    1.700   1.0000          NULL 
  6.8000    3    5.100   1.0000          evt3
 11.9000    0    1.700   1.0000          NULL 
 13.6000    4    5.100   1.0000          evt4
 18.7000    0    1.700   1.0000          NULL 
 20.4000    3    5.100   1.0000          evt3
 25.5000    0    2.550   1.0000          NULL 
 28.0500    2    5.100   1.0000          evt2
 33.1500    0    1.700   1.0000          NULL 
 34.8500    1    5.100   1.0000          evt1
 39.9500    0    0.850   1.0000          NULL 
 40.8000    3    5.100   1.0000          evt3
 45.9000    0    0.850   1.0000          NULL 
 46.7500    4    5.100   1.0000          evt4
 51.8500    0    0.850   1.0000          NULL 
 52.7000    6    5.100   1.0000          evt6
 57.8000    0    2.550   1.0000          NULL 
 60.3500    3    5.100   1.0000          evt3
 65.4500    0    0.850   1.0000          NULL 
 66.3000    4    5.100   1.0000          evt4
 71.4000    0    0.850   1.0000          NULL 
 72.2500    6    5.100   1.0000          evt6
 77.3500    0    0.850   1.0000          NULL 
 78.2000    6    5.100   1.0000          evt6
 83.3000    0    2.550   1.0000          NULL 
 85.8500    6    5.100   1.0000          evt6
 90.9500    0    0.850   1.0000          NULL 
 91.8000    1    5.100   1.0000          evt1
 96.9000    0    5.100   1.0000          NULL 
102.0000    4    5.100   1.0000          evt4
107.1000    0    0.850   1.0000          NULL 
107.9500    4    5.100   1.0000          evt4
113.0499    0    2.550   1.0000          NULL 
115.5999    3    5.100   1.0000          evt3
120.6999    0    1.700   1.0000          NULL 
122.3999    4    5.100   1.0000          evt4
127.4999    0    0.850   1.0000          NULL 
128.3499    4    5.100   1.0000          evt4
133.4500    0    0.850   1.0000          NULL 
134.3000    1    5.100   1.0000          evt1
139.4000    0    0.850   1.0000          NULL 
140.2500    3    5.100   1.0000          evt3
145.3500    0    0.850   1.0000          NULL 
146.2000    3    5.100   1.0000          evt3
151.3000    0    1.700   1.0000          NULL 
153.0000    3    5.100   1.0000          evt3
158.1000    0    0.850   1.0000          NULL 
158.9500    5    5.100   1.0000          evt5
164.0500    0    1.700   1.0000          NULL 
165.7500    6    5.100   1.0000          evt6
170.8500    0    2.550   1.0000          NULL 
173.4001    3    5.100   1.0000          evt3
178.5001    0    2.550   1.0000          NULL 
181.0501    4    5.100   1.0000          evt4
186.1501    0    0.850   1.0000          NULL 
187.0001    1    5.100   1.0000          evt1
192.1001    0    2.550   1.0000          NULL 
194.6501    6    5.100   1.0000          evt6
199.7501    0    0.850   1.0000          NULL 
200.6001    6    5.100   1.0000          evt6
205.7001    0    2.550   1.0000          NULL 
208.2502    1    5.100   1.0000          evt1
213.3502    0    0.850   1.0000          NULL 
214.2002    3    5.100   1.0000          evt3
219.3002    0    0.850   1.0000          NULL 
220.1502    3    5.100   1.0000          evt3
225.2502    0    0.850   1.0000          NULL 
226.1002    2    5.100   1.0000          evt2
231.2002    0    0.850   1.0000          NULL 
232.0502    6    5.100   1.0000          evt6
237.1502    0    1.700   1.0000          NULL 
238.8502    4    5.100   1.0000          evt4
243.9502    0    0.850   1.0000          NULL 
244.8002    2    5.100   1.0000          evt2
249.9002    0    3.400   1.0000          NULL 
253.3003    6    5.100   1.0000          evt6
258.4003    0    1.700   1.0000          NULL 
260.1003    5    5.100   1.0000          evt5
265.2003    0    0.850   1.0000          NULL 
266.0503    1    5.100   1.0000          evt1
271.1503    0    2.550   1.0000          NULL 
273.7003    2    5.100   1.0000          evt2
278.8003    0    0.850   1.0000          NULL 
279.6503    1    5.100   1.0000          evt1
284.7503    0    0.850   1.0000          NULL 
285.6003    6    5.100   1.0000          evt6
290.7003    0    0.850   1.0000          NULL 
291.5504    4    5.100   1.0000          evt4
296.6504    0    0.850   1.0000          NULL 
297.5004    5    5.100   1.0000          evt5
302.6004    0    2.550   1.0000          NULL 
305.1504    6    5.100   1.0000          evt6
310.2504    0    1.700   1.0000          NULL 
311.9504    1    5.100   1.0000          evt1
317.0504    0    0.850   1.0000          NULL 
317.9004    1    5.100   1.0000          evt1
323.0004    0    0.850   1.0000          NULL 
323.8504    5    5.100   1.0000          evt5
328.9504    0    0.850   1.0000          NULL 
329.8004    1    5.100   1.0000          evt1
334.9005    0    2.550   1.0000          NULL 
337.4505    1    5.100   1.0000          evt1
342.5505    0    2.550   1.0000          NULL 
345.1005    2    5.100   1.0000          evt2
350.2005    0    0.850   1.0000          NULL 
351.0505    5    5.100   1.0000          evt5
356.1505    0    4.250   1.0000          NULL 
