  0.0000    1    5.100   1.0000          evt1
  5.1000    0    1.700   1.0000          NULL 
  6.8000    4    5.100   1.0000          evt4
 11.9000    0    0.850   1.0000          NULL 
 12.7500    3    5.100   1.0000          evt3
 17.8500    0    0.850   1.0000          NULL 
 18.7000    6    5.100   1.0000          evt6
 23.8000    0    2.550   1.0000          NULL 
 26.3500    2    5.100   1.0000          evt2
 31.4500    0    0.850   1.0000          NULL 
 32.3000    3    5.100   1.0000          evt3
 37.4000    0    2.550   1.0000          NULL 
 39.9500    1    5.100   1.0000          evt1
 45.0500    0    0.850   1.0000          NULL 
 45.9000    3    5.100   1.0000          evt3
 51.0000    0    0.850   1.0000          NULL 
 51.8500    6    5.100   1.0000          evt6
 56.9500    0    1.700   1.0000          NULL 
 58.6500    6    5.100   1.0000          evt6
 63.7500    0    1.700   1.0000          NULL 
 65.4500    6    5.100   1.0000          evt6
 70.5500    0    0.850   1.0000          NULL 
 71.4000    6    5.100   1.0000          evt6
 76.5000    0    2.550   1.0000          NULL 
 79.0500    4    5.100   1.0000          evt4
 84.1500    0    0.850   1.0000          NULL 
 85.0000    4    5.100   1.0000          evt4
 90.1000    0    1.700   1.0000          NULL 
 91.8000    6    5.100   1.0000          evt6
 96.9000    0    0.850   1.0000          NULL 
 97.7500    4    5.100   1.0000          evt4
102.8500    0    0.850   1.0000          NULL 
103.7000    3    5.100   1.0000          evt3
108.8000    0    1.700   1.0000          NULL 
110.5000    1    5.100   1.0000          evt1
115.6000    0    5.100   1.0000          NULL 
120.6999    5    5.100   1.0000          evt5
125.7999    0    0.850   1.0000          NULL 
126.6499    2    5.100   1.0000          evt2
131.7499    0    0.850   1.0000          NULL 
132.5999    1    5.100   1.0000          evt1
137.7000    0    0.850   1.0000          NULL 
138.5500    2    5.100   1.0000          evt2
143.6500    0    0.850   1.0000          NULL 
144.5000    5    5.100   1.0000          evt5
149.6000    0    2.550   1.0000          NULL 
152.1500    3    5.100   1.0000          evt3
157.2500    0    2.550   1.0000          NULL 
159.8000    4    5.100   1.0000          evt4
164.9000    0    0.850   1.0000          NULL 
165.7500    3    5.100   1.0000          evt3
170.8500    0    0.850   1.0000          NULL 
171.7000    1    5.100   1.0000          evt1
176.8000    0    0.850   1.0000          NULL 
177.6501    6    5.100   1.0000          evt6
182.7501    0    3.400   1.0000          NULL 
186.1501    3    5.100   1.0000          evt3
191.2501    0    0.850   1.0000          NULL 
192.1001    3    5.100   1.0000          evt3
197.2001    0    1.700   1.0000          NULL 
198.9001    5    5.100   1.0000          evt5
204.0001    0    0.850   1.0000          NULL 
204.8501    1    5.100   1.0000          evt1
209.9501    0    1.700   1.0000          NULL 
211.6501    1    5.100   1.0000          evt1
216.7502    0    4.250   1.0000          NULL 
221.0002    3    5.100   1.0000          evt3
226.1002    0    0.850   1.0000          NULL 
226.9502    6    5.100   1.0000          evt6
232.0502    0    3.400   1.0000          NULL 
235.4502    1    5.100   1.0000          evt1
240.5502    0    3.400   1.0000          NULL 
243.9503    4    5.100   1.0000          evt4
249.0503    0    1.700   1.0000          NULL 
250.7503    6    5.100   1.0000          evt6
255.8503    0    0.850   1.0000          NULL 
256.7003    6    5.100   1.0000          evt6
261.8003    0    1.700   1.0000          NULL 
263.5003    2    5.100   1.0000          evt2
268.6003    0    0.850   1.0000          NULL 
269.4503    5    5.100   1.0000          evt5
274.5503    0    0.850   1.0000          NULL 
275.4003    5    5.100   1.0000          evt5
280.5003    0    0.850   1.0000          NULL 
281.3503    1    5.100   1.0000          evt1
286.4503    0    3.400   1.0000          NULL 
289.8504    4    5.100   1.0000          evt4
294.9504    0    0.850   1.0000          NULL 
295.8004    6    5.100   1.0000          evt6
300.9004    0    0.850   1.0000          NULL 
301.7504    3    5.100   1.0000          evt3
306.8504    0    2.550   1.0000          NULL 
309.4004    3    5.100   1.0000          evt3
314.5004    0    0.850   1.0000          NULL 
315.3504    2    5.100   1.0000          evt2
320.4504    0    0.850   1.0000          NULL 
321.3004    1    5.100   1.0000          evt1
326.4005    0    0.850   1.0000          NULL 
327.2505    4    5.100   1.0000          evt4
332.3505    0    2.550   1.0000          NULL 
334.9005    4    5.100   1.0000          evt4
340.0005    0    0.850   1.0000          NULL 
340.8505    1    5.100   1.0000          evt1
345.9505    0    2.550   1.0000          NULL 
348.5005    4    5.100   1.0000          evt4
353.6005    0    0.850   1.0000          NULL 
354.4505    4    5.100   1.0000          evt4
359.5505    0    0.849   1.0000          NULL 
