  0.0000    3    5.100   1.0000          evt3
  5.1000    0    1.700   1.0000          NULL 
  6.8000    1    5.100   1.0000          evt1
 11.9000    0    5.100   1.0000          NULL 
 17.0000    2    5.100   1.0000          evt2
 22.1000    0    2.550   1.0000          NULL 
 24.6500    1    5.100   1.0000          evt1
 29.7500    0    0.850   1.0000          NULL 
 30.6000    6    5.100   1.0000          evt6
 35.7000    3    5.100   1.0000          evt3
 40.8000    0    4.250   1.0000          NULL 
 45.0500    6    5.100   1.0000          evt6
 50.1500    0    2.550   1.0000          NULL 
 52.7000    5    5.100   1.0000          evt5
 57.8000    1    5.100   1.0000          evt1
 62.9000    0    5.950   1.0000          NULL 
 68.8500    4    5.100   1.0000          evt4
 73.9500    0    2.550   1.0000          NULL 
 76.5000    6    5.100   1.0000          evt6
 81.6000    0    5.950   1.0000          NULL 
 87.5500    1    5.100   1.0000          evt1
 92.6500    6    5.100   1.0000          evt6
 97.7500    0    0.850   1.0000          NULL 
 98.6000    6    5.100   1.0000          evt6
103.7000    5    5.100   1.0000          evt5
108.7999    2    5.100   1.0000          evt2
113.8999    4    5.100   1.0000          evt4
118.9999    6    5.100   1.0000          evt6
124.0999    5    5.100   1.0000          evt5
129.2000    0    0.850   1.0000          NULL 
130.0500    6    5.100   1.0000          evt6
135.1500    0    0.850   1.0000          NULL 
136.0000    3    5.100   1.0000          evt3
141.1000    0    1.700   1.0000          NULL 
142.8000    3    5.100   1.0000          evt3
147.9000    0    1.700   1.0000          NULL 
149.6000    1    5.100   1.0000          evt1
154.7000    0    3.400   1.0000          NULL 
158.1000    4    5.100   1.0000          evt4
163.2000    0    2.550   1.0000          NULL 
165.7501    4    5.100   1.0000          evt4
170.8501    0    1.700   1.0000          NULL 
172.5501    3    5.100   1.0000          evt3
177.6501    0    2.550   1.0000          NULL 
180.2001    6    5.100   1.0000          evt6
185.3001    0    5.100   1.0000          NULL 
190.4001    4    5.100   1.0000          evt4
195.5002    0    3.400   1.0000          NULL 
198.9002    2    5.100   1.0000          evt2
204.0002    0    3.400   1.0000          NULL 
207.4002    1    5.100   1.0000          evt1
212.5002    3    5.100   1.0000          evt3
217.6002    4    5.100   1.0000          evt4
222.7002    0    1.700   1.0000          NULL 
224.4002    4    5.100   1.0000          evt4
229.5002    6    5.100   1.0000          evt6
234.6003    3    5.100   1.0000          evt3
239.7003    0    0.850   1.0000          NULL 
240.5503    1    5.100   1.0000          evt1
245.6503    0    1.700   1.0000          NULL 
247.3503    2    5.100   1.0000          evt2
252.4503    0    1.700   1.0000          NULL 
254.1503    3    5.100   1.0000          evt3
259.2503    0    5.100   1.0000          NULL 
264.3503    5    5.100   1.0000          evt5
269.4503    6    5.100   1.0000          evt6
274.5504    1    5.100   1.0000          evt1
279.6504    0    0.850   1.0000          NULL 
280.5004    1    5.100   1.0000          evt1
285.6004    5    5.100   1.0000          evt5
290.7004    0    2.550   1.0000          NULL 
293.2504    3    5.100   1.0000          evt3
298.3504    0    6.800   1.0000          NULL 
305.1505    1    5.100   1.0000          evt1
310.2505    4    5.100   1.0000          evt4
315.3505    0    1.700   1.0000          NULL 
317.0505    1    5.100   1.0000          evt1
322.1505    0    0.850   1.0000          NULL 
323.0005    6    5.100   1.0000          evt6
328.1005    4    5.100   1.0000          evt4
333.2005    4    5.100   1.0000          evt4
338.3005    2    5.100   1.0000          evt2
343.4005    0    0.850   1.0000          NULL 
344.2505    3    5.100   1.0000          evt3
349.3505    3    5.100   1.0000          evt3
354.4505    0    0.850   1.0000          NULL 
355.3005    4    5.100   1.0000          evt4
