  0.0000    4    5.100   1.0000          evt4
  5.1000    0    1.700   1.0000          NULL 
  6.8000    3    5.100   1.0000          evt3
 11.9000    0    1.700   1.0000          NULL 
 13.6000    1    5.100   1.0000          evt1
 18.7000    0    0.850   1.0000          NULL 
 19.5500    3    5.100   1.0000          evt3
 24.6500    0    0.850   1.0000          NULL 
 25.5000    5    5.100   1.0000          evt5
 30.6000    0    0.850   1.0000          NULL 
 31.4500    6    5.100   1.0000          evt6
 36.5500    0    0.850   1.0000          NULL 
 37.4000    6    5.100   1.0000          evt6
 42.5000    0    0.850   1.0000          NULL 
 43.3500    3    5.100   1.0000          evt3
 48.4500    0    3.400   1.0000          NULL 
 51.8500    3    5.100   1.0000          evt3
 56.9500    0    0.850   1.0000          NULL 
 57.8000    2    5.100   1.0000          evt2
 62.9000    0    1.700   1.0000          NULL 
 64.6000    4    5.100   1.0000          evt4
 69.7000    0    0.850   1.0000          NULL 
 70.5500    3    5.100   1.0000          evt3
 75.6500    0    0.850   1.0000          NULL 
 76.5000    3    5.100   1.0000          evt3
 81.6000    0    2.550   1.0000          NULL 
 84.1500    6    5.100   1.0000          evt6
 89.2500    0    1.700   1.0000          NULL 
 90.9500    4    5.100   1.0000          evt4
 96.0500    0    0.850   1.0000          NULL 
 96.9000    1    5.100   1.0000          evt1
102.0000    0    1.700   1.0000          NULL 
103.7000    3    5.100   1.0000          evt3
108.8000    0    0.850   1.0000          NULL 
109.6500    3    5.100   1.0000          evt3
114.7500    0    2.550   1.0000          NULL 
117.2999    6    5.100   1.0000          evt6
122.3999    0    4.250   1.0000          NULL 
126.6499    6    5.100   1.0000          evt6
131.7499    0    0.850   1.0000          NULL 
132.5999    1    5.100   1.0000          evt1
137.7000    0    1.700   1.0000          NULL 
139.4000    5    5.100   1.0000          evt5
144.5000    0    0.850   1.0000          NULL 
145.3500    4    5.100   1.0000          evt4
150.4500    0    0.850   1.0000          NULL 
151.3000    4    5.100   1.0000          evt4
156.4000    0    3.400   1.0000          NULL 
159.8000    1    5.100   1.0000          evt1
164.9000    0    1.700   1.0000          NULL 
166.6000    3    5.100   1.0000          evt3
171.7000    0    0.850   1.0000          NULL 
172.5500    4    5.100   1.0000          evt4
177.6501    0    1.700   1.0000          NULL 
179.3501    4    5.100   1.0000          evt4
184.4501    0    2.550   1.0000          NULL 
187.0001    6    5.100   1.0000          evt6
192.1001    0    0.850   1.0000          NULL 
192.9501    6    5.100   1.0000          evt6
198.0501    0    0.850   1.0000          NULL 
198.9001    2    5.100   1.0000          evt2
204.0001    0    1.700   1.0000          NULL 
205.7001    6    5.100   1.0000          evt6
210.8001    0    0.850   1.0000          NULL 
211.6501    4    5.100   1.0000          evt4
216.7502    0    0.850   1.0000          NULL 
217.6002    5    5.100   1.0000          evt5
222.7002    0    1.700   1.0000          NULL 
224.4002    1    5.100   1.0000          evt1
229.5002    0    0.850   1.0000          NULL 
230.3502    1    5.100   1.0000          evt1
235.4502    0    1.700   1.0000          NULL 
237.1502    1    5.100   1.0000          evt1
242.2502    0    0.850   1.0000          NULL 
243.1002    6    5.100   1.0000          evt6
248.2002    0    1.700   1.0000          NULL 
249.9002    3    5.100   1.0000          evt3
255.0002    0    1.700   1.0000          NULL 
256.7003    4    5.100   1.0000          evt4
261.8003    0    0.850   1.0000          NULL 
262.6503    3    5.100   1.0000          evt3
267.7503    0    6.800   1.0000          NULL 
274.5503    1    5.100   1.0000          evt1
279.6503    0    0.850   1.0000          NULL 
280.5003    2    5.100   1.0000          evt2
285.6003    0    0.850   1.0000          NULL 
286.4503    4    5.100   1.0000          evt4
291.5504    0    2.550   1.0000          NULL 
294.1004    1    5.100   1.0000          evt1
299.2004    0    1.700   1.0000          NULL 
300.9004    1    5.100   1.0000          evt1
306.0004    0    0.850   1.0000          NULL 
306.8504    5    5.100   1.0000          evt5
311.9504    0    1.700   1.0000          NULL 
313.6504    6    5.100   1.0000          evt6
318.7504    0    1.700   1.0000          NULL 
320.4504    2    5.100   1.0000          evt2
325.5504    0    0.850   1.0000          NULL 
326.4005    6    5.100   1.0000          evt6
331.5005    0    0.850   1.0000          NULL 
332.3505    4    5.100   1.0000          evt4
337.4505    0    0.850   1.0000          NULL 
338.3005    5    5.100   1.0000          evt5
343.4005    0    4.250   1.0000          NULL 
347.6505    1    5.100   1.0000          evt1
352.7505    0    0.850   1.0000          NULL 
353.6005    2    5.100   1.0000          evt2
358.7005    0    1.699   1.0000          NULL 
