  0.0000    6    5.100   1.0000          evt6
  5.1000    0    0.850   1.0000          NULL 
  5.9500    5    5.100   1.0000          evt5
 11.0500    0    2.550   1.0000          NULL 
 13.6000    5    5.100   1.0000          evt5
 18.7000    0    0.850   1.0000          NULL 
 19.5500    2    5.100   1.0000          evt2
 24.6500    0    2.550   1.0000          NULL 
 27.2000    3    5.100   1.0000          evt3
 32.3000    0    0.850   1.0000          NULL 
 33.1500    5    5.100   1.0000          evt5
 38.2500    0    1.700   1.0000          NULL 
 39.9500    4    5.100   1.0000          evt4
 45.0500    0    0.850   1.0000          NULL 
 45.9000    1    5.100   1.0000          evt1
 51.0000    0    5.100   1.0000          NULL 
 56.1000    2    5.100   1.0000          evt2
 61.2000    0    1.700   1.0000          NULL 
 62.9000    2    5.100   1.0000          evt2
 68.0000    0    1.700   1.0000          NULL 
 69.7000    4    5.100   1.0000          evt4
 74.8000    0    0.850   1.0000          NULL 
 75.6500    5    5.100   1.0000          evt5
 80.7500    0    0.850   1.0000          NULL 
 81.6000    2    5.100   1.0000          evt2
 86.7000    0    0.850   1.0000          NULL 
 87.5500    3    5.100   1.0000          evt3
 92.6500    0    1.700   1.0000          NULL 
 94.3500    6    5.100   1.0000          evt6
 99.4500    0    0.850   1.0000          NULL 
100.3000    1    5.100   1.0000          evt1
105.4000    0    0.850   1.0000          NULL 
106.2500    3    5.100   1.0000          evt3
111.3500    0    1.700   1.0000          NULL 
113.0499    3    5.100   1.0000          evt3
118.1499    0    1.700   1.0000          NULL 
119.8499    4    5.100   1.0000          evt4
124.9499    0    1.700   1.0000          NULL 
126.6499    6    5.100   1.0000          evt6
131.7499    0    0.850   1.0000          NULL 
132.5999    4    5.100   1.0000          evt4
137.7000    0    3.400   1.0000          NULL 
141.1000    6    5.100   1.0000          evt6
146.2000    0    2.550   1.0000          NULL 
148.7500    1    5.100   1.0000          evt1
153.8500    0    0.850   1.0000          NULL 
154.7000    1    5.100   1.0000          evt1
159.8000    0    0.850   1.0000          NULL 
160.6500    6    5.100   1.0000          evt6
165.7500    0    0.850   1.0000          NULL 
166.6000    1    5.100   1.0000          evt1
171.7000    0    0.850   1.0000          NULL 
172.5500    6    5.100   1.0000          evt6
177.6501    0    1.700   1.0000          NULL 
179.3501    4    5.100   1.0000          evt4
184.4501    0    0.850   1.0000          NULL 
185.3001    1    5.100   1.0000          evt1
190.4001    0    1.700   1.0000          NULL 
192.1001    1    5.100   1.0000          evt1
197.2001    0    0.850   1.0000          NULL 
198.0501    1    5.100   1.0000          evt1
203.1501    0    0.850   1.0000          NULL 
204.0001    4    5.100   1.0000          evt4
209.1001    0    0.850   1.0000          NULL 
209.9501    3    5.100   1.0000          evt3
215.0501    0    0.850   1.0000          NULL 
215.9001    3    5.100   1.0000          evt3
221.0002    0    3.400   1.0000          NULL 
224.4002    3    5.100   1.0000          evt3
229.5002    0    0.850   1.0000          NULL 
230.3502    3    5.100   1.0000          evt3
235.4502    0    1.700   1.0000          NULL 
237.1502    5    5.100   1.0000          evt5
242.2502    0    0.850   1.0000          NULL 
243.1002    3    5.100   1.0000          evt3
248.2002    0    0.850   1.0000          NULL 
249.0502    1    5.100   1.0000          evt1
254.1502    0    3.400   1.0000          NULL 
257.5503    6    5.100   1.0000          evt6
262.6503    0    3.400   1.0000          NULL 
266.0503    3    5.100   1.0000          evt3
271.1503    0    0.850   1.0000          NULL 
272.0003    1    5.100   1.0000          evt1
277.1003    0    0.850   1.0000          NULL 
277.9503    4    5.100   1.0000          evt4
283.0503    0    0.850   1.0000          NULL 
283.9003    2    5.100   1.0000          evt2
289.0003    0    1.700   1.0000          NULL 
290.7003    6    5.100   1.0000          evt6
295.8004    0    2.550   1.0000          NULL 
298.3504    6    5.100   1.0000          evt6
303.4504    0    0.850   1.0000          NULL 
304.3004    1    5.100   1.0000          evt1
309.4004    0    3.400   1.0000          NULL 
312.8004    4    5.100   1.0000          evt4
317.9004    0    0.850   1.0000          NULL 
318.7504    6    5.100   1.0000          evt6
323.8504    0    0.850   1.0000          NULL 
324.7004    6    5.100   1.0000          evt6
329.8004    0    2.550   1.0000          NULL 
332.3505    4    5.100   1.0000          evt4
337.4505    0    2.550   1.0000          NULL 
340.0005    4    5.100   1.0000          evt4
345.1005    0    2.550   1.0000          NULL 
347.6505    3    5.100   1.0000          evt3
352.7505    0    0.850   1.0000          NULL 
353.6005    4    5.100   1.0000          evt4
358.7005    0    1.699   1.0000          NULL 
