  0.0000    3    5.100   1.0000          evt3
  5.1000    0    1.700   1.0000          NULL 
  6.8000    6    5.100   1.0000          evt6
 11.9000    0    0.850   1.0000          NULL 
 12.7500    6    5.100   1.0000          evt6
 17.8500    2    5.100   1.0000          evt2
 22.9500    1    5.100   1.0000          evt1
 28.0500    5    5.100   1.0000          evt5
 33.1500    0    5.100   1.0000          NULL 
 38.2500    4    5.100   1.0000          evt4
 43.3500    6    5.100   1.0000          evt6
 48.4500    0    5.950   1.0000          NULL 
 54.4000    4    5.100   1.0000          evt4
 59.5000    5    5.100   1.0000          evt5
 64.6000    5    5.100   1.0000          evt5
 69.7000    4    5.100   1.0000          evt4
 74.8000    0    1.700   1.0000          NULL 
 76.5000    3    5.100   1.0000          evt3
 81.6000    0    2.550   1.0000          NULL 
 84.1500    3    5.100   1.0000          evt3
 89.2500    0    4.250   1.0000          NULL 
 93.5000    3    5.100   1.0000          evt3
 98.6000    0    0.850   1.0000          NULL 
 99.4500    1    5.100   1.0000          evt1
104.5499    0    3.400   1.0000          NULL 
107.9499    1    5.100   1.0000          evt1
113.0499    0    0.850   1.0000          NULL 
113.8999    4    5.100   1.0000          evt4
118.9999    0    0.850   1.0000          NULL 
119.8499    4    5.100   1.0000          evt4
124.9499    0    0.850   1.0000          NULL 
125.7999    5    5.100   1.0000          evt5
130.8999    0    1.700   1.0000          NULL 
132.5999    2    5.100   1.0000          evt2
137.7000    6    5.100   1.0000          evt6
142.8000    6    5.100   1.0000          evt6
147.9000    6    5.100   1.0000          evt6
153.0000    0    2.550   1.0000          NULL 
155.5500    4    5.100   1.0000          evt4
160.6500    1    5.100   1.0000          evt1
165.7500    0    0.850   1.0000          NULL 
166.6000    3    5.100   1.0000          evt3
171.7000    0    1.700   1.0000          NULL 
173.4000    5    5.100   1.0000          evt5
178.5000    0    2.550   1.0000          NULL 
181.0500    3    5.100   1.0000          evt3
186.1501    0    3.400   1.0000          NULL 
189.5501    6    5.100   1.0000          evt6
194.6501    1    5.100   1.0000          evt1
199.7501    0    0.850   1.0000          NULL 
200.6001    3    5.100   1.0000          evt3
205.7001    1    5.100   1.0000          evt1
210.8001    0    0.850   1.0000          NULL 
211.6501    1    5.100   1.0000          evt1
216.7501    6    5.100   1.0000          evt6
221.8501    0    1.700   1.0000          NULL 
223.5501    6    5.100   1.0000          evt6
228.6501    6    5.100   1.0000          evt6
233.7502    3    5.100   1.0000          evt3
238.8502    0    1.700   1.0000          NULL 
240.5502    3    5.100   1.0000          evt3
245.6502    0    2.550   1.0000          NULL 
248.2002    1    5.100   1.0000          evt1
253.3002    4    5.100   1.0000          evt4
258.4002    0    0.850   1.0000          NULL 
259.2502    4    5.100   1.0000          evt4
264.3502    0    2.550   1.0000          NULL 
266.9002    4    5.100   1.0000          evt4
272.0002    2    5.100   1.0000          evt2
277.1003    0    5.100   1.0000          NULL 
282.2003    2    5.100   1.0000          evt2
287.3003    0    1.700   1.0000          NULL 
289.0003    2    5.100   1.0000          evt2
294.1003    0    1.700   1.0000          NULL 
295.8003    1    5.100   1.0000          evt1
300.9003    0    5.950   1.0000          NULL 
306.8504    1    5.100   1.0000          evt1
311.9504    0    1.700   1.0000          NULL 
313.6504    4    5.100   1.0000          evt4
318.7504    3    5.100   1.0000          evt3
323.8504    0    0.850   1.0000          NULL 
324.7004    1    5.100   1.0000          evt1
329.8004    0    4.250   1.0000          NULL 
334.0504    3    5.100   1.0000          evt3
339.1505    4    5.100   1.0000          evt4
344.2505    0    3.400   1.0000          NULL 
347.6505    6    5.100   1.0000          evt6
352.7505    0    7.650   1.0000          NULL 
