  0.0000    4    5.100   1.0000          evt4
  5.1000    0    1.700   1.0000          NULL 
  6.8000    5    5.100   1.0000          evt5
 11.9000    0    0.850   1.0000          NULL 
 12.7500    5    5.100   1.0000          evt5
 17.8500    2    5.100   1.0000          evt2
 22.9500    0    2.550   1.0000          NULL 
 25.5000    3    5.100   1.0000          evt3
 30.6000    0    0.850   1.0000          NULL 
 31.4500    1    5.100   1.0000          evt1
 36.5500    0    4.250   1.0000          NULL 
 40.8000    1    5.100   1.0000          evt1
 45.9000    3    5.100   1.0000          evt3
 51.0000    1    5.100   1.0000          evt1
 56.1000    0    4.250   1.0000          NULL 
 60.3500    1    5.100   1.0000          evt1
 65.4500    5    5.100   1.0000          evt5
 70.5500    0    0.850   1.0000          NULL 
 71.4000    3    5.100   1.0000          evt3
 76.5000    6    5.100   1.0000          evt6
 81.6000    2    5.100   1.0000          evt2
 86.7000    6    5.100   1.0000          evt6
 91.8000    0    0.850   1.0000          NULL 
 92.6500    3    5.100   1.0000          evt3
 97.7500    0    1.700   1.0000          NULL 
 99.4500    4    5.100   1.0000          evt4
104.5500    0    0.850   1.0000          NULL 
105.4000    1    5.100   1.0000          evt1
110.5000    4    5.100   1.0000          evt4
115.6000    1    5.100   1.0000          evt1
120.7000    0    1.700   1.0000          NULL 
122.4000    3    5.100   1.0000          evt3
127.5000    0    5.950   1.0000          NULL 
133.4500    3    5.100   1.0000          evt3
138.5500    3    5.100   1.0000          evt3
143.6500    4    5.100   1.0000          evt4
148.7500    0    0.850   1.0000          NULL 
149.6000    2    5.100   1.0000          evt2
154.7000    0    5.100   1.0000          NULL 
159.8001    4    5.100   1.0000          evt4
164.9001    0    2.550   1.0000          NULL 
167.4501    4    5.100   1.0000          evt4
172.5501    4    5.100   1.0000          evt4
177.6501    0    3.400   1.0000          NULL 
181.0501    4    5.100   1.0000          evt4
186.1501    1    5.100   1.0000          evt1
191.2501    0    2.550   1.0000          NULL 
193.8002    6    5.100   1.0000          evt6
198.9002    0    5.100   1.0000          NULL 
204.0002    6    5.100   1.0000          evt6
209.1002    0    1.700   1.0000          NULL 
210.8002    6    5.100   1.0000          evt6
215.9002    0    0.850   1.0000          NULL 
216.7502    5    5.100   1.0000          evt5
221.8502    0    0.850   1.0000          NULL 
222.7002    1    5.100   1.0000          evt1
227.8002    0    0.850   1.0000          NULL 
228.6503    1    5.100   1.0000          evt1
233.7503    1    5.100   1.0000          evt1
238.8503    3    5.100   1.0000          evt3
243.9503    6    5.100   1.0000          evt6
249.0503    3    5.100   1.0000          evt3
254.1503    6    5.100   1.0000          evt6
259.2503    0    6.800   1.0000          NULL 
266.0503    4    5.100   1.0000          evt4
271.1503    0    4.250   1.0000          NULL 
275.4004    3    5.100   1.0000          evt3
280.5004    0    0.850   1.0000          NULL 
281.3504    6    5.100   1.0000          evt6
286.4504    0    2.550   1.0000          NULL 
289.0004    6    5.100   1.0000          evt6
294.1004    0    2.550   1.0000          NULL 
296.6504    6    5.100   1.0000          evt6
301.7504    1    5.100   1.0000          evt1
306.8504    5    5.100   1.0000          evt5
311.9504    0    5.100   1.0000          NULL 
317.0505    6    5.100   1.0000          evt6
322.1505    0    2.550   1.0000          NULL 
324.7005    2    5.100   1.0000          evt2
329.8005    2    5.100   1.0000          evt2
334.9005    0    8.500   1.0000          NULL 
343.4006    3    5.100   1.0000          evt3
348.5006    0    0.850   1.0000          NULL 
349.3506    4    5.100   1.0000          evt4
354.4506    4    5.100   1.0000          evt4
359.5506    0    0.849   1.0000          NULL 
