  0.0000    4    5.100   1.0000          evt4
  5.1000    0    8.500   1.0000          NULL 
 13.6000    4    5.100   1.0000          evt4
 18.7000    0    0.850   1.0000          NULL 
 19.5500    1    5.100   1.0000          evt1
 24.6500    4    5.100   1.0000          evt4
 29.7500    0    1.700   1.0000          NULL 
 31.4500    1    5.100   1.0000          evt1
 36.5500    0    2.550   1.0000          NULL 
 39.1000    1    5.100   1.0000          evt1
 44.2000    0    1.700   1.0000          NULL 
 45.9000    2    5.100   1.0000          evt2
 51.0000    0    1.700   1.0000          NULL 
 52.7000    3    5.100   1.0000          evt3
 57.8000    0    0.850   1.0000          NULL 
 58.6500    1    5.100   1.0000          evt1
 63.7500    0    8.500   1.0000          NULL 
 72.2500    1    5.100   1.0000          evt1
 77.3500    0    0.850   1.0000          NULL 
 78.2000    5    5.100   1.0000          evt5
 83.3000    0    1.700   1.0000          NULL 
 85.0000    2    5.100   1.0000          evt2
 90.1000    0    0.850   1.0000          NULL 
 90.9500    2    5.100   1.0000          evt2
 96.0500    4    5.100   1.0000          evt4
101.1500    0    0.850   1.0000          NULL 
102.0000    6    5.100   1.0000          evt6
107.1000    3    5.100   1.0000          evt3
112.2000    0    1.700   1.0000          NULL 
113.8999    6    5.100   1.0000          evt6
118.9999    0    0.850   1.0000          NULL 
119.8499    1    5.100   1.0000          evt1
124.9499    0    1.700   1.0000          NULL 
126.6499    5    5.100   1.0000          evt5
131.7499    0    0.850   1.0000          NULL 
132.5999    6    5.100   1.0000          evt6
137.7000    0    2.550   1.0000          NULL 
140.2500    1    5.100   1.0000          evt1
145.3500    6    5.100   1.0000          evt6
150.4500    6    5.100   1.0000          evt6
155.5500    0    5.100   1.0000          NULL 
160.6500    5    5.100   1.0000          evt5
165.7500    3    5.100   1.0000          evt3
170.8500    3    5.100   1.0000          evt3
175.9500    0    2.550   1.0000          NULL 
178.5001    6    5.100   1.0000          evt6
183.6001    6    5.100   1.0000          evt6
188.7001    0    1.700   1.0000          NULL 
190.4001    1    5.100   1.0000          evt1
195.5001    2    5.100   1.0000          evt2
200.6001    0    2.550   1.0000          NULL 
203.1501    6    5.100   1.0000          evt6
208.2501    4    5.100   1.0000          evt4
213.3501    0    3.400   1.0000          NULL 
216.7502    3    5.100   1.0000          evt3
221.8502    4    5.100   1.0000          evt4
226.9502    0    1.700   1.0000          NULL 
228.6502    5    5.100   1.0000          evt5
233.7502    0    2.550   1.0000          NULL 
236.3002    6    5.100   1.0000          evt6
241.4002    0    0.850   1.0000          NULL 
242.2502    6    5.100   1.0000          evt6
247.3502    0    3.400   1.0000          NULL 
250.7502    5    5.100   1.0000          evt5
255.8503    0    0.850   1.0000          NULL 
256.7003    1    5.100   1.0000          evt1
261.8003    0    0.850   1.0000          NULL 
262.6503    3    5.100   1.0000          evt3
267.7503    0    1.700   1.0000          NULL 
269.4503    4    5.100   1.0000          evt4
274.5503    0    0.850   1.0000          NULL 
275.4003    3    5.100   1.0000          evt3
280.5003    0    0.850   1.0000          NULL 
281.3503    3    5.100   1.0000          evt3
286.4503    4    5.100   1.0000          evt4
291.5503    3    5.100   1.0000          evt3
296.6503    0    2.550   1.0000          NULL 
299.2003    1    5.100   1.0000          evt1
304.3004    4    5.100   1.0000          evt4
309.4004    3    5.100   1.0000          evt3
314.5004    2    5.100   1.0000          evt2
319.6004    0    7.650   1.0000          NULL 
327.2504    4    5.100   1.0000          evt4
332.3504    0    2.550   1.0000          NULL 
334.9005    6    5.100   1.0000          evt6
340.0005    0    0.850   1.0000          NULL 
340.8505    4    5.100   1.0000          evt4
345.9505    0    2.550   1.0000          NULL 
348.5005    3    5.100   1.0000          evt3
353.6005    1    5.100   1.0000          evt1
358.7005    0    1.700   1.0000          NULL 
