  0.0000    6    5.100   1.0000          evt6
  5.1000    6    5.100   1.0000          evt6
 10.2000    0    3.400   1.0000          NULL 
 13.6000    3    5.100   1.0000          evt3
 18.7000    2    5.100   1.0000          evt2
 23.8000    0    1.700   1.0000          NULL 
 25.5000    5    5.100   1.0000          evt5
 30.6000    1    5.100   1.0000          evt1
 35.7000    0    0.850   1.0000          NULL 
 36.5500    2    5.100   1.0000          evt2
 41.6500    0    1.700   1.0000          NULL 
 43.3500    3    5.100   1.0000          evt3
 48.4500    6    5.100   1.0000          evt6
 53.5500    0    1.700   1.0000          NULL 
 55.2500    5    5.100   1.0000          evt5
 60.3500    6    5.100   1.0000          evt6
 65.4500    0    2.550   1.0000          NULL 
 68.0000    6    5.100   1.0000          evt6
 73.1000    3    5.100   1.0000          evt3
 78.2000    6    5.100   1.0000          evt6
 83.3000    0    3.400   1.0000          NULL 
 86.7000    1    5.100   1.0000          evt1
 91.8000    0    4.250   1.0000          NULL 
 96.0500    4    5.100   1.0000          evt4
101.1500    3    5.100   1.0000          evt3
106.2500    0    4.250   1.0000          NULL 
110.5000    3    5.100   1.0000          evt3
115.6000    0    3.400   1.0000          NULL 
118.9999    1    5.100   1.0000          evt1
124.0999    0    2.550   1.0000          NULL 
126.6499    1    5.100   1.0000          evt1
131.7499    0    4.250   1.0000          NULL 
136.0000    3    5.100   1.0000          evt3
141.1000    4    5.100   1.0000          evt4
146.2000    0    0.850   1.0000          NULL 
147.0500    6    5.100   1.0000          evt6
152.1500    6    5.100   1.0000          evt6
157.2500    0    1.700   1.0000          NULL 
158.9500    3    5.100   1.0000          evt3
164.0500    0    1.700   1.0000          NULL 
165.7500    3    5.100   1.0000          evt3
170.8500    0    1.700   1.0000          NULL 
172.5500    1    5.100   1.0000          evt1
177.6501    5    5.100   1.0000          evt5
182.7501    0    7.650   1.0000          NULL 
190.4001    1    5.100   1.0000          evt1
195.5001    4    5.100   1.0000          evt4
200.6001    0    0.850   1.0000          NULL 
201.4501    4    5.100   1.0000          evt4
206.5501    0    1.700   1.0000          NULL 
208.2502    4    5.100   1.0000          evt4
213.3502    6    5.100   1.0000          evt6
218.4502    1    5.100   1.0000          evt1
223.5502    0    1.700   1.0000          NULL 
225.2502    5    5.100   1.0000          evt5
230.3502    0    3.400   1.0000          NULL 
233.7502    4    5.100   1.0000          evt4
238.8502    0    3.400   1.0000          NULL 
242.2502    6    5.100   1.0000          evt6
247.3503    5    5.100   1.0000          evt5
252.4503    0    5.100   1.0000          NULL 
257.5503    4    5.100   1.0000          evt4
262.6503    0    1.700   1.0000          NULL 
264.3503    2    5.100   1.0000          evt2
269.4503    3    5.100   1.0000          evt3
274.5503    1    5.100   1.0000          evt1
279.6503    0    5.950   1.0000          NULL 
285.6004    1    5.100   1.0000          evt1
290.7004    0    2.550   1.0000          NULL 
293.2504    4    5.100   1.0000          evt4
298.3504    0    0.850   1.0000          NULL 
299.2004    3    5.100   1.0000          evt3
304.3004    0    0.850   1.0000          NULL 
305.1504    2    5.100   1.0000          evt2
310.2504    0    1.700   1.0000          NULL 
311.9504    6    5.100   1.0000          evt6
317.0504    0    0.850   1.0000          NULL 
317.9005    3    5.100   1.0000          evt3
323.0005    0    0.850   1.0000          NULL 
323.8505    1    5.100   1.0000          evt1
328.9505    1    5.100   1.0000          evt1
334.0505    4    5.100   1.0000          evt4
339.1505    0    0.850   1.0000          NULL 
340.0005    4    5.100   1.0000          evt4
345.1005    0    0.850   1.0000          NULL 
345.9505    2    5.100   1.0000          evt2
351.0505    0    0.850   1.0000          NULL 
351.9005    4    5.100   1.0000          evt4
357.0005    0    3.400   1.0000          NULL 
