  0.0000    3    5.100   1.0000          evt3
  5.1000    0    0.850   1.0000          NULL 
  5.9500    1    5.100   1.0000          evt1
 11.0500    0    3.400   1.0000          NULL 
 14.4500    5    5.100   1.0000          evt5
 19.5500    0    2.550   1.0000          NULL 
 22.1000    6    5.100   1.0000          evt6
 27.2000    0    1.700   1.0000          NULL 
 28.9000    4    5.100   1.0000          evt4
 34.0000    0    0.850   1.0000          NULL 
 34.8500    1    5.100   1.0000          evt1
 39.9500    0    2.550   1.0000          NULL 
 42.5000    2    5.100   1.0000          evt2
 47.6000    0    1.700   1.0000          NULL 
 49.3000    4    5.100   1.0000          evt4
 54.4000    5    5.100   1.0000          evt5
 59.5000    0    0.850   1.0000          NULL 
 60.3500    2    5.100   1.0000          evt2
 65.4500    1    5.100   1.0000          evt1
 70.5500    2    5.100   1.0000          evt2
 75.6500    0    3.400   1.0000          NULL 
 79.0500    2    5.100   1.0000          evt2
 84.1500    0    0.850   1.0000          NULL 
 85.0000    1    5.100   1.0000          evt1
 90.1000    3    5.100   1.0000          evt3
 95.2000    0    2.550   1.0000          NULL 
 97.7500    3    5.100   1.0000          evt3
102.8500    0    1.700   1.0000          NULL 
104.5500    6    5.100   1.0000          evt6
109.6500    0    4.250   1.0000          NULL 
113.9000    4    5.100   1.0000          evt4
119.0000    6    5.100   1.0000          evt6
124.1000    0    2.550   1.0000          NULL 
126.6499    5    5.100   1.0000          evt5
131.7500    3    5.100   1.0000          evt3
136.8500    0    1.700   1.0000          NULL 
138.5500    3    5.100   1.0000          evt3
143.6500    0    0.850   1.0000          NULL 
144.5000    4    5.100   1.0000          evt4
149.6000    0    2.550   1.0000          NULL 
152.1500    4    5.100   1.0000          evt4
157.2500    2    5.100   1.0000          evt2
162.3500    0    4.250   1.0000          NULL 
166.6001    1    5.100   1.0000          evt1
171.7001    6    5.100   1.0000          evt6
176.8001    0    0.850   1.0000          NULL 
177.6501    4    5.100   1.0000          evt4
182.7501    0    4.250   1.0000          NULL 
187.0001    1    5.100   1.0000          evt1
192.1001    0    1.700   1.0000          NULL 
193.8001    4    5.100   1.0000          evt4
198.9001    1    5.100   1.0000          evt1
204.0001    0    1.700   1.0000          NULL 
205.7001    6    5.100   1.0000          evt6
210.8002    4    5.100   1.0000          evt4
215.9002    1    5.100   1.0000          evt1
221.0002    0    0.850   1.0000          NULL 
221.8502    1    5.100   1.0000          evt1
226.9502    1    5.100   1.0000          evt1
232.0502    0    6.800   1.0000          NULL 
238.8502    3    5.100   1.0000          evt3
243.9502    0    1.700   1.0000          NULL 
245.6503    5    5.100   1.0000          evt5
250.7503    3    5.100   1.0000          evt3
255.8503    0    0.850   1.0000          NULL 
256.7003    6    5.100   1.0000          evt6
261.8003    0    5.950   1.0000          NULL 
267.7503    6    5.100   1.0000          evt6
272.8503    0    0.850   1.0000          NULL 
273.7003    6    5.100   1.0000          evt6
278.8003    0    0.850   1.0000          NULL 
279.6503    6    5.100   1.0000          evt6
284.7503    5    5.100   1.0000          evt5
289.8503    0    2.550   1.0000          NULL 
292.4004    6    5.100   1.0000          evt6
297.5004    3    5.100   1.0000          evt3
302.6004    0    0.850   1.0000          NULL 
303.4504    6    5.100   1.0000          evt6
308.5504    3    5.100   1.0000          evt3
313.6504    0    1.700   1.0000          NULL 
315.3504    4    5.100   1.0000          evt4
320.4504    3    5.100   1.0000          evt3
325.5504    0    2.550   1.0000          NULL 
328.1004    3    5.100   1.0000          evt3
333.2004    0    5.100   1.0000          NULL 
338.3005    1    5.100   1.0000          evt1
343.4005    0    1.700   1.0000          NULL 
345.1005    4    5.100   1.0000          evt4
350.2005    0    0.850   1.0000          NULL 
351.0505    4    5.100   1.0000          evt4
356.1505    0    4.250   1.0000          NULL 
