  0.0000    3    5.100   1.0000          evt3
  5.1000    0    0.850   1.0000          NULL 
  5.9500    1    5.100   1.0000          evt1
 11.0500    0    1.700   1.0000          NULL 
 12.7500    1    5.100   1.0000          evt1
 17.8500    0    0.850   1.0000          NULL 
 18.7000    6    5.100   1.0000          evt6
 23.8000    0    1.700   1.0000          NULL 
 25.5000    3    5.100   1.0000          evt3
 30.6000    0    0.850   1.0000          NULL 
 31.4500    5    5.100   1.0000          evt5
 36.5500    0    4.250   1.0000          NULL 
 40.8000    2    5.100   1.0000          evt2
 45.9000    0    3.400   1.0000          NULL 
 49.3000    4    5.100   1.0000          evt4
 54.4000    0    0.850   1.0000          NULL 
 55.2500    2    5.100   1.0000          evt2
 60.3500    0    1.700   1.0000          NULL 
 62.0500    2    5.100   1.0000          evt2
 67.1500    0    1.700   1.0000          NULL 
 68.8500    4    5.100   1.0000          evt4
 73.9500    0    3.400   1.0000          NULL 
 77.3500    6    5.100   1.0000          evt6
 82.4500    0    0.850   1.0000          NULL 
 83.3000    1    5.100   1.0000          evt1
 88.4000    0    1.700   1.0000          NULL 
 90.1000    6    5.100   1.0000          evt6
 95.2000    0    1.700   1.0000          NULL 
 96.9000    3    5.100   1.0000          evt3
102.0000    0    0.850   1.0000          NULL 
102.8500    4    5.100   1.0000          evt4
107.9500    0    1.700   1.0000          NULL 
109.6499    4    5.100   1.0000          evt4
114.7499    0    5.100   1.0000          NULL 
119.8499    4    5.100   1.0000          evt4
124.9499    0    1.700   1.0000          NULL 
126.6499    6    5.100   1.0000          evt6
131.7499    0    0.850   1.0000          NULL 
132.5999    3    5.100   1.0000          evt3
137.7000    0    0.850   1.0000          NULL 
138.5500    5    5.100   1.0000          evt5
143.6500    0    0.850   1.0000          NULL 
144.5000    3    5.100   1.0000          evt3
149.6000    0    1.700   1.0000          NULL 
151.3000    3    5.100   1.0000          evt3
156.4000    0    0.850   1.0000          NULL 
157.2500    6    5.100   1.0000          evt6
162.3500    0    1.700   1.0000          NULL 
164.0500    4    5.100   1.0000          evt4
169.1500    0    5.100   1.0000          NULL 
174.2501    6    5.100   1.0000          evt6
179.3501    0    0.850   1.0000          NULL 
180.2001    3    5.100   1.0000          evt3
185.3001    0    2.550   1.0000          NULL 
187.8501    4    5.100   1.0000          evt4
192.9501    0    1.700   1.0000          NULL 
194.6501    4    5.100   1.0000          evt4
199.7501    0    1.700   1.0000          NULL 
201.4501    1    5.100   1.0000          evt1
206.5501    0    0.850   1.0000          NULL 
207.4001    1    5.100   1.0000          evt1
212.5002    0    0.850   1.0000          NULL 
213.3502    1    5.100   1.0000          evt1
218.4502    0    1.700   1.0000          NULL 
220.1502    6    5.100   1.0000          evt6
225.2502    0    0.850   1.0000          NULL 
226.1002    3    5.100   1.0000          evt3
231.2002    0    0.850   1.0000          NULL 
232.0502    4    5.100   1.0000          evt4
237.1502    0    1.700   1.0000          NULL 
238.8502    1    5.100   1.0000          evt1
243.9502    0    0.850   1.0000          NULL 
244.8002    2    5.100   1.0000          evt2
249.9002    0    2.550   1.0000          NULL 
252.4503    1    5.100   1.0000          evt1
257.5503    0    0.850   1.0000          NULL 
258.4003    1    5.100   1.0000          evt1
263.5003    0    1.700   1.0000          NULL 
265.2003    6    5.100   1.0000          evt6
270.3003    0    1.700   1.0000          NULL 
272.0003    3    5.100   1.0000          evt3
277.1003    0    1.700   1.0000          NULL 
278.8003    6    5.100   1.0000          evt6
283.9003    0    0.850   1.0000          NULL 
284.7503    6    5.100   1.0000          evt6
289.8503    0    0.850   1.0000          NULL 
290.7003    5    5.100   1.0000          evt5
295.8004    0    1.700   1.0000          NULL 
297.5004    1    5.100   1.0000          evt1
302.6004    0    1.700   1.0000          NULL 
304.3004    5    5.100   1.0000          evt5
309.4004    0    0.850   1.0000          NULL 
310.2504    1    5.100   1.0000          evt1
315.3504    0    1.700   1.0000          NULL 
317.0504    6    5.100   1.0000          evt6
322.1504    0    0.850   1.0000          NULL 
323.0004    3    5.100   1.0000          evt3
328.1004    0    0.850   1.0000          NULL 
328.9504    5    5.100   1.0000          evt5
334.0504    0    1.700   1.0000          NULL 
335.7505    2    5.100   1.0000          evt2
340.8505    0    0.850   1.0000          NULL 
341.7005    4    5.100   1.0000          evt4
346.8005    0    0.850   1.0000          NULL 
347.6505    3    5.100   1.0000          evt3
352.7505    0    0.850   1.0000          NULL 
353.6005    4    5.100   1.0000          evt4
358.7005    0    1.700   1.0000          NULL 
