  0.0000    1    5.100   1.0000          evt1
  5.1000    6    5.100   1.0000          evt6
 10.2000    0    0.850   1.0000          NULL 
 11.0500    6    5.100   1.0000          evt6
 16.1500    6    5.100   1.0000          evt6
 21.2500    0    0.850   1.0000          NULL 
 22.1000    3    5.100   1.0000          evt3
 27.2000    0    0.850   1.0000          NULL 
 28.0500    5    5.100   1.0000          evt5
 33.1500    3    5.100   1.0000          evt3
 38.2500    1    5.100   1.0000          evt1
 43.3500    0    1.700   1.0000          NULL 
 45.0500    3    5.100   1.0000          evt3
 50.1500    0    1.700   1.0000          NULL 
 51.8500    4    5.100   1.0000          evt4
 56.9500    6    5.100   1.0000          evt6
 62.0500    4    5.100   1.0000          evt4
 67.1500    0    3.400   1.0000          NULL 
 70.5500    1    5.100   1.0000          evt1
 75.6500    0    0.850   1.0000          NULL 
 76.5000    1    5.100   1.0000          evt1
 81.6000    0    0.850   1.0000          NULL 
 82.4500    2    5.100   1.0000          evt2
 87.5500    0    0.850   1.0000          NULL 
 88.4000    1    5.100   1.0000          evt1
 93.5000    0    1.700   1.0000          NULL 
 95.2000    3    5.100   1.0000          evt3
100.3000    0    0.850   1.0000          NULL 
101.1500    1    5.100   1.0000          evt1
106.2500    0    2.550   1.0000          NULL 
108.8000    3    5.100   1.0000          evt3
113.9000    0    4.250   1.0000          NULL 
118.1499    1    5.100   1.0000          evt1
123.2499    0    2.550   1.0000          NULL 
125.7999    6    5.100   1.0000          evt6
130.8999    0    5.100   1.0000          NULL 
136.0000    3    5.100   1.0000          evt3
141.1000    6    5.100   1.0000          evt6
146.2000    0    1.700   1.0000          NULL 
147.9000    5    5.100   1.0000          evt5
153.0000    4    5.100   1.0000          evt4
158.1000    1    5.100   1.0000          evt1
163.2000    0    3.400   1.0000          NULL 
166.6001    2    5.100   1.0000          evt2
171.7001    0    1.700   1.0000          NULL 
173.4001    1    5.100   1.0000          evt1
178.5001    0    3.400   1.0000          NULL 
181.9001    6    5.100   1.0000          evt6
187.0001    0    1.700   1.0000          NULL 
188.7001    3    5.100   1.0000          evt3
193.8001    0    7.650   1.0000          NULL 
201.4502    4    5.100   1.0000          evt4
206.5502    4    5.100   1.0000          evt4
211.6502    5    5.100   1.0000          evt5
216.7502    0    0.850   1.0000          NULL 
217.6002    6    5.100   1.0000          evt6
222.7002    6    5.100   1.0000          evt6
227.8002    0    0.850   1.0000          NULL 
228.6502    6    5.100   1.0000          evt6
233.7502    5    5.100   1.0000          evt5
238.8502    0    0.850   1.0000          NULL 
239.7002    4    5.100   1.0000          evt4
244.8002    0    3.400   1.0000          NULL 
248.2003    4    5.100   1.0000          evt4
253.3003    0    1.700   1.0000          NULL 
255.0003    4    5.100   1.0000          evt4
260.1003    0    3.400   1.0000          NULL 
263.5003    3    5.100   1.0000          evt3
268.6003    0    5.950   1.0000          NULL 
274.5504    6    5.100   1.0000          evt6
279.6504    0    1.700   1.0000          NULL 
281.3504    4    5.100   1.0000          evt4
286.4504    0    3.400   1.0000          NULL 
289.8504    1    5.100   1.0000          evt1
294.9504    0    3.400   1.0000          NULL 
298.3504    3    5.100   1.0000          evt3
303.4504    3    5.100   1.0000          evt3
308.5504    0    0.850   1.0000          NULL 
309.4005    4    5.100   1.0000          evt4
314.5005    0    2.550   1.0000          NULL 
317.0505    2    5.100   1.0000          evt2
322.1505    0    0.850   1.0000          NULL 
323.0005    3    5.100   1.0000          evt3
328.1005    0    2.550   1.0000          NULL 
330.6505    2    5.100   1.0000          evt2
335.7505    1    5.100   1.0000          evt1
340.8505    0    0.850   1.0000          NULL 
341.7005    5    5.100   1.0000          evt5
346.8005    4    5.100   1.0000          evt4
351.9005    0    3.400   1.0000          NULL 
355.3006    2    5.100   1.0000          evt2
