  0.0000    3    5.100   1.0000          evt3
  5.1000    6    5.100   1.0000          evt6
 10.2000    0    1.700   1.0000          NULL 
 11.9000    5    5.100   1.0000          evt5
 17.0000    0    0.850   1.0000          NULL 
 17.8500    2    5.100   1.0000          evt2
 22.9500    3    5.100   1.0000          evt3
 28.0500    1    5.100   1.0000          evt1
 33.1500    0    0.850   1.0000          NULL 
 34.0000    4    5.100   1.0000          evt4
 39.1000    0    0.850   1.0000          NULL 
 39.9500    4    5.100   1.0000          evt4
 45.0500    3    5.100   1.0000          evt3
 50.1500    0    0.850   1.0000          NULL 
 51.0000    1    5.100   1.0000          evt1
 56.1000    6    5.100   1.0000          evt6
 61.2000    0    4.250   1.0000          NULL 
 65.4500    3    5.100   1.0000          evt3
 70.5500    0    5.100   1.0000          NULL 
 75.6500    3    5.100   1.0000          evt3
 80.7500    3    5.100   1.0000          evt3
 85.8500    0    1.700   1.0000          NULL 
 87.5500    3    5.100   1.0000          evt3
 92.6500    0    0.850   1.0000          NULL 
 93.5000    1    5.100   1.0000          evt1
 98.6000    0    5.950   1.0000          NULL 
104.5499    2    5.100   1.0000          evt2
109.6499    2    5.100   1.0000          evt2
114.7499    6    5.100   1.0000          evt6
119.8499    0    3.400   1.0000          NULL 
123.2499    4    5.100   1.0000          evt4
128.3499    0    2.550   1.0000          NULL 
130.9000    4    5.100   1.0000          evt4
136.0000    6    5.100   1.0000          evt6
141.1000    6    5.100   1.0000          evt6
146.2000    0    0.850   1.0000          NULL 
147.0500    4    5.100   1.0000          evt4
152.1500    0    0.850   1.0000          NULL 
153.0000    4    5.100   1.0000          evt4
158.1000    0    0.850   1.0000          NULL 
158.9500    1    5.100   1.0000          evt1
164.0500    1    5.100   1.0000          evt1
169.1500    0    2.550   1.0000          NULL 
171.7000    1    5.100   1.0000          evt1
176.8000    1    5.100   1.0000          evt1
181.9001    5    5.100   1.0000          evt5
187.0001    0    0.850   1.0000          NULL 
187.8501    6    5.100   1.0000          evt6
192.9501    0    2.550   1.0000          NULL 
195.5001    6    5.100   1.0000          evt6
200.6001    0    1.700   1.0000          NULL 
202.3001    1    5.100   1.0000          evt1
207.4001    0    6.800   1.0000          NULL 
214.2002    5    5.100   1.0000          evt5
219.3002    5    5.100   1.0000          evt5
224.4002    0    1.700   1.0000          NULL 
226.1002    4    5.100   1.0000          evt4
231.2002    2    5.100   1.0000          evt2
236.3002    3    5.100   1.0000          evt3
241.4002    4    5.100   1.0000          evt4
246.5002    0    0.850   1.0000          NULL 
247.3502    5    5.100   1.0000          evt5
252.4502    6    5.100   1.0000          evt6
257.5502    0    8.500   1.0000          NULL 
266.0503    6    5.100   1.0000          evt6
271.1503    2    5.100   1.0000          evt2
276.2503    4    5.100   1.0000          evt4
281.3503    0    2.550   1.0000          NULL 
283.9003    6    5.100   1.0000          evt6
289.0003    4    5.100   1.0000          evt4
294.1003    0    1.700   1.0000          NULL 
295.8004    3    5.100   1.0000          evt3
300.9004    0    2.550   1.0000          NULL 
303.4504    1    5.100   1.0000          evt1
308.5504    0    1.700   1.0000          NULL 
310.2504    3    5.100   1.0000          evt3
315.3504    0    8.500   1.0000          NULL 
323.8505    6    5.100   1.0000          evt6
328.9505    0    2.550   1.0000          NULL 
331.5005    1    5.100   1.0000          evt1
336.6005    0    1.700   1.0000          NULL 
338.3005    3    5.100   1.0000          evt3
343.4005    1    5.100   1.0000          evt1
348.5005    0    2.550   1.0000          NULL 
351.0505    4    5.100   1.0000          evt4
356.1505    0    4.249   1.0000          NULL 
