  0.0000    6    5.100   1.0000          evt6
  5.1000    0    2.550   1.0000          NULL 
  7.6500    1    5.100   1.0000          evt1
 12.7500    0    0.850   1.0000          NULL 
 13.6000    4    5.100   1.0000          evt4
 18.7000    0    2.550   1.0000          NULL 
 21.2500    1    5.100   1.0000          evt1
 26.3500    0    1.700   1.0000          NULL 
 28.0500    1    5.100   1.0000          evt1
 33.1500    0    1.700   1.0000          NULL 
 34.8500    2    5.100   1.0000          evt2
 39.9500    0    1.700   1.0000          NULL 
 41.6500    6    5.100   1.0000          evt6
 46.7500    0    1.700   1.0000          NULL 
 48.4500    1    5.100   1.0000          evt1
 53.5500    0    1.700   1.0000          NULL 
 55.2500    5    5.100   1.0000          evt5
 60.3500    0    0.850   1.0000          NULL 
 61.2000    4    5.100   1.0000          evt4
 66.3000    0    2.550   1.0000          NULL 
 68.8500    2    5.100   1.0000          evt2
 73.9500    0    0.850   1.0000          NULL 
 74.8000    6    5.100   1.0000          evt6
 79.9000    0    0.850   1.0000          NULL 
 80.7500    6    5.100   1.0000          evt6
 85.8500    0    0.850   1.0000          NULL 
 86.7000    3    5.100   1.0000          evt3
 91.8000    0    1.700   1.0000          NULL 
 93.5000    3    5.100   1.0000          evt3
 98.6000    0    1.700   1.0000          NULL 
100.3000    6    5.100   1.0000          evt6
105.4000    0    1.700   1.0000          NULL 
107.1000    3    5.100   1.0000          evt3
112.2000    0    0.850   1.0000          NULL 
113.0499    3    5.100   1.0000          evt3
118.1499    0    1.700   1.0000          NULL 
119.8499    5    5.100   1.0000          evt5
124.9499    0    1.700   1.0000          NULL 
126.6499    1    5.100   1.0000          evt1
131.7499    0    0.850   1.0000          NULL 
132.5999    3    5.100   1.0000          evt3
137.7000    0    0.850   1.0000          NULL 
138.5500    1    5.100   1.0000          evt1
143.6500    0    0.850   1.0000          NULL 
144.5000    3    5.100   1.0000          evt3
149.6000    0    0.850   1.0000          NULL 
150.4500    3    5.100   1.0000          evt3
155.5500    0    0.850   1.0000          NULL 
156.4000    4    5.100   1.0000          evt4
161.5000    0    1.700   1.0000          NULL 
163.2000    4    5.100   1.0000          evt4
168.3000    0    2.550   1.0000          NULL 
170.8500    4    5.100   1.0000          evt4
175.9500    0    0.850   1.0000          NULL 
176.8000    6    5.100   1.0000          evt6
181.9001    0    0.850   1.0000          NULL 
182.7501    6    5.100   1.0000          evt6
187.8501    0    1.700   1.0000          NULL 
189.5501    4    5.100   1.0000          evt4
194.6501    0    0.850   1.0000          NULL 
195.5001    1    5.100   1.0000          evt1
200.6001    0    0.850   1.0000          NULL 
201.4501    2    5.100   1.0000          evt2
206.5501    0    0.850   1.0000          NULL 
207.4001    1    5.100   1.0000          evt1
212.5001    0    0.850   1.0000          NULL 
213.3501    4    5.100   1.0000          evt4
218.4501    0    1.700   1.0000          NULL 
220.1501    2    5.100   1.0000          evt2
225.2502    0    0.850   1.0000          NULL 
226.1002    2    5.100   1.0000          evt2
231.2002    0    1.700   1.0000          NULL 
232.9002    5    5.100   1.0000          evt5
238.0002    0    2.550   1.0000          NULL 
240.5502    1    5.100   1.0000          evt1
245.6502    0    3.400   1.0000          NULL 
249.0502    6    5.100   1.0000          evt6
254.1502    0    0.850   1.0000          NULL 
255.0002    4    5.100   1.0000          evt4
260.1003    0    2.550   1.0000          NULL 
262.6503    3    5.100   1.0000          evt3
267.7503    0    3.400   1.0000          NULL 
271.1503    5    5.100   1.0000          evt5
276.2503    0    0.850   1.0000          NULL 
277.1003    3    5.100   1.0000          evt3
282.2003    0    0.850   1.0000          NULL 
283.0503    4    5.100   1.0000          evt4
288.1503    0    1.700   1.0000          NULL 
289.8503    5    5.100   1.0000          evt5
294.9503    0    0.850   1.0000          NULL 
295.8004    1    5.100   1.0000          evt1
300.9004    0    0.850   1.0000          NULL 
301.7504    6    5.100   1.0000          evt6
306.8504    0    1.700   1.0000          NULL 
308.5504    4    5.100   1.0000          evt4
313.6504    0    1.700   1.0000          NULL 
315.3504    3    5.100   1.0000          evt3
320.4504    0    3.400   1.0000          NULL 
323.8504    6    5.100   1.0000          evt6
328.9504    0    1.700   1.0000          NULL 
330.6505    1    5.100   1.0000          evt1
335.7505    0    0.850   1.0000          NULL 
336.6005    6    5.100   1.0000          evt6
341.7005    0    3.400   1.0000          NULL 
345.1005    4    5.100   1.0000          evt4
350.2005    0    4.250   1.0000          NULL 
354.4505    3    5.100   1.0000          evt3
359.5505    0    0.849   1.0000          NULL 
