  0.0000    3    5.100   1.0000          evt3
  5.1000    0    2.550   1.0000          NULL 
  7.6500    6    5.100   1.0000          evt6
 12.7500    0    0.850   1.0000          NULL 
 13.6000    1    5.100   1.0000          evt1
 18.7000    0    0.850   1.0000          NULL 
 19.5500    3    5.100   1.0000          evt3
 24.6500    0    0.850   1.0000          NULL 
 25.5000    4    5.100   1.0000          evt4
 30.6000    0    1.700   1.0000          NULL 
 32.3000    1    5.100   1.0000          evt1
 37.4000    0    0.850   1.0000          NULL 
 38.2500    4    5.100   1.0000          evt4
 43.3500    0    0.850   1.0000          NULL 
 44.2000    3    5.100   1.0000          evt3
 49.3000    0    3.400   1.0000          NULL 
 52.7000    4    5.100   1.0000          evt4
 57.8000    0    0.850   1.0000          NULL 
 58.6500    1    5.100   1.0000          evt1
 63.7500    0    0.850   1.0000          NULL 
 64.6000    6    5.100   1.0000          evt6
 69.7000    0    1.700   1.0000          NULL 
 71.4000    1    5.100   1.0000          evt1
 76.5000    0    1.700   1.0000          NULL 
 78.2000    1    5.100   1.0000          evt1
 83.3000    0    4.250   1.0000          NULL 
 87.5500    2    5.100   1.0000          evt2
 92.6500    0    2.550   1.0000          NULL 
 95.2000    6    5.100   1.0000          evt6
100.3000    0    2.550   1.0000          NULL 
102.8500    3    5.100   1.0000          evt3
107.9500    0    1.700   1.0000          NULL 
109.6499    6    5.100   1.0000          evt6
114.7499    0    3.400   1.0000          NULL 
118.1499    4    5.100   1.0000          evt4
123.2499    0    1.700   1.0000          NULL 
124.9499    4    5.100   1.0000          evt4
130.0499    0    0.850   1.0000          NULL 
130.8999    3    5.100   1.0000          evt3
136.0000    0    1.700   1.0000          NULL 
137.7000    5    5.100   1.0000          evt5
142.8000    0    0.850   1.0000          NULL 
143.6500    4    5.100   1.0000          evt4
148.7500    0    0.850   1.0000          NULL 
149.6000    1    5.100   1.0000          evt1
154.7000    0    0.850   1.0000          NULL 
155.5500    2    5.100   1.0000          evt2
160.6500    0    0.850   1.0000          NULL 
161.5000    4    5.100   1.0000          evt4
166.6000    0    3.400   1.0000          NULL 
170.0000    1    5.100   1.0000          evt1
175.1001    0    2.550   1.0000          NULL 
177.6501    2    5.100   1.0000          evt2
182.7501    0    0.850   1.0000          NULL 
183.6001    1    5.100   1.0000          evt1
188.7001    0    0.850   1.0000          NULL 
189.5501    3    5.100   1.0000          evt3
194.6501    0    0.850   1.0000          NULL 
195.5001    6    5.100   1.0000          evt6
200.6001    0    2.550   1.0000          NULL 
203.1501    1    5.100   1.0000          evt1
208.2501    0    0.850   1.0000          NULL 
209.1001    4    5.100   1.0000          evt4
214.2001    0    1.700   1.0000          NULL 
215.9002    5    5.100   1.0000          evt5
221.0002    0    0.850   1.0000          NULL 
221.8502    4    5.100   1.0000          evt4
226.9502    0    1.700   1.0000          NULL 
228.6502    6    5.100   1.0000          evt6
233.7502    0    0.850   1.0000          NULL 
234.6002    6    5.100   1.0000          evt6
239.7002    0    1.700   1.0000          NULL 
241.4002    5    5.100   1.0000          evt5
246.5002    0    2.550   1.0000          NULL 
249.0502    1    5.100   1.0000          evt1
254.1503    0    0.850   1.0000          NULL 
255.0003    4    5.100   1.0000          evt4
260.1003    0    1.700   1.0000          NULL 
261.8003    2    5.100   1.0000          evt2
266.9003    0    0.850   1.0000          NULL 
267.7503    5    5.100   1.0000          evt5
272.8503    0    2.550   1.0000          NULL 
275.4003    3    5.100   1.0000          evt3
280.5003    0    0.850   1.0000          NULL 
281.3503    4    5.100   1.0000          evt4
286.4503    0    1.700   1.0000          NULL 
288.1503    1    5.100   1.0000          evt1
293.2503    0    0.850   1.0000          NULL 
294.1003    6    5.100   1.0000          evt6
299.2003    0    2.550   1.0000          NULL 
301.7504    3    5.100   1.0000          evt3
306.8504    0    3.400   1.0000          NULL 
310.2504    3    5.100   1.0000          evt3
315.3504    0    0.850   1.0000          NULL 
316.2004    6    5.100   1.0000          evt6
321.3004    0    0.850   1.0000          NULL 
322.1504    6    5.100   1.0000          evt6
327.2504    0    0.850   1.0000          NULL 
328.1004    3    5.100   1.0000          evt3
333.2004    0    0.850   1.0000          NULL 
334.0504    6    5.100   1.0000          evt6
339.1505    0    3.400   1.0000          NULL 
342.5505    3    5.100   1.0000          evt3
347.6505    0    0.850   1.0000          NULL 
348.5005    5    5.100   1.0000          evt5
353.6005    0    0.850   1.0000          NULL 
354.4505    2    5.100   1.0000          evt2
359.5505    0    0.850   1.0000          NULL 
