  0.0000    3    5.100   1.0000          evt3
  5.1000    0    1.700   1.0000          NULL 
  6.8000    4    5.100   1.0000          evt4
 11.9000    0    1.700   1.0000          NULL 
 13.6000    6    5.100   1.0000          evt6
 18.7000    0    0.850   1.0000          NULL 
 19.5500    1    5.100   1.0000          evt1
 24.6500    0    2.550   1.0000          NULL 
 27.2000    4    5.100   1.0000          evt4
 32.3000    0    1.700   1.0000          NULL 
 34.0000    6    5.100   1.0000          evt6
 39.1000    0    0.850   1.0000          NULL 
 39.9500    3    5.100   1.0000          evt3
 45.0500    0    0.850   1.0000          NULL 
 45.9000    3    5.100   1.0000          evt3
 51.0000    0    0.850   1.0000          NULL 
 51.8500    3    5.100   1.0000          evt3
 56.9500    0    0.850   1.0000          NULL 
 57.8000    6    5.100   1.0000          evt6
 62.9000    0    1.700   1.0000          NULL 
 64.6000    4    5.100   1.0000          evt4
 69.7000    0    0.850   1.0000          NULL 
 70.5500    1    5.100   1.0000          evt1
 75.6500    0    2.550   1.0000          NULL 
 78.2000    4    5.100   1.0000          evt4
 83.3000    0    0.850   1.0000          NULL 
 84.1500    5    5.100   1.0000          evt5
 89.2500    0    2.550   1.0000          NULL 
 91.8000    6    5.100   1.0000          evt6
 96.9000    0    3.400   1.0000          NULL 
100.3000    4    5.100   1.0000          evt4
105.4000    0    3.400   1.0000          NULL 
108.7999    6    5.100   1.0000          evt6
113.8999    0    0.850   1.0000          NULL 
114.7499    1    5.100   1.0000          evt1
119.8499    0    0.850   1.0000          NULL 
120.6999    1    5.100   1.0000          evt1
125.7999    0    1.700   1.0000          NULL 
127.4999    1    5.100   1.0000          evt1
132.5999    0    1.700   1.0000          NULL 
134.3000    4    5.100   1.0000          evt4
139.4000    0    0.850   1.0000          NULL 
140.2500    1    5.100   1.0000          evt1
145.3500    0    0.850   1.0000          NULL 
146.2000    4    5.100   1.0000          evt4
151.3000    0    0.850   1.0000          NULL 
152.1500    3    5.100   1.0000          evt3
157.2500    0    1.700   1.0000          NULL 
158.9500    1    5.100   1.0000          evt1
164.0500    0    1.700   1.0000          NULL 
165.7500    3    5.100   1.0000          evt3
170.8500    0    0.850   1.0000          NULL 
171.7000    1    5.100   1.0000          evt1
176.8000    0    3.400   1.0000          NULL 
180.2001    6    5.100   1.0000          evt6
185.3001    0    2.550   1.0000          NULL 
187.8501    1    5.100   1.0000          evt1
192.9501    0    0.850   1.0000          NULL 
193.8001    6    5.100   1.0000          evt6
198.9001    0    0.850   1.0000          NULL 
199.7501    3    5.100   1.0000          evt3
204.8501    0    0.850   1.0000          NULL 
205.7001    4    5.100   1.0000          evt4
210.8001    0    1.700   1.0000          NULL 
212.5002    4    5.100   1.0000          evt4
217.6002    0    0.850   1.0000          NULL 
218.4502    3    5.100   1.0000          evt3
223.5502    0    0.850   1.0000          NULL 
224.4002    2    5.100   1.0000          evt2
229.5002    0    0.850   1.0000          NULL 
230.3502    3    5.100   1.0000          evt3
235.4502    0    4.250   1.0000          NULL 
239.7002    1    5.100   1.0000          evt1
244.8002    0    2.550   1.0000          NULL 
247.3503    5    5.100   1.0000          evt5
252.4503    0    3.400   1.0000          NULL 
255.8503    2    5.100   1.0000          evt2
260.9503    0    0.850   1.0000          NULL 
261.8003    6    5.100   1.0000          evt6
266.9003    0    1.700   1.0000          NULL 
268.6003    2    5.100   1.0000          evt2
273.7003    0    2.550   1.0000          NULL 
276.2503    6    5.100   1.0000          evt6
281.3503    0    0.850   1.0000          NULL 
282.2003    4    5.100   1.0000          evt4
287.3004    0    1.700   1.0000          NULL 
289.0004    6    5.100   1.0000          evt6
294.1004    0    1.700   1.0000          NULL 
295.8004    5    5.100   1.0000          evt5
300.9004    0    0.850   1.0000          NULL 
301.7504    1    5.100   1.0000          evt1
306.8504    0    2.550   1.0000          NULL 
309.4004    3    5.100   1.0000          evt3
314.5004    0    0.850   1.0000          NULL 
315.3504    2    5.100   1.0000          evt2
320.4504    0    0.850   1.0000          NULL 
321.3004    5    5.100   1.0000          evt5
326.4005    0    1.700   1.0000          NULL 
328.1005    5    5.100   1.0000          evt5
333.2005    0    1.700   1.0000          NULL 
334.9005    4    5.100   1.0000          evt4
340.0005    0    1.700   1.0000          NULL 
341.7005    2    5.100   1.0000          evt2
346.8005    0    1.700   1.0000          NULL 
348.5005    6    5.100   1.0000          evt6
353.6005    0    0.850   1.0000          NULL 
354.4505    3    5.100   1.0000          evt3
359.5505    0    0.849   1.0000          NULL 
