  0.0000    4    5.100   1.0000          evt4
  5.1000    0    1.700   1.0000          NULL 
  6.8000    1    5.100   1.0000          evt1
 11.9000    0    2.550   1.0000          NULL 
 14.4500    3    5.100   1.0000          evt3
 19.5500    0    1.700   1.0000          NULL 
 21.2500    2    5.100   1.0000          evt2
 26.3500    0    0.850   1.0000          NULL 
 27.2000    6    5.100   1.0000          evt6
 32.3000    0    0.850   1.0000          NULL 
 33.1500    1    5.100   1.0000          evt1
 38.2500    0    0.850   1.0000          NULL 
 39.1000    3    5.100   1.0000          evt3
 44.2000    0    4.250   1.0000          NULL 
 48.4500    4    5.100   1.0000          evt4
 53.5500    0    0.850   1.0000          NULL 
 54.4000    4    5.100   1.0000          evt4
 59.5000    0    0.850   1.0000          NULL 
 60.3500    1    5.100   1.0000          evt1
 65.4500    0    0.850   1.0000          NULL 
 66.3000    2    5.100   1.0000          evt2
 71.4000    0    0.850   1.0000          NULL 
 72.2500    4    5.100   1.0000          evt4
 77.3500    0    1.700   1.0000          NULL 
 79.0500    3    5.100   1.0000          evt3
 84.1500    0    2.550   1.0000          NULL 
 86.7000    2    5.100   1.0000          evt2
 91.8000    0    0.850   1.0000          NULL 
 92.6500    5    5.100   1.0000          evt5
 97.7500    0    3.400   1.0000          NULL 
101.1500    1    5.100   1.0000          evt1
106.2500    0    1.700   1.0000          NULL 
107.9500    3    5.100   1.0000          evt3
113.0499    0    0.850   1.0000          NULL 
113.8999    4    5.100   1.0000          evt4
118.9999    0    0.850   1.0000          NULL 
119.8499    3    5.100   1.0000          evt3
124.9499    0    0.850   1.0000          NULL 
125.7999    6    5.100   1.0000          evt6
130.8999    0    0.850   1.0000          NULL 
131.7500    3    5.100   1.0000          evt3
136.8500    0    0.850   1.0000          NULL 
137.7000    3    5.100   1.0000          evt3
142.8000    0    0.850   1.0000          NULL 
143.6500    4    5.100   1.0000          evt4
148.7500    0    1.700   1.0000          NULL 
150.4500    1    5.100   1.0000          evt1
155.5500    0    2.550   1.0000          NULL 
158.1000    6    5.100   1.0000          evt6
163.2000    0    4.250   1.0000          NULL 
167.4501    4    5.100   1.0000          evt4
172.5501    0    5.100   1.0000          NULL 
177.6501    1    5.100   1.0000          evt1
182.7501    0    0.850   1.0000          NULL 
183.6001    2    5.100   1.0000          evt2
188.7001    0    2.550   1.0000          NULL 
191.2501    5    5.100   1.0000          evt5
196.3501    0    0.850   1.0000          NULL 
197.2001    1    5.100   1.0000          evt1
202.3002    0    0.850   1.0000          NULL 
203.1502    1    5.100   1.0000          evt1
208.2502    0    1.700   1.0000          NULL 
209.9502    5    5.100   1.0000          evt5
215.0502    0    0.850   1.0000          NULL 
215.9002    6    5.100   1.0000          evt6
221.0002    0    1.700   1.0000          NULL 
222.7002    1    5.100   1.0000          evt1
227.8002    0    1.700   1.0000          NULL 
229.5002    6    5.100   1.0000          evt6
234.6002    0    1.700   1.0000          NULL 
236.3002    3    5.100   1.0000          evt3
241.4003    0    0.850   1.0000          NULL 
242.2503    3    5.100   1.0000          evt3
247.3503    0    0.850   1.0000          NULL 
248.2003    1    5.100   1.0000          evt1
253.3003    0    3.400   1.0000          NULL 
256.7003    6    5.100   1.0000          evt6
261.8003    0    0.850   1.0000          NULL 
262.6503    6    5.100   1.0000          evt6
267.7503    0    2.550   1.0000          NULL 
270.3003    4    5.100   1.0000          evt4
275.4003    0    0.850   1.0000          NULL 
276.2503    2    5.100   1.0000          evt2
281.3503    0    0.850   1.0000          NULL 
282.2003    1    5.100   1.0000          evt1
287.3004    0    0.850   1.0000          NULL 
288.1504    4    5.100   1.0000          evt4
293.2504    0    0.850   1.0000          NULL 
294.1004    4    5.100   1.0000          evt4
299.2004    0    0.850   1.0000          NULL 
300.0504    3    5.100   1.0000          evt3
305.1504    0    2.550   1.0000          NULL 
307.7004    4    5.100   1.0000          evt4
312.8004    0    0.850   1.0000          NULL 
313.6504    5    5.100   1.0000          evt5
318.7504    0    0.850   1.0000          NULL 
319.6004    6    5.100   1.0000          evt6
324.7004    0    3.400   1.0000          NULL 
328.1005    3    5.100   1.0000          evt3
333.2005    0    0.850   1.0000          NULL 
334.0505    6    5.100   1.0000          evt6
339.1505    0    0.850   1.0000          NULL 
340.0005    6    5.100   1.0000          evt6
345.1005    0    1.700   1.0000          NULL 
346.8005    5    5.100   1.0000          evt5
351.9005    0    0.850   1.0000          NULL 
352.7505    6    5.100   1.0000          evt6
357.8505    0    2.549   1.0000          NULL 
