  0.0000    1    5.100   1.0000          evt1
  5.1000    0    1.700   1.0000          NULL 
  6.8000    3    5.100   1.0000          evt3
 11.9000    0    0.850   1.0000          NULL 
 12.7500    6    5.100   1.0000          evt6
 17.8500    0    4.250   1.0000          NULL 
 22.1000    4    5.100   1.0000          evt4
 27.2000    0    1.700   1.0000          NULL 
 28.9000    4    5.100   1.0000          evt4
 34.0000    0    0.850   1.0000          NULL 
 34.8500    4    5.100   1.0000          evt4
 39.9500    0    1.700   1.0000          NULL 
 41.6500    1    5.100   1.0000          evt1
 46.7500    0    1.700   1.0000          NULL 
 48.4500    2    5.100   1.0000          evt2
 53.5500    0    0.850   1.0000          NULL 
 54.4000    4    5.100   1.0000          evt4
 59.5000    0    0.850   1.0000          NULL 
 60.3500    4    5.100   1.0000          evt4
 65.4500    0    0.850   1.0000          NULL 
 66.3000    4    5.100   1.0000          evt4
 71.4000    0    0.850   1.0000          NULL 
 72.2500    3    5.100   1.0000          evt3
 77.3500    0    2.550   1.0000          NULL 
 79.9000    3    5.100   1.0000          evt3
 85.0000    0    2.550   1.0000          NULL 
 87.5500    6    5.100   1.0000          evt6
 92.6500    0    4.250   1.0000          NULL 
 96.9000    6    5.100   1.0000          evt6
102.0000    0    0.850   1.0000          NULL 
102.8500    3    5.100   1.0000          evt3
107.9500    0    0.850   1.0000          NULL 
108.8000    1    5.100   1.0000          evt1
113.9000    0    2.550   1.0000          NULL 
116.4500    1    5.100   1.0000          evt1
121.5499    0    1.700   1.0000          NULL 
123.2499    4    5.100   1.0000          evt4
128.3499    0    0.850   1.0000          NULL 
129.2000    3    5.100   1.0000          evt3
134.3000    0    0.850   1.0000          NULL 
135.1500    6    5.100   1.0000          evt6
140.2500    0    2.550   1.0000          NULL 
142.8000    1    5.100   1.0000          evt1
147.9000    0    0.850   1.0000          NULL 
148.7500    6    5.100   1.0000          evt6
153.8500    0    2.550   1.0000          NULL 
156.4000    3    5.100   1.0000          evt3
161.5000    0    2.550   1.0000          NULL 
164.0500    3    5.100   1.0000          evt3
169.1501    0    1.700   1.0000          NULL 
170.8501    4    5.100   1.0000          evt4
175.9501    0    0.850   1.0000          NULL 
176.8001    5    5.100   1.0000          evt5
181.9001    0    0.850   1.0000          NULL 
182.7501    4    5.100   1.0000          evt4
187.8501    0    0.850   1.0000          NULL 
188.7001    1    5.100   1.0000          evt1
193.8001    0    1.700   1.0000          NULL 
195.5001    6    5.100   1.0000          evt6
200.6001    0    3.400   1.0000          NULL 
204.0002    3    5.100   1.0000          evt3
209.1002    0    0.850   1.0000          NULL 
209.9502    4    5.100   1.0000          evt4
215.0502    0    0.850   1.0000          NULL 
215.9002    4    5.100   1.0000          evt4
221.0002    0    0.850   1.0000          NULL 
221.8502    5    5.100   1.0000          evt5
226.9502    0    0.850   1.0000          NULL 
227.8002    2    5.100   1.0000          evt2
232.9002    0    0.850   1.0000          NULL 
233.7502    2    5.100   1.0000          evt2
238.8502    0    0.850   1.0000          NULL 
239.7002    1    5.100   1.0000          evt1
244.8002    0    0.850   1.0000          NULL 
245.6502    6    5.100   1.0000          evt6
250.7502    0    0.850   1.0000          NULL 
251.6003    5    5.100   1.0000          evt5
256.7003    0    0.850   1.0000          NULL 
257.5503    2    5.100   1.0000          evt2
262.6503    0    0.850   1.0000          NULL 
263.5003    6    5.100   1.0000          evt6
268.6003    0    1.700   1.0000          NULL 
270.3003    3    5.100   1.0000          evt3
275.4003    0    0.850   1.0000          NULL 
276.2503    2    5.100   1.0000          evt2
281.3503    0    3.400   1.0000          NULL 
284.7503    1    5.100   1.0000          evt1
289.8503    0    0.850   1.0000          NULL 
290.7003    6    5.100   1.0000          evt6
295.8004    0    1.700   1.0000          NULL 
297.5004    1    5.100   1.0000          evt1
302.6004    0    2.550   1.0000          NULL 
305.1504    3    5.100   1.0000          evt3
310.2504    0    3.400   1.0000          NULL 
313.6504    1    5.100   1.0000          evt1
318.7504    0    2.550   1.0000          NULL 
321.3004    6    5.100   1.0000          evt6
326.4005    0    0.850   1.0000          NULL 
327.2505    6    5.100   1.0000          evt6
332.3505    0    0.850   1.0000          NULL 
333.2005    5    5.100   1.0000          evt5
338.3005    0    0.850   1.0000          NULL 
339.1505    3    5.100   1.0000          evt3
344.2505    0    3.400   1.0000          NULL 
347.6505    5    5.100   1.0000          evt5
352.7505    0    1.700   1.0000          NULL 
354.4505    1    5.100   1.0000          evt1
359.5505    0    0.849   1.0000          NULL 
