  0.0000    5    5.100   1.0000          evt5
  5.1000    0    0.850   1.0000          NULL 
  5.9500    2    5.100   1.0000          evt2
 11.0500    0    0.850   1.0000          NULL 
 11.9000    6    5.100   1.0000          evt6
 17.0000    0    2.550   1.0000          NULL 
 19.5500    4    5.100   1.0000          evt4
 24.6500    0    0.850   1.0000          NULL 
 25.5000    1    5.100   1.0000          evt1
 30.6000    0    2.550   1.0000          NULL 
 33.1500    2    5.100   1.0000          evt2
 38.2500    0    0.850   1.0000          NULL 
 39.1000    1    5.100   1.0000          evt1
 44.2000    0    0.850   1.0000          NULL 
 45.0500    5    5.100   1.0000          evt5
 50.1500    0    0.850   1.0000          NULL 
 51.0000    2    5.100   1.0000          evt2
 56.1000    0    0.850   1.0000          NULL 
 56.9500    4    5.100   1.0000          evt4
 62.0500    0    2.550   1.0000          NULL 
 64.6000    1    5.100   1.0000          evt1
 69.7000    0    0.850   1.0000          NULL 
 70.5500    6    5.100   1.0000          evt6
 75.6500    0    0.850   1.0000          NULL 
 76.5000    3    5.100   1.0000          evt3
 81.6000    0    1.700   1.0000          NULL 
 83.3000    5    5.100   1.0000          evt5
 88.4000    0    1.700   1.0000          NULL 
 90.1000    6    5.100   1.0000          evt6
 95.2000    0    0.850   1.0000          NULL 
 96.0500    3    5.100   1.0000          evt3
101.1500    0    0.850   1.0000          NULL 
102.0000    1    5.100   1.0000          evt1
107.1000    0    0.850   1.0000          NULL 
107.9500    6    5.100   1.0000          evt6
113.0500    0    0.850   1.0000          NULL 
113.9000    1    5.100   1.0000          evt1
119.0000    0    1.700   1.0000          NULL 
120.7000    4    5.100   1.0000          evt4
125.7999    0    0.850   1.0000          NULL 
126.6499    3    5.100   1.0000          evt3
131.7500    0    0.850   1.0000          NULL 
132.6000    4    5.100   1.0000          evt4
137.7000    0    0.850   1.0000          NULL 
138.5500    4    5.100   1.0000          evt4
143.6500    0    0.850   1.0000          NULL 
144.5000    6    5.100   1.0000          evt6
149.6000    0    0.850   1.0000          NULL 
150.4500    1    5.100   1.0000          evt1
155.5500    0    1.700   1.0000          NULL 
157.2500    3    5.100   1.0000          evt3
162.3500    0    0.850   1.0000          NULL 
163.2000    3    5.100   1.0000          evt3
168.3000    0    1.700   1.0000          NULL 
170.0000    1    5.100   1.0000          evt1
175.1001    0    0.850   1.0000          NULL 
175.9501    1    5.100   1.0000          evt1
181.0501    0    0.850   1.0000          NULL 
181.9001    4    5.100   1.0000          evt4
187.0001    0    1.700   1.0000          NULL 
188.7001    5    5.100   1.0000          evt5
193.8001    0    0.850   1.0000          NULL 
194.6501    4    5.100   1.0000          evt4
199.7501    0    0.850   1.0000          NULL 
200.6001    4    5.100   1.0000          evt4
205.7001    0    1.700   1.0000          NULL 
207.4001    3    5.100   1.0000          evt3
212.5001    0    2.550   1.0000          NULL 
215.0502    6    5.100   1.0000          evt6
220.1502    0    5.100   1.0000          NULL 
225.2502    1    5.100   1.0000          evt1
230.3502    0    0.850   1.0000          NULL 
231.2002    6    5.100   1.0000          evt6
236.3002    0    3.400   1.0000          NULL 
239.7002    5    5.100   1.0000          evt5
244.8002    0    0.850   1.0000          NULL 
245.6503    6    5.100   1.0000          evt6
250.7503    0    1.700   1.0000          NULL 
252.4503    3    5.100   1.0000          evt3
257.5503    0    0.850   1.0000          NULL 
258.4003    6    5.100   1.0000          evt6
263.5003    0    0.850   1.0000          NULL 
264.3503    3    5.100   1.0000          evt3
269.4503    0    0.850   1.0000          NULL 
270.3003    4    5.100   1.0000          evt4
275.4003    0    5.100   1.0000          NULL 
280.5003    6    5.100   1.0000          evt6
285.6003    0    0.850   1.0000          NULL 
286.4503    3    5.100   1.0000          evt3
291.5504    0    1.700   1.0000          NULL 
293.2504    1    5.100   1.0000          evt1
298.3504    0    0.850   1.0000          NULL 
299.2004    6    5.100   1.0000          evt6
304.3004    0    5.100   1.0000          NULL 
309.4004    3    5.100   1.0000          evt3
314.5004    0    0.850   1.0000          NULL 
315.3504    2    5.100   1.0000          evt2
320.4504    0    1.700   1.0000          NULL 
322.1505    3    5.100   1.0000          evt3
327.2505    0    0.850   1.0000          NULL 
328.1005    4    5.100   1.0000          evt4
333.2005    0    0.850   1.0000          NULL 
334.0505    1    5.100   1.0000          evt1
339.1505    0    6.800   1.0000          NULL 
345.9505    2    5.100   1.0000          evt2
351.0505    0    2.550   1.0000          NULL 
353.6006    4    5.100   1.0000          evt4
358.7006    0    1.699   1.0000          NULL 
