  0.0000    2    5.100   1.0000          evt2
  5.1000    2    5.100   1.0000          evt2
 10.2000    0    0.850   1.0000          NULL 
 11.0500    3    5.100   1.0000          evt3
 16.1500    6    5.100   1.0000          evt6
 21.2500    4    5.100   1.0000          evt4
 26.3500    6    5.100   1.0000          evt6
 31.4500    0    0.850   1.0000          NULL 
 32.3000    3    5.100   1.0000          evt3
 37.4000    1    5.100   1.0000          evt1
 42.5000    0    0.850   1.0000          NULL 
 43.3500    4    5.100   1.0000          evt4
 48.4500    6    5.100   1.0000          evt6
 53.5500    0    0.850   1.0000          NULL 
 54.4000    4    5.100   1.0000          evt4
 59.5000    4    5.100   1.0000          evt4
 64.6000    0    0.850   1.0000          NULL 
 65.4500    4    5.100   1.0000          evt4
 70.5500    0    0.850   1.0000          NULL 
 71.4000    4    5.100   1.0000          evt4
 76.5000    3    5.100   1.0000          evt3
 81.6000    0    1.700   1.0000          NULL 
 83.3000    3    5.100   1.0000          evt3
 88.4000    5    5.100   1.0000          evt5
 93.5000    0    0.850   1.0000          NULL 
 94.3500    1    5.100   1.0000          evt1
 99.4500    0    1.700   1.0000          NULL 
101.1500    2    5.100   1.0000          evt2
106.2500    0    2.550   1.0000          NULL 
108.8000    3    5.100   1.0000          evt3
113.9000    0    2.550   1.0000          NULL 
116.4500    1    5.100   1.0000          evt1
121.5500    0    2.550   1.0000          NULL 
124.1000    6    5.100   1.0000          evt6
129.2000    6    5.100   1.0000          evt6
134.3000    0    1.700   1.0000          NULL 
136.0000    5    5.100   1.0000          evt5
141.1000    0    0.850   1.0000          NULL 
141.9500    6    5.100   1.0000          evt6
147.0500    0    1.700   1.0000          NULL 
148.7500    1    5.100   1.0000          evt1
153.8500    0    2.550   1.0000          NULL 
156.4000    5    5.100   1.0000          evt5
161.5000    0    0.850   1.0000          NULL 
162.3500    1    5.100   1.0000          evt1
167.4500    1    5.100   1.0000          evt1
172.5500    0    3.400   1.0000          NULL 
175.9501    6    5.100   1.0000          evt6
181.0501    0    3.400   1.0000          NULL 
184.4501    3    5.100   1.0000          evt3
189.5501    0    1.700   1.0000          NULL 
191.2501    6    5.100   1.0000          evt6
196.3501    0    0.850   1.0000          NULL 
197.2001    3    5.100   1.0000          evt3
202.3001    0    5.100   1.0000          NULL 
207.4002    1    5.100   1.0000          evt1
212.5002    1    5.100   1.0000          evt1
217.6002    0    1.700   1.0000          NULL 
219.3002    4    5.100   1.0000          evt4
224.4002    0    0.850   1.0000          NULL 
225.2502    1    5.100   1.0000          evt1
230.3502    0    0.850   1.0000          NULL 
231.2002    4    5.100   1.0000          evt4
236.3002    0    2.550   1.0000          NULL 
238.8503    6    5.100   1.0000          evt6
243.9503    0    6.800   1.0000          NULL 
250.7503    6    5.100   1.0000          evt6
255.8503    0    0.850   1.0000          NULL 
256.7003    4    5.100   1.0000          evt4
261.8003    0    5.950   1.0000          NULL 
267.7504    6    5.100   1.0000          evt6
272.8504    0    1.700   1.0000          NULL 
274.5504    3    5.100   1.0000          evt3
279.6504    0    0.850   1.0000          NULL 
280.5004    5    5.100   1.0000          evt5
285.6004    0    0.850   1.0000          NULL 
286.4504    4    5.100   1.0000          evt4
291.5504    0    2.550   1.0000          NULL 
294.1004    2    5.100   1.0000          evt2
299.2004    0    5.100   1.0000          NULL 
304.3005    2    5.100   1.0000          evt2
309.4005    0    2.550   1.0000          NULL 
311.9505    1    5.100   1.0000          evt1
317.0505    3    5.100   1.0000          evt3
322.1505    0    2.550   1.0000          NULL 
324.7005    1    5.100   1.0000          evt1
329.8005    0    1.700   1.0000          NULL 
331.5005    3    5.100   1.0000          evt3
336.6006    3    5.100   1.0000          evt3
341.7006    0    1.700   1.0000          NULL 
343.4006    4    5.100   1.0000          evt4
348.5006    0    2.550   1.0000          NULL 
351.0506    5    5.100   1.0000          evt5
356.1506    0    4.249   1.0000          NULL 
