  0.0000    4    5.100   1.0000          evt4
  5.1000    0    1.700   1.0000          NULL 
  6.8000    4    5.100   1.0000          evt4
 11.9000    0    0.850   1.0000          NULL 
 12.7500    3    5.100   1.0000          evt3
 17.8500    0    0.850   1.0000          NULL 
 18.7000    4    5.100   1.0000          evt4
 23.8000    0    0.850   1.0000          NULL 
 24.6500    5    5.100   1.0000          evt5
 29.7500    0    1.700   1.0000          NULL 
 31.4500    3    5.100   1.0000          evt3
 36.5500    0    0.850   1.0000          NULL 
 37.4000    4    5.100   1.0000          evt4
 42.5000    0    1.700   1.0000          NULL 
 44.2000    1    5.100   1.0000          evt1
 49.3000    0    1.700   1.0000          NULL 
 51.0000    2    5.100   1.0000          evt2
 56.1000    0    0.850   1.0000          NULL 
 56.9500    6    5.100   1.0000          evt6
 62.0500    0    3.400   1.0000          NULL 
 65.4500    3    5.100   1.0000          evt3
 70.5500    0    1.700   1.0000          NULL 
 72.2500    6    5.100   1.0000          evt6
 77.3500    0    1.700   1.0000          NULL 
 79.0500    1    5.100   1.0000          evt1
 84.1500    0    0.850   1.0000          NULL 
 85.0000    1    5.100   1.0000          evt1
 90.1000    0    0.850   1.0000          NULL 
 90.9500    1    5.100   1.0000          evt1
 96.0500    0    0.850   1.0000          NULL 
 96.9000    1    5.100   1.0000          evt1
102.0000    0    1.700   1.0000          NULL 
103.7000    4    5.100   1.0000          evt4
108.8000    0    0.850   1.0000          NULL 
109.6500    4    5.100   1.0000          evt4
114.7500    0    1.700   1.0000          NULL 
116.4500    3    5.100   1.0000          evt3
121.5499    0    0.850   1.0000          NULL 
122.3999    3    5.100   1.0000          evt3
127.4999    0    0.850   1.0000          NULL 
128.3499    5    5.100   1.0000          evt5
133.4500    0    3.400   1.0000          NULL 
136.8500    3    5.100   1.0000          evt3
141.9500    0    0.850   1.0000          NULL 
142.8000    4    5.100   1.0000          evt4
147.9000    0    5.100   1.0000          NULL 
153.0000    4    5.100   1.0000          evt4
158.1000    0    2.550   1.0000          NULL 
160.6501    4    5.100   1.0000          evt4
165.7501    0    3.400   1.0000          NULL 
169.1501    5    5.100   1.0000          evt5
174.2501    0    1.700   1.0000          NULL 
175.9501    6    5.100   1.0000          evt6
181.0501    0    3.400   1.0000          NULL 
184.4501    5    5.100   1.0000          evt5
189.5501    0    0.850   1.0000          NULL 
190.4001    2    5.100   1.0000          evt2
195.5002    0    0.850   1.0000          NULL 
196.3502    6    5.100   1.0000          evt6
201.4502    0    1.700   1.0000          NULL 
203.1502    1    5.100   1.0000          evt1
208.2502    0    2.550   1.0000          NULL 
210.8002    1    5.100   1.0000          evt1
215.9002    0    0.850   1.0000          NULL 
216.7502    3    5.100   1.0000          evt3
221.8502    0    4.250   1.0000          NULL 
226.1003    2    5.100   1.0000          evt2
231.2003    0    0.850   1.0000          NULL 
232.0503    6    5.100   1.0000          evt6
237.1503    0    1.700   1.0000          NULL 
238.8503    2    5.100   1.0000          evt2
243.9503    0    2.550   1.0000          NULL 
246.5003    6    5.100   1.0000          evt6
251.6003    0    0.850   1.0000          NULL 
252.4503    6    5.100   1.0000          evt6
257.5503    0    1.700   1.0000          NULL 
259.2503    2    5.100   1.0000          evt2
264.3503    0    0.850   1.0000          NULL 
265.2003    6    5.100   1.0000          evt6
270.3004    0    0.850   1.0000          NULL 
271.1504    6    5.100   1.0000          evt6
276.2504    0    1.700   1.0000          NULL 
277.9504    1    5.100   1.0000          evt1
283.0504    0    1.700   1.0000          NULL 
284.7504    3    5.100   1.0000          evt3
289.8504    0    2.550   1.0000          NULL 
292.4004    4    5.100   1.0000          evt4
297.5004    0    0.850   1.0000          NULL 
298.3504    6    5.100   1.0000          evt6
303.4504    0    1.700   1.0000          NULL 
305.1505    1    5.100   1.0000          evt1
310.2505    0    0.850   1.0000          NULL 
311.1005    3    5.100   1.0000          evt3
316.2005    0    0.850   1.0000          NULL 
317.0505    6    5.100   1.0000          evt6
322.1505    0    1.700   1.0000          NULL 
323.8505    3    5.100   1.0000          evt3
328.9505    0    1.700   1.0000          NULL 
330.6505    1    5.100   1.0000          evt1
335.7505    0    0.850   1.0000          NULL 
336.6005    5    5.100   1.0000          evt5
341.7005    0    0.850   1.0000          NULL 
342.5505    1    5.100   1.0000          evt1
347.6505    0    0.850   1.0000          NULL 
348.5005    3    5.100   1.0000          evt3
353.6006    0    0.850   1.0000          NULL 
354.4506    4    5.100   1.0000          evt4
359.5506    0    0.849   1.0000          NULL 
