  0.0000    5    5.100   1.0000          evt5
  5.1000    0    0.850   1.0000          NULL 
  5.9500    6    5.100   1.0000          evt6
 11.0500    3    5.100   1.0000          evt3
 16.1500    6    5.100   1.0000          evt6
 21.2500    0    1.700   1.0000          NULL 
 22.9500    1    5.100   1.0000          evt1
 28.0500    0    2.550   1.0000          NULL 
 30.6000    1    5.100   1.0000          evt1
 35.7000    0    0.850   1.0000          NULL 
 36.5500    4    5.100   1.0000          evt4
 41.6500    6    5.100   1.0000          evt6
 46.7500    0    0.850   1.0000          NULL 
 47.6000    2    5.100   1.0000          evt2
 52.7000    3    5.100   1.0000          evt3
 57.8000    0    0.850   1.0000          NULL 
 58.6500    3    5.100   1.0000          evt3
 63.7500    0    3.400   1.0000          NULL 
 67.1500    3    5.100   1.0000          evt3
 72.2500    0    0.850   1.0000          NULL 
 73.1000    4    5.100   1.0000          evt4
 78.2000    5    5.100   1.0000          evt5
 83.3000    0    1.700   1.0000          NULL 
 85.0000    3    5.100   1.0000          evt3
 90.1000    0    3.400   1.0000          NULL 
 93.5000    5    5.100   1.0000          evt5
 98.6000    4    5.100   1.0000          evt4
103.7000    3    5.100   1.0000          evt3
108.8000    0    6.800   1.0000          NULL 
115.6000    3    5.100   1.0000          evt3
120.7000    0    2.550   1.0000          NULL 
123.2499    3    5.100   1.0000          evt3
128.3499    0    0.850   1.0000          NULL 
129.2000    2    5.100   1.0000          evt2
134.3000    1    5.100   1.0000          evt1
139.4000    0    0.850   1.0000          NULL 
140.2500    6    5.100   1.0000          evt6
145.3500    0    5.100   1.0000          NULL 
150.4500    4    5.100   1.0000          evt4
155.5500    0    2.550   1.0000          NULL 
158.1000    3    5.100   1.0000          evt3
163.2000    0    0.850   1.0000          NULL 
164.0500    6    5.100   1.0000          evt6
169.1501    4    5.100   1.0000          evt4
174.2501    0    4.250   1.0000          NULL 
178.5001    4    5.100   1.0000          evt4
183.6001    6    5.100   1.0000          evt6
188.7001    0    0.850   1.0000          NULL 
189.5501    2    5.100   1.0000          evt2
194.6501    2    5.100   1.0000          evt2
199.7501    0    1.700   1.0000          NULL 
201.4501    4    5.100   1.0000          evt4
206.5501    0    0.850   1.0000          NULL 
207.4001    1    5.100   1.0000          evt1
212.5002    0    0.850   1.0000          NULL 
213.3502    2    5.100   1.0000          evt2
218.4502    0    0.850   1.0000          NULL 
219.3002    4    5.100   1.0000          evt4
224.4002    0    1.700   1.0000          NULL 
226.1002    3    5.100   1.0000          evt3
231.2002    0    0.850   1.0000          NULL 
232.0502    6    5.100   1.0000          evt6
237.1502    6    5.100   1.0000          evt6
242.2502    0    9.350   1.0000          NULL 
251.6003    5    5.100   1.0000          evt5
256.7003    0    0.850   1.0000          NULL 
257.5503    4    5.100   1.0000          evt4
262.6503    0    0.850   1.0000          NULL 
263.5003    1    5.100   1.0000          evt1
268.6003    0    4.250   1.0000          NULL 
272.8503    1    5.100   1.0000          evt1
277.9503    0    1.700   1.0000          NULL 
279.6504    1    5.100   1.0000          evt1
284.7504    0    1.700   1.0000          NULL 
286.4504    6    5.100   1.0000          evt6
291.5504    0    1.700   1.0000          NULL 
293.2504    6    5.100   1.0000          evt6
298.3504    0   10.200   1.0000          NULL 
308.5505    4    5.100   1.0000          evt4
313.6505    0    1.700   1.0000          NULL 
315.3505    4    5.100   1.0000          evt4
320.4505    3    5.100   1.0000          evt3
325.5505    0    1.700   1.0000          NULL 
327.2505    1    5.100   1.0000          evt1
332.3505    1    5.100   1.0000          evt1
337.4505    0    1.700   1.0000          NULL 
339.1505    5    5.100   1.0000          evt5
344.2505    0    0.850   1.0000          NULL 
345.1006    1    5.100   1.0000          evt1
350.2006    6    5.100   1.0000          evt6
355.3006    1    5.100   1.0000          evt1
