  0.0000    3    5.100   1.0000          evt3
  5.1000    0    3.400   1.0000          NULL 
  8.5000    1    5.100   1.0000          evt1
 13.6000    0    1.700   1.0000          NULL 
 15.3000    4    5.100   1.0000          evt4
 20.4000    0    1.700   1.0000          NULL 
 22.1000    6    5.100   1.0000          evt6
 27.2000    0    0.850   1.0000          NULL 
 28.0500    6    5.100   1.0000          evt6
 33.1500    0    0.850   1.0000          NULL 
 34.0000    4    5.100   1.0000          evt4
 39.1000    0    3.400   1.0000          NULL 
 42.5000    4    5.100   1.0000          evt4
 47.6000    0    2.550   1.0000          NULL 
 50.1500    3    5.100   1.0000          evt3
 55.2500    0    0.850   1.0000          NULL 
 56.1000    3    5.100   1.0000          evt3
 61.2000    0    0.850   1.0000          NULL 
 62.0500    3    5.100   1.0000          evt3
 67.1500    0    0.850   1.0000          NULL 
 68.0000    2    5.100   1.0000          evt2
 73.1000    0    0.850   1.0000          NULL 
 73.9500    2    5.100   1.0000          evt2
 79.0500    0    2.550   1.0000          NULL 
 81.6000    3    5.100   1.0000          evt3
 86.7000    0    5.950   1.0000          NULL 
 92.6500    3    5.100   1.0000          evt3
 97.7500    0    0.850   1.0000          NULL 
 98.6000    2    5.100   1.0000          evt2
103.7000    0    1.700   1.0000          NULL 
105.3999    5    5.100   1.0000          evt5
110.4999    0    0.850   1.0000          NULL 
111.3499    4    5.100   1.0000          evt4
116.4499    0    0.850   1.0000          NULL 
117.2999    1    5.100   1.0000          evt1
122.3999    0    0.850   1.0000          NULL 
123.2499    3    5.100   1.0000          evt3
128.3499    0    0.850   1.0000          NULL 
129.2000    6    5.100   1.0000          evt6
134.3000    0    0.850   1.0000          NULL 
135.1500    1    5.100   1.0000          evt1
140.2500    0    0.850   1.0000          NULL 
141.1000    6    5.100   1.0000          evt6
146.2000    0    0.850   1.0000          NULL 
147.0500    4    5.100   1.0000          evt4
152.1500    0    0.850   1.0000          NULL 
153.0000    1    5.100   1.0000          evt1
158.1000    0    2.550   1.0000          NULL 
160.6500    1    5.100   1.0000          evt1
165.7500    0    2.550   1.0000          NULL 
168.3000    5    5.100   1.0000          evt5
173.4001    0    1.700   1.0000          NULL 
175.1001    1    5.100   1.0000          evt1
180.2001    0    1.700   1.0000          NULL 
181.9001    3    5.100   1.0000          evt3
187.0001    0    2.550   1.0000          NULL 
189.5501    6    5.100   1.0000          evt6
194.6501    0    0.850   1.0000          NULL 
195.5001    6    5.100   1.0000          evt6
200.6001    0    0.850   1.0000          NULL 
201.4501    3    5.100   1.0000          evt3
206.5501    0    1.700   1.0000          NULL 
208.2502    1    5.100   1.0000          evt1
213.3502    0    1.700   1.0000          NULL 
215.0502    6    5.100   1.0000          evt6
220.1502    0    0.850   1.0000          NULL 
221.0002    5    5.100   1.0000          evt5
226.1002    0    1.700   1.0000          NULL 
227.8002    4    5.100   1.0000          evt4
232.9002    0    0.850   1.0000          NULL 
233.7502    5    5.100   1.0000          evt5
238.8502    0    5.950   1.0000          NULL 
244.8003    6    5.100   1.0000          evt6
249.9003    0    1.700   1.0000          NULL 
251.6003    6    5.100   1.0000          evt6
256.7003    0    1.700   1.0000          NULL 
258.4003    4    5.100   1.0000          evt4
263.5003    0    0.850   1.0000          NULL 
264.3503    4    5.100   1.0000          evt4
269.4503    0    0.850   1.0000          NULL 
270.3003    2    5.100   1.0000          evt2
275.4003    0    1.700   1.0000          NULL 
277.1003    3    5.100   1.0000          evt3
282.2003    0    2.550   1.0000          NULL 
284.7504    6    5.100   1.0000          evt6
289.8504    0    1.700   1.0000          NULL 
291.5504    1    5.100   1.0000          evt1
296.6504    0    0.850   1.0000          NULL 
297.5004    1    5.100   1.0000          evt1
302.6004    0    1.700   1.0000          NULL 
304.3004    2    5.100   1.0000          evt2
309.4004    0    1.700   1.0000          NULL 
311.1004    4    5.100   1.0000          evt4
316.2004    0    1.700   1.0000          NULL 
317.9005    4    5.100   1.0000          evt4
323.0005    0    0.850   1.0000          NULL 
323.8505    1    5.100   1.0000          evt1
328.9505    0    0.850   1.0000          NULL 
329.8005    4    5.100   1.0000          evt4
334.9005    0    0.850   1.0000          NULL 
335.7505    3    5.100   1.0000          evt3
340.8505    0    0.850   1.0000          NULL 
341.7005    1    5.100   1.0000          evt1
346.8005    0    0.850   1.0000          NULL 
347.6505    5    5.100   1.0000          evt5
352.7505    0    1.700   1.0000          NULL 
354.4505    6    5.100   1.0000          evt6
359.5505    0    0.849   1.0000          NULL 
