  0.0000    6    5.100   1.0000          evt6
  5.1000    0    0.850   1.0000          NULL 
  5.9500    1    5.100   1.0000          evt1
 11.0500    0    0.850   1.0000          NULL 
 11.9000    6    5.100   1.0000          evt6
 17.0000    0    1.700   1.0000          NULL 
 18.7000    6    5.100   1.0000          evt6
 23.8000    0    0.850   1.0000          NULL 
 24.6500    1    5.100   1.0000          evt1
 29.7500    0    0.850   1.0000          NULL 
 30.6000    4    5.100   1.0000          evt4
 35.7000    0    1.700   1.0000          NULL 
 37.4000    1    5.100   1.0000          evt1
 42.5000    0    0.850   1.0000          NULL 
 43.3500    3    5.100   1.0000          evt3
 48.4500    0    1.700   1.0000          NULL 
 50.1500    1    5.100   1.0000          evt1
 55.2500    0    0.850   1.0000          NULL 
 56.1000    1    5.100   1.0000          evt1
 61.2000    0    0.850   1.0000          NULL 
 62.0500    1    5.100   1.0000          evt1
 67.1500    0    1.700   1.0000          NULL 
 68.8500    4    5.100   1.0000          evt4
 73.9500    0    1.700   1.0000          NULL 
 75.6500    2    5.100   1.0000          evt2
 80.7500    0    0.850   1.0000          NULL 
 81.6000    5    5.100   1.0000          evt5
 86.7000    0    1.700   1.0000          NULL 
 88.4000    3    5.100   1.0000          evt3
 93.5000    0    1.700   1.0000          NULL 
 95.2000    3    5.100   1.0000          evt3
100.3000    0    0.850   1.0000          NULL 
101.1500    4    5.100   1.0000          evt4
106.2500    0    0.850   1.0000          NULL 
107.1000    6    5.100   1.0000          evt6
112.2000    0    0.850   1.0000          NULL 
113.0500    2    5.100   1.0000          evt2
118.1500    0    0.850   1.0000          NULL 
119.0000    5    5.100   1.0000          evt5
124.1000    0    0.850   1.0000          NULL 
124.9500    3    5.100   1.0000          evt3
130.0500    0    1.700   1.0000          NULL 
131.7500    4    5.100   1.0000          evt4
136.8500    0    2.550   1.0000          NULL 
139.4000    6    5.100   1.0000          evt6
144.5000    0    0.850   1.0000          NULL 
145.3500    6    5.100   1.0000          evt6
150.4500    0    1.700   1.0000          NULL 
152.1500    3    5.100   1.0000          evt3
157.2500    0    1.700   1.0000          NULL 
158.9500    4    5.100   1.0000          evt4
164.0500    0    0.850   1.0000          NULL 
164.9001    2    5.100   1.0000          evt2
170.0001    0    0.850   1.0000          NULL 
170.8501    4    5.100   1.0000          evt4
175.9501    0    1.700   1.0000          NULL 
177.6501    4    5.100   1.0000          evt4
182.7501    0    1.700   1.0000          NULL 
184.4501    4    5.100   1.0000          evt4
189.5501    0    1.700   1.0000          NULL 
191.2501    5    5.100   1.0000          evt5
196.3501    0    0.850   1.0000          NULL 
197.2001    3    5.100   1.0000          evt3
202.3001    0    0.850   1.0000          NULL 
203.1501    1    5.100   1.0000          evt1
208.2502    0    1.700   1.0000          NULL 
209.9502    3    5.100   1.0000          evt3
215.0502    0    0.850   1.0000          NULL 
215.9002    3    5.100   1.0000          evt3
221.0002    0    4.250   1.0000          NULL 
225.2502    5    5.100   1.0000          evt5
230.3502    0    0.850   1.0000          NULL 
231.2002    1    5.100   1.0000          evt1
236.3002    0    3.400   1.0000          NULL 
239.7003    3    5.100   1.0000          evt3
244.8003    0    1.700   1.0000          NULL 
246.5003    1    5.100   1.0000          evt1
251.6003    0    2.550   1.0000          NULL 
254.1503    3    5.100   1.0000          evt3
259.2503    0    3.400   1.0000          NULL 
262.6503    6    5.100   1.0000          evt6
267.7503    0    2.550   1.0000          NULL 
270.3004    2    5.100   1.0000          evt2
275.4004    0    3.400   1.0000          NULL 
278.8004    1    5.100   1.0000          evt1
283.9004    0    0.850   1.0000          NULL 
284.7504    3    5.100   1.0000          evt3
289.8504    0    0.850   1.0000          NULL 
290.7004    1    5.100   1.0000          evt1
295.8004    0    0.850   1.0000          NULL 
296.6504    6    5.100   1.0000          evt6
301.7504    0    0.850   1.0000          NULL 
302.6004    6    5.100   1.0000          evt6
307.7004    0    1.700   1.0000          NULL 
309.4005    4    5.100   1.0000          evt4
314.5005    0    2.550   1.0000          NULL 
317.0505    4    5.100   1.0000          evt4
322.1505    0    2.550   1.0000          NULL 
324.7005    6    5.100   1.0000          evt6
329.8005    0    2.550   1.0000          NULL 
332.3505    5    5.100   1.0000          evt5
337.4505    0    0.850   1.0000          NULL 
338.3005    2    5.100   1.0000          evt2
343.4005    0    1.700   1.0000          NULL 
345.1006    6    5.100   1.0000          evt6
350.2006    0    3.400   1.0000          NULL 
353.6006    4    5.100   1.0000          evt4
358.7006    0    1.699   1.0000          NULL 
