  0.0000    2    5.100   1.0000          evt2
  5.1000    0    1.700   1.0000          NULL 
  6.8000    4    5.100   1.0000          evt4
 11.9000    0    1.700   1.0000          NULL 
 13.6000    3    5.100   1.0000          evt3
 18.7000    3    5.100   1.0000          evt3
 23.8000    0    1.700   1.0000          NULL 
 25.5000    5    5.100   1.0000          evt5
 30.6000    0    1.700   1.0000          NULL 
 32.3000    2    5.100   1.0000          evt2
 37.4000    0    3.400   1.0000          NULL 
 40.8000    6    5.100   1.0000          evt6
 45.9000    3    5.100   1.0000          evt3
 51.0000    0    4.250   1.0000          NULL 
 55.2500    6    5.100   1.0000          evt6
 60.3500    0    0.850   1.0000          NULL 
 61.2000    3    5.100   1.0000          evt3
 66.3000    0    3.400   1.0000          NULL 
 69.7000    3    5.100   1.0000          evt3
 74.8000    1    5.100   1.0000          evt1
 79.9000    0    2.550   1.0000          NULL 
 82.4500    6    5.100   1.0000          evt6
 87.5500    3    5.100   1.0000          evt3
 92.6500    3    5.100   1.0000          evt3
 97.7500    0    0.850   1.0000          NULL 
 98.6000    5    5.100   1.0000          evt5
103.7000    0    0.850   1.0000          NULL 
104.5500    1    5.100   1.0000          evt1
109.6500    1    5.100   1.0000          evt1
114.7500    0    4.250   1.0000          NULL 
118.9999    6    5.100   1.0000          evt6
124.0999    3    5.100   1.0000          evt3
129.2000    4    5.100   1.0000          evt4
134.3000    0    0.850   1.0000          NULL 
135.1500    4    5.100   1.0000          evt4
140.2500    0    3.400   1.0000          NULL 
143.6500    4    5.100   1.0000          evt4
148.7500    0    1.700   1.0000          NULL 
150.4500    4    5.100   1.0000          evt4
155.5500    3    5.100   1.0000          evt3
160.6500    1    5.100   1.0000          evt1
165.7500    0    2.550   1.0000          NULL 
168.3000    4    5.100   1.0000          evt4
173.4001    4    5.100   1.0000          evt4
178.5001    0    3.400   1.0000          NULL 
181.9001    6    5.100   1.0000          evt6
187.0001    5    5.100   1.0000          evt5
192.1001    1    5.100   1.0000          evt1
197.2001    2    5.100   1.0000          evt2
202.3001    0    0.850   1.0000          NULL 
203.1501    6    5.100   1.0000          evt6
208.2501    0    9.350   1.0000          NULL 
217.6002    5    5.100   1.0000          evt5
222.7002    0    0.850   1.0000          NULL 
223.5502    6    5.100   1.0000          evt6
228.6502    0    0.850   1.0000          NULL 
229.5002    6    5.100   1.0000          evt6
234.6002    0    1.700   1.0000          NULL 
236.3002    2    5.100   1.0000          evt2
241.4002    6    5.100   1.0000          evt6
246.5002    1    5.100   1.0000          evt1
251.6003    4    5.100   1.0000          evt4
256.7003    0    8.500   1.0000          NULL 
265.2003    1    5.100   1.0000          evt1
270.3003    0    0.850   1.0000          NULL 
271.1503    2    5.100   1.0000          evt2
276.2503    5    5.100   1.0000          evt5
281.3503    1    5.100   1.0000          evt1
286.4503    0    1.700   1.0000          NULL 
288.1504    1    5.100   1.0000          evt1
293.2504    1    5.100   1.0000          evt1
298.3504    3    5.100   1.0000          evt3
303.4504    0    2.550   1.0000          NULL 
306.0004    1    5.100   1.0000          evt1
311.1004    0    3.400   1.0000          NULL 
314.5004    4    5.100   1.0000          evt4
319.6004    0    1.700   1.0000          NULL 
321.3004    6    5.100   1.0000          evt6
326.4005    0    0.850   1.0000          NULL 
327.2505    3    5.100   1.0000          evt3
332.3505    0    1.700   1.0000          NULL 
334.0505    4    5.100   1.0000          evt4
339.1505    0    0.850   1.0000          NULL 
340.0005    6    5.100   1.0000          evt6
345.1005    0    8.500   1.0000          NULL 
353.6006    4    5.100   1.0000          evt4
358.7006    0    1.699   1.0000          NULL 
