  0.0000    1    5.100   1.0000          evt1
  5.1000    0    2.550   1.0000          NULL 
  7.6500    3    5.100   1.0000          evt3
 12.7500    0    0.850   1.0000          NULL 
 13.6000    3    5.100   1.0000          evt3
 18.7000    0    0.850   1.0000          NULL 
 19.5500    4    5.100   1.0000          evt4
 24.6500    0    0.850   1.0000          NULL 
 25.5000    4    5.100   1.0000          evt4
 30.6000    0    1.700   1.0000          NULL 
 32.3000    4    5.100   1.0000          evt4
 37.4000    0    0.850   1.0000          NULL 
 38.2500    3    5.100   1.0000          evt3
 43.3500    0    0.850   1.0000          NULL 
 44.2000    3    5.100   1.0000          evt3
 49.3000    0    0.850   1.0000          NULL 
 50.1500    6    5.100   1.0000          evt6
 55.2500    0    0.850   1.0000          NULL 
 56.1000    2    5.100   1.0000          evt2
 61.2000    0    0.850   1.0000          NULL 
 62.0500    4    5.100   1.0000          evt4
 67.1500    0    0.850   1.0000          NULL 
 68.0000    1    5.100   1.0000          evt1
 73.1000    0    0.850   1.0000          NULL 
 73.9500    1    5.100   1.0000          evt1
 79.0500    0    0.850   1.0000          NULL 
 79.9000    3    5.100   1.0000          evt3
 85.0000    0    0.850   1.0000          NULL 
 85.8500    1    5.100   1.0000          evt1
 90.9500    0    0.850   1.0000          NULL 
 91.8000    5    5.100   1.0000          evt5
 96.9000    0    0.850   1.0000          NULL 
 97.7500    6    5.100   1.0000          evt6
102.8500    0    0.850   1.0000          NULL 
103.7000    5    5.100   1.0000          evt5
108.8000    0    0.850   1.0000          NULL 
109.6500    4    5.100   1.0000          evt4
114.7500    0    0.850   1.0000          NULL 
115.6000    3    5.100   1.0000          evt3
120.7000    0    0.850   1.0000          NULL 
121.5500    4    5.100   1.0000          evt4
126.6500    0    1.700   1.0000          NULL 
128.3500    4    5.100   1.0000          evt4
133.4500    0    1.700   1.0000          NULL 
135.1500    1    5.100   1.0000          evt1
140.2500    0    2.550   1.0000          NULL 
142.8000    5    5.100   1.0000          evt5
147.9000    0    0.850   1.0000          NULL 
148.7500    3    5.100   1.0000          evt3
153.8500    0    2.550   1.0000          NULL 
156.4000    3    5.100   1.0000          evt3
161.5000    0    0.850   1.0000          NULL 
162.3501    1    5.100   1.0000          evt1
167.4501    0    0.850   1.0000          NULL 
168.3001    2    5.100   1.0000          evt2
173.4001    0    3.400   1.0000          NULL 
176.8001    4    5.100   1.0000          evt4
181.9001    0    1.700   1.0000          NULL 
183.6001    5    5.100   1.0000          evt5
188.7001    0    4.250   1.0000          NULL 
192.9501    2    5.100   1.0000          evt2
198.0502    0    1.700   1.0000          NULL 
199.7502    5    5.100   1.0000          evt5
204.8502    0    0.850   1.0000          NULL 
205.7002    3    5.100   1.0000          evt3
210.8002    0    2.550   1.0000          NULL 
213.3502    1    5.100   1.0000          evt1
218.4502    0    1.700   1.0000          NULL 
220.1502    6    5.100   1.0000          evt6
225.2502    0    2.550   1.0000          NULL 
227.8002    2    5.100   1.0000          evt2
232.9003    0    0.850   1.0000          NULL 
233.7503    6    5.100   1.0000          evt6
238.8503    0    0.850   1.0000          NULL 
239.7003    1    5.100   1.0000          evt1
244.8003    0    3.400   1.0000          NULL 
248.2003    3    5.100   1.0000          evt3
253.3003    0    3.400   1.0000          NULL 
256.7003    6    5.100   1.0000          evt6
261.8003    0    1.700   1.0000          NULL 
263.5003    6    5.100   1.0000          evt6
268.6003    0    2.550   1.0000          NULL 
271.1504    1    5.100   1.0000          evt1
276.2504    0    0.850   1.0000          NULL 
277.1004    2    5.100   1.0000          evt2
282.2004    0    1.700   1.0000          NULL 
283.9004    6    5.100   1.0000          evt6
289.0004    0    1.700   1.0000          NULL 
290.7004    4    5.100   1.0000          evt4
295.8004    0    4.250   1.0000          NULL 
300.0504    6    5.100   1.0000          evt6
305.1505    0    0.850   1.0000          NULL 
306.0005    4    5.100   1.0000          evt4
311.1005    0    0.850   1.0000          NULL 
311.9505    3    5.100   1.0000          evt3
317.0505    0    0.850   1.0000          NULL 
317.9005    4    5.100   1.0000          evt4
323.0005    0    0.850   1.0000          NULL 
323.8505    1    5.100   1.0000          evt1
328.9505    0    1.700   1.0000          NULL 
330.6505    1    5.100   1.0000          evt1
335.7505    0    1.700   1.0000          NULL 
337.4505    6    5.100   1.0000          evt6
342.5505    0    2.550   1.0000          NULL 
345.1006    6    5.100   1.0000          evt6
350.2006    0    2.550   1.0000          NULL 
352.7506    6    5.100   1.0000          evt6
357.8506    0    2.549   1.0000          NULL 
