  0.0000    4    5.100   1.0000          evt4
  5.1000    0    0.850   1.0000          NULL 
  5.9500    4    5.100   1.0000          evt4
 11.0500    0    0.850   1.0000          NULL 
 11.9000    5    5.100   1.0000          evt5
 17.0000    0    2.550   1.0000          NULL 
 19.5500    1    5.100   1.0000          evt1
 24.6500    0    2.550   1.0000          NULL 
 27.2000    6    5.100   1.0000          evt6
 32.3000    0    4.250   1.0000          NULL 
 36.5500    6    5.100   1.0000          evt6
 41.6500    0    0.850   1.0000          NULL 
 42.5000    1    5.100   1.0000          evt1
 47.6000    0    0.850   1.0000          NULL 
 48.4500    3    5.100   1.0000          evt3
 53.5500    0    1.700   1.0000          NULL 
 55.2500    6    5.100   1.0000          evt6
 60.3500    0    0.850   1.0000          NULL 
 61.2000    6    5.100   1.0000          evt6
 66.3000    0    2.550   1.0000          NULL 
 68.8500    4    5.100   1.0000          evt4
 73.9500    0    0.850   1.0000          NULL 
 74.8000    6    5.100   1.0000          evt6
 79.9000    0    1.700   1.0000          NULL 
 81.6000    6    5.100   1.0000          evt6
 86.7000    0    1.700   1.0000          NULL 
 88.4000    2    5.100   1.0000          evt2
 93.5000    0    1.700   1.0000          NULL 
 95.2000    5    5.100   1.0000          evt5
100.3000    0    0.850   1.0000          NULL 
101.1500    3    5.100   1.0000          evt3
106.2500    0    0.850   1.0000          NULL 
107.1000    1    5.100   1.0000          evt1
112.2000    0    0.850   1.0000          NULL 
113.0499    4    5.100   1.0000          evt4
118.1499    0    0.850   1.0000          NULL 
118.9999    1    5.100   1.0000          evt1
124.0999    0    0.850   1.0000          NULL 
124.9499    4    5.100   1.0000          evt4
130.0499    0    4.250   1.0000          NULL 
134.3000    1    5.100   1.0000          evt1
139.4000    0    4.250   1.0000          NULL 
143.6500    1    5.100   1.0000          evt1
148.7500    0    0.850   1.0000          NULL 
149.6000    4    5.100   1.0000          evt4
154.7000    0    1.700   1.0000          NULL 
156.4000    4    5.100   1.0000          evt4
161.5000    0    2.550   1.0000          NULL 
164.0501    4    5.100   1.0000          evt4
169.1501    0    0.850   1.0000          NULL 
170.0001    2    5.100   1.0000          evt2
175.1001    0    1.700   1.0000          NULL 
176.8001    4    5.100   1.0000          evt4
181.9001    0    1.700   1.0000          NULL 
183.6001    3    5.100   1.0000          evt3
188.7001    0    2.550   1.0000          NULL 
191.2501    6    5.100   1.0000          evt6
196.3501    0    0.850   1.0000          NULL 
197.2001    3    5.100   1.0000          evt3
202.3002    0    1.700   1.0000          NULL 
204.0002    3    5.100   1.0000          evt3
209.1002    0    0.850   1.0000          NULL 
209.9502    3    5.100   1.0000          evt3
215.0502    0    1.700   1.0000          NULL 
216.7502    1    5.100   1.0000          evt1
221.8502    0    1.700   1.0000          NULL 
223.5502    1    5.100   1.0000          evt1
228.6502    0    0.850   1.0000          NULL 
229.5002    2    5.100   1.0000          evt2
234.6002    0    0.850   1.0000          NULL 
235.4502    3    5.100   1.0000          evt3
240.5502    0    3.400   1.0000          NULL 
243.9503    6    5.100   1.0000          evt6
249.0503    0    1.700   1.0000          NULL 
250.7503    5    5.100   1.0000          evt5
255.8503    0    0.850   1.0000          NULL 
256.7003    5    5.100   1.0000          evt5
261.8003    0    0.850   1.0000          NULL 
262.6503    2    5.100   1.0000          evt2
267.7503    0    0.850   1.0000          NULL 
268.6003    5    5.100   1.0000          evt5
273.7003    0    0.850   1.0000          NULL 
274.5503    3    5.100   1.0000          evt3
279.6503    0    1.700   1.0000          NULL 
281.3503    4    5.100   1.0000          evt4
286.4503    0    1.700   1.0000          NULL 
288.1504    6    5.100   1.0000          evt6
293.2504    0    1.700   1.0000          NULL 
294.9504    1    5.100   1.0000          evt1
300.0504    0    1.700   1.0000          NULL 
301.7504    1    5.100   1.0000          evt1
306.8504    0    2.550   1.0000          NULL 
309.4004    6    5.100   1.0000          evt6
314.5004    0    0.850   1.0000          NULL 
315.3504    3    5.100   1.0000          evt3
320.4504    0    0.850   1.0000          NULL 
321.3004    1    5.100   1.0000          evt1
326.4005    0    2.550   1.0000          NULL 
328.9505    4    5.100   1.0000          evt4
334.0505    0    0.850   1.0000          NULL 
334.9005    3    5.100   1.0000          evt3
340.0005    0    2.550   1.0000          NULL 
342.5505    3    5.100   1.0000          evt3
347.6505    0    0.850   1.0000          NULL 
348.5005    2    5.100   1.0000          evt2
353.6005    0    0.850   1.0000          NULL 
354.4505    6    5.100   1.0000          evt6
359.5505    0    0.849   1.0000          NULL 
