  0.0000    2    5.100   1.0000          evt2
  5.1000    0    0.850   1.0000          NULL 
  5.9500    2    5.100   1.0000          evt2
 11.0500    0    0.850   1.0000          NULL 
 11.9000    5    5.100   1.0000          evt5
 17.0000    0    0.850   1.0000          NULL 
 17.8500    5    5.100   1.0000          evt5
 22.9500    0    1.700   1.0000          NULL 
 24.6500    1    5.100   1.0000          evt1
 29.7500    0    1.700   1.0000          NULL 
 31.4500    3    5.100   1.0000          evt3
 36.5500    0    0.850   1.0000          NULL 
 37.4000    1    5.100   1.0000          evt1
 42.5000    0    1.700   1.0000          NULL 
 44.2000    1    5.100   1.0000          evt1
 49.3000    4    5.100   1.0000          evt4
 54.4000    6    5.100   1.0000          evt6
 59.5000    6    5.100   1.0000          evt6
 64.6000    0   11.050   1.0000          NULL 
 75.6500    5    5.100   1.0000          evt5
 80.7500    0    1.700   1.0000          NULL 
 82.4500    2    5.100   1.0000          evt2
 87.5500    0    0.850   1.0000          NULL 
 88.4000    6    5.100   1.0000          evt6
 93.5000    4    5.100   1.0000          evt4
 98.6000    0    5.950   1.0000          NULL 
104.5499    1    5.100   1.0000          evt1
109.6499    4    5.100   1.0000          evt4
114.7499    0    0.850   1.0000          NULL 
115.5999    1    5.100   1.0000          evt1
120.6999    0    0.850   1.0000          NULL 
121.5499    1    5.100   1.0000          evt1
126.6499    0    3.400   1.0000          NULL 
130.0500    1    5.100   1.0000          evt1
135.1500    4    5.100   1.0000          evt4
140.2500    6    5.100   1.0000          evt6
145.3500    0    3.400   1.0000          NULL 
148.7500    3    5.100   1.0000          evt3
153.8500    0    0.850   1.0000          NULL 
154.7000    1    5.100   1.0000          evt1
159.8000    0    1.700   1.0000          NULL 
161.5000    3    5.100   1.0000          evt3
166.6000    0    0.850   1.0000          NULL 
167.4500    5    5.100   1.0000          evt5
172.5500    0    0.850   1.0000          NULL 
173.4001    1    5.100   1.0000          evt1
178.5001    0    5.950   1.0000          NULL 
184.4501    3    5.100   1.0000          evt3
189.5501    0    2.550   1.0000          NULL 
192.1001    6    5.100   1.0000          evt6
197.2001    0    0.850   1.0000          NULL 
198.0501    6    5.100   1.0000          evt6
203.1501    0    2.550   1.0000          NULL 
205.7002    3    5.100   1.0000          evt3
210.8002    0    2.550   1.0000          NULL 
213.3502    3    5.100   1.0000          evt3
218.4502    4    5.100   1.0000          evt4
223.5502    0    3.400   1.0000          NULL 
226.9502    6    5.100   1.0000          evt6
232.0502    0    0.850   1.0000          NULL 
232.9002    6    5.100   1.0000          evt6
238.0002    0    2.550   1.0000          NULL 
240.5503    5    5.100   1.0000          evt5
245.6503    0    1.700   1.0000          NULL 
247.3503    1    5.100   1.0000          evt1
252.4503    0    0.850   1.0000          NULL 
253.3003    3    5.100   1.0000          evt3
258.4003    0    0.850   1.0000          NULL 
259.2503    4    5.100   1.0000          evt4
264.3503    0    2.550   1.0000          NULL 
266.9003    4    5.100   1.0000          evt4
272.0003    0    6.800   1.0000          NULL 
278.8004    3    5.100   1.0000          evt3
283.9004    0    1.700   1.0000          NULL 
285.6004    3    5.100   1.0000          evt3
290.7004    3    5.100   1.0000          evt3
295.8004    0    0.850   1.0000          NULL 
296.6504    6    5.100   1.0000          evt6
301.7504    0    1.700   1.0000          NULL 
303.4504    4    5.100   1.0000          evt4
308.5504    2    5.100   1.0000          evt2
313.6505    6    5.100   1.0000          evt6
318.7505    4    5.100   1.0000          evt4
323.8505    0    0.850   1.0000          NULL 
324.7005    3    5.100   1.0000          evt3
329.8005    0    0.850   1.0000          NULL 
330.6505    4    5.100   1.0000          evt4
335.7505    6    5.100   1.0000          evt6
340.8505    0    0.850   1.0000          NULL 
341.7005    4    5.100   1.0000          evt4
346.8005    0    2.550   1.0000          NULL 
349.3505    2    5.100   1.0000          evt2
354.4505    0    0.850   1.0000          NULL 
355.3005    1    5.100   1.0000          evt1
