  0.0000    2    5.100   1.0000          evt2
  5.1000    0    1.700   1.0000          NULL 
  6.8000    6    5.100   1.0000          evt6
 11.9000    1    5.100   1.0000          evt1
 17.0000    3    5.100   1.0000          evt3
 22.1000    0    1.700   1.0000          NULL 
 23.8000    1    5.100   1.0000          evt1
 28.9000    3    5.100   1.0000          evt3
 34.0000    1    5.100   1.0000          evt1
 39.1000    0    1.700   1.0000          NULL 
 40.8000    3    5.100   1.0000          evt3
 45.9000    0    2.550   1.0000          NULL 
 48.4500    4    5.100   1.0000          evt4
 53.5500    0    5.100   1.0000          NULL 
 58.6500    4    5.100   1.0000          evt4
 63.7500    3    5.100   1.0000          evt3
 68.8500    0    0.850   1.0000          NULL 
 69.7000    4    5.100   1.0000          evt4
 74.8000    0    0.850   1.0000          NULL 
 75.6500    2    5.100   1.0000          evt2
 80.7500    0    0.850   1.0000          NULL 
 81.6000    3    5.100   1.0000          evt3
 86.7000    5    5.100   1.0000          evt5
 91.8000    1    5.100   1.0000          evt1
 96.9000    0    5.100   1.0000          NULL 
102.0000    2    5.100   1.0000          evt2
107.1000    0    0.850   1.0000          NULL 
107.9500    1    5.100   1.0000          evt1
113.0499    0    3.400   1.0000          NULL 
116.4499    4    5.100   1.0000          evt4
121.5499    0    1.700   1.0000          NULL 
123.2499    5    5.100   1.0000          evt5
128.3499    0    1.700   1.0000          NULL 
130.0500    6    5.100   1.0000          evt6
135.1500    0    0.850   1.0000          NULL 
136.0000    1    5.100   1.0000          evt1
141.1000    0    1.700   1.0000          NULL 
142.8000    6    5.100   1.0000          evt6
147.9000    1    5.100   1.0000          evt1
153.0000    0    0.850   1.0000          NULL 
153.8500    4    5.100   1.0000          evt4
158.9500    0    0.850   1.0000          NULL 
159.8000    6    5.100   1.0000          evt6
164.9000    0    0.850   1.0000          NULL 
165.7500    2    5.100   1.0000          evt2
170.8500    1    5.100   1.0000          evt1
175.9500    0    0.850   1.0000          NULL 
176.8000    5    5.100   1.0000          evt5
181.9001    0    0.850   1.0000          NULL 
182.7501    3    5.100   1.0000          evt3
187.8501    0    1.700   1.0000          NULL 
189.5501    3    5.100   1.0000          evt3
194.6501    1    5.100   1.0000          evt1
199.7501    0    0.850   1.0000          NULL 
200.6001    4    5.100   1.0000          evt4
205.7001    6    5.100   1.0000          evt6
210.8001    0    1.700   1.0000          NULL 
212.5001    3    5.100   1.0000          evt3
217.6001    0    3.400   1.0000          NULL 
221.0002    4    5.100   1.0000          evt4
226.1002    0    0.850   1.0000          NULL 
226.9502    6    5.100   1.0000          evt6
232.0502    3    5.100   1.0000          evt3
237.1502    0    4.250   1.0000          NULL 
241.4002    6    5.100   1.0000          evt6
246.5002    0    1.700   1.0000          NULL 
248.2002    6    5.100   1.0000          evt6
253.3002    3    5.100   1.0000          evt3
258.4002    0    6.800   1.0000          NULL 
265.2003    2    5.100   1.0000          evt2
270.3003    0    0.850   1.0000          NULL 
271.1503    4    5.100   1.0000          evt4
276.2503    0    0.850   1.0000          NULL 
277.1003    4    5.100   1.0000          evt4
282.2003    3    5.100   1.0000          evt3
287.3003    0    0.850   1.0000          NULL 
288.1503    5    5.100   1.0000          evt5
293.2503    0    1.700   1.0000          NULL 
294.9503    4    5.100   1.0000          evt4
300.0504    0    5.100   1.0000          NULL 
305.1504    1    5.100   1.0000          evt1
310.2504    0    5.950   1.0000          NULL 
316.2004    4    5.100   1.0000          evt4
321.3004    0    0.850   1.0000          NULL 
322.1505    6    5.100   1.0000          evt6
327.2505    0    3.400   1.0000          NULL 
330.6505    6    5.100   1.0000          evt6
335.7505    6    5.100   1.0000          evt6
340.8505    0    8.500   1.0000          NULL 
349.3506    5    5.100   1.0000          evt5
354.4506    0    0.850   1.0000          NULL 
355.3006    1    5.100   1.0000          evt1
