  0.0000    1    5.100   1.0000          evt1
  5.1000    0    0.850   1.0000          NULL 
  5.9500    2    5.100   1.0000          evt2
 11.0500    0    3.400   1.0000          NULL 
 14.4500    2    5.100   1.0000          evt2
 19.5500    0    1.700   1.0000          NULL 
 21.2500    1    5.100   1.0000          evt1
 26.3500    0    2.550   1.0000          NULL 
 28.9000    2    5.100   1.0000          evt2
 34.0000    0    1.700   1.0000          NULL 
 35.7000    5    5.100   1.0000          evt5
 40.8000    0    0.850   1.0000          NULL 
 41.6500    5    5.100   1.0000          evt5
 46.7500    0    0.850   1.0000          NULL 
 47.6000    3    5.100   1.0000          evt3
 52.7000    0    1.700   1.0000          NULL 
 54.4000    1    5.100   1.0000          evt1
 59.5000    0    0.850   1.0000          NULL 
 60.3500    1    5.100   1.0000          evt1
 65.4500    0    3.400   1.0000          NULL 
 68.8500    6    5.100   1.0000          evt6
 73.9500    0    1.700   1.0000          NULL 
 75.6500    1    5.100   1.0000          evt1
 80.7500    0    1.700   1.0000          NULL 
 82.4500    4    5.100   1.0000          evt4
 87.5500    0    0.850   1.0000          NULL 
 88.4000    4    5.100   1.0000          evt4
 93.5000    0    0.850   1.0000          NULL 
 94.3500    5    5.100   1.0000          evt5
 99.4500    0    4.250   1.0000          NULL 
103.7000    3    5.100   1.0000          evt3
108.8000    0    0.850   1.0000          NULL 
109.6500    4    5.100   1.0000          evt4
114.7500    0    1.700   1.0000          NULL 
116.4500    4    5.100   1.0000          evt4
121.5499    0    1.700   1.0000          NULL 
123.2499    3    5.100   1.0000          evt3
128.3499    0    1.700   1.0000          NULL 
130.0500    2    5.100   1.0000          evt2
135.1500    0    0.850   1.0000          NULL 
136.0000    6    5.100   1.0000          evt6
141.1000    0    0.850   1.0000          NULL 
141.9500    6    5.100   1.0000          evt6
147.0500    0    0.850   1.0000          NULL 
147.9000    6    5.100   1.0000          evt6
153.0000    0    0.850   1.0000          NULL 
153.8500    3    5.100   1.0000          evt3
158.9500    0    1.700   1.0000          NULL 
160.6500    6    5.100   1.0000          evt6
165.7500    0    1.700   1.0000          NULL 
167.4500    4    5.100   1.0000          evt4
172.5500    0    0.850   1.0000          NULL 
173.4001    4    5.100   1.0000          evt4
178.5001    0    0.850   1.0000          NULL 
179.3501    3    5.100   1.0000          evt3
184.4501    0    4.250   1.0000          NULL 
188.7001    6    5.100   1.0000          evt6
193.8001    0    0.850   1.0000          NULL 
194.6501    1    5.100   1.0000          evt1
199.7501    0    1.700   1.0000          NULL 
201.4501    1    5.100   1.0000          evt1
206.5501    0    2.550   1.0000          NULL 
209.1002    6    5.100   1.0000          evt6
214.2002    0    0.850   1.0000          NULL 
215.0502    4    5.100   1.0000          evt4
220.1502    0    0.850   1.0000          NULL 
221.0002    1    5.100   1.0000          evt1
226.1002    0    0.850   1.0000          NULL 
226.9502    3    5.100   1.0000          evt3
232.0502    0    0.850   1.0000          NULL 
232.9002    6    5.100   1.0000          evt6
238.0002    0    5.100   1.0000          NULL 
243.1003    1    5.100   1.0000          evt1
248.2003    0    0.850   1.0000          NULL 
249.0503    4    5.100   1.0000          evt4
254.1503    0    1.700   1.0000          NULL 
255.8503    4    5.100   1.0000          evt4
260.9503    0    0.850   1.0000          NULL 
261.8003    3    5.100   1.0000          evt3
266.9003    0    0.850   1.0000          NULL 
267.7503    2    5.100   1.0000          evt2
272.8503    0    0.850   1.0000          NULL 
273.7003    1    5.100   1.0000          evt1
278.8003    0    0.850   1.0000          NULL 
279.6503    3    5.100   1.0000          evt3
284.7503    0    3.400   1.0000          NULL 
288.1504    1    5.100   1.0000          evt1
293.2504    0    0.850   1.0000          NULL 
294.1004    4    5.100   1.0000          evt4
299.2004    0    0.850   1.0000          NULL 
300.0504    6    5.100   1.0000          evt6
305.1504    0    0.850   1.0000          NULL 
306.0004    4    5.100   1.0000          evt4
311.1004    0    0.850   1.0000          NULL 
311.9504    6    5.100   1.0000          evt6
317.0504    0    1.700   1.0000          NULL 
318.7504    6    5.100   1.0000          evt6
323.8504    0    3.400   1.0000          NULL 
327.2505    3    5.100   1.0000          evt3
332.3505    0    2.550   1.0000          NULL 
334.9005    3    5.100   1.0000          evt3
340.0005    0    0.850   1.0000          NULL 
340.8505    3    5.100   1.0000          evt3
345.9505    0    1.700   1.0000          NULL 
347.6505    5    5.100   1.0000          evt5
352.7505    0    1.700   1.0000          NULL 
354.4505    5    5.100   1.0000          evt5
359.5505    0    0.849   1.0000          NULL 
