  0.0000    5    5.100   1.0000          evt5
  5.1000    0    0.850   1.0000          NULL 
  5.9500    1    5.100   1.0000          evt1
 11.0500    0    0.850   1.0000          NULL 
 11.9000    6    5.100   1.0000          evt6
 17.0000    0    1.700   1.0000          NULL 
 18.7000    4    5.100   1.0000          evt4
 23.8000    0    1.700   1.0000          NULL 
 25.5000    3    5.100   1.0000          evt3
 30.6000    0    0.850   1.0000          NULL 
 31.4500    6    5.100   1.0000          evt6
 36.5500    0    0.850   1.0000          NULL 
 37.4000    4    5.100   1.0000          evt4
 42.5000    0    0.850   1.0000          NULL 
 43.3500    4    5.100   1.0000          evt4
 48.4500    0    1.700   1.0000          NULL 
 50.1500    2    5.100   1.0000          evt2
 55.2500    0    1.700   1.0000          NULL 
 56.9500    6    5.100   1.0000          evt6
 62.0500    0    4.250   1.0000          NULL 
 66.3000    1    5.100   1.0000          evt1
 71.4000    0    0.850   1.0000          NULL 
 72.2500    2    5.100   1.0000          evt2
 77.3500    0    0.850   1.0000          NULL 
 78.2000    1    5.100   1.0000          evt1
 83.3000    0    3.400   1.0000          NULL 
 86.7000    3    5.100   1.0000          evt3
 91.8000    0    0.850   1.0000          NULL 
 92.6500    6    5.100   1.0000          evt6
 97.7500    0    0.850   1.0000          NULL 
 98.6000    5    5.100   1.0000          evt5
103.7000    0    0.850   1.0000          NULL 
104.5500    4    5.100   1.0000          evt4
109.6500    0    1.700   1.0000          NULL 
111.3500    4    5.100   1.0000          evt4
116.4500    0    2.550   1.0000          NULL 
118.9999    4    5.100   1.0000          evt4
124.0999    0    0.850   1.0000          NULL 
124.9499    6    5.100   1.0000          evt6
130.0499    0    3.400   1.0000          NULL 
133.4500    3    5.100   1.0000          evt3
138.5500    0    0.850   1.0000          NULL 
139.4000    3    5.100   1.0000          evt3
144.5000    0    0.850   1.0000          NULL 
145.3500    6    5.100   1.0000          evt6
150.4500    0    2.550   1.0000          NULL 
153.0000    1    5.100   1.0000          evt1
158.1000    0    1.700   1.0000          NULL 
159.8000    1    5.100   1.0000          evt1
164.9000    0    0.850   1.0000          NULL 
165.7500    6    5.100   1.0000          evt6
170.8501    0    0.850   1.0000          NULL 
171.7001    1    5.100   1.0000          evt1
176.8001    0    3.400   1.0000          NULL 
180.2001    4    5.100   1.0000          evt4
185.3001    0    1.700   1.0000          NULL 
187.0001    3    5.100   1.0000          evt3
192.1001    0    0.850   1.0000          NULL 
192.9501    1    5.100   1.0000          evt1
198.0501    0    0.850   1.0000          NULL 
198.9001    4    5.100   1.0000          evt4
204.0001    0    0.850   1.0000          NULL 
204.8501    1    5.100   1.0000          evt1
209.9501    0    1.700   1.0000          NULL 
211.6502    3    5.100   1.0000          evt3
216.7502    0    1.700   1.0000          NULL 
218.4502    4    5.100   1.0000          evt4
223.5502    0    4.250   1.0000          NULL 
227.8002    3    5.100   1.0000          evt3
232.9002    0    2.550   1.0000          NULL 
235.4502    1    5.100   1.0000          evt1
240.5502    0    1.700   1.0000          NULL 
242.2503    6    5.100   1.0000          evt6
247.3503    0    0.850   1.0000          NULL 
248.2003    1    5.100   1.0000          evt1
253.3003    0    1.700   1.0000          NULL 
255.0003    5    5.100   1.0000          evt5
260.1003    0    0.850   1.0000          NULL 
260.9503    6    5.100   1.0000          evt6
266.0503    0    0.850   1.0000          NULL 
266.9003    6    5.100   1.0000          evt6
272.0003    0    1.700   1.0000          NULL 
273.7003    3    5.100   1.0000          evt3
278.8003    0    0.850   1.0000          NULL 
279.6503    3    5.100   1.0000          evt3
284.7503    0    2.550   1.0000          NULL 
287.3004    2    5.100   1.0000          evt2
292.4004    0    2.550   1.0000          NULL 
294.9504    1    5.100   1.0000          evt1
300.0504    0    0.850   1.0000          NULL 
300.9004    2    5.100   1.0000          evt2
306.0004    0    0.850   1.0000          NULL 
306.8504    4    5.100   1.0000          evt4
311.9504    0    1.700   1.0000          NULL 
313.6504    6    5.100   1.0000          evt6
318.7504    0    0.850   1.0000          NULL 
319.6004    4    5.100   1.0000          evt4
324.7004    0    3.400   1.0000          NULL 
328.1005    3    5.100   1.0000          evt3
333.2005    0    0.850   1.0000          NULL 
334.0505    3    5.100   1.0000          evt3
339.1505    0    1.700   1.0000          NULL 
340.8505    5    5.100   1.0000          evt5
345.9505    0    2.550   1.0000          NULL 
348.5005    2    5.100   1.0000          evt2
353.6005    0    0.850   1.0000          NULL 
354.4505    5    5.100   1.0000          evt5
359.5505    0    0.849   1.0000          NULL 
