  0.0000    1    5.100   1.0000          evt1
  5.1000    0    1.700   1.0000          NULL 
  6.8000    3    5.100   1.0000          evt3
 11.9000    0    0.850   1.0000          NULL 
 12.7500    4    5.100   1.0000          evt4
 17.8500    0    0.850   1.0000          NULL 
 18.7000    6    5.100   1.0000          evt6
 23.8000    0    1.700   1.0000          NULL 
 25.5000    3    5.100   1.0000          evt3
 30.6000    0    0.850   1.0000          NULL 
 31.4500    1    5.100   1.0000          evt1
 36.5500    0    0.850   1.0000          NULL 
 37.4000    1    5.100   1.0000          evt1
 42.5000    0    0.850   1.0000          NULL 
 43.3500    3    5.100   1.0000          evt3
 48.4500    0    0.850   1.0000          NULL 
 49.3000    3    5.100   1.0000          evt3
 54.4000    0    0.850   1.0000          NULL 
 55.2500    3    5.100   1.0000          evt3
 60.3500    0    1.700   1.0000          NULL 
 62.0500    4    5.100   1.0000          evt4
 67.1500    0    0.850   1.0000          NULL 
 68.0000    4    5.100   1.0000          evt4
 73.1000    0    3.400   1.0000          NULL 
 76.5000    6    5.100   1.0000          evt6
 81.6000    0    0.850   1.0000          NULL 
 82.4500    6    5.100   1.0000          evt6
 87.5500    0    0.850   1.0000          NULL 
 88.4000    1    5.100   1.0000          evt1
 93.5000    0    1.700   1.0000          NULL 
 95.2000    5    5.100   1.0000          evt5
100.3000    0    1.700   1.0000          NULL 
102.0000    2    5.100   1.0000          evt2
107.1000    0    0.850   1.0000          NULL 
107.9500    1    5.100   1.0000          evt1
113.0500    0    0.850   1.0000          NULL 
113.9000    2    5.100   1.0000          evt2
119.0000    0    3.400   1.0000          NULL 
122.3999    4    5.100   1.0000          evt4
127.4999    0    0.850   1.0000          NULL 
128.3499    6    5.100   1.0000          evt6
133.4500    0    0.850   1.0000          NULL 
134.3000    5    5.100   1.0000          evt5
139.4000    0    0.850   1.0000          NULL 
140.2500    3    5.100   1.0000          evt3
145.3500    0    0.850   1.0000          NULL 
146.2000    4    5.100   1.0000          evt4
151.3000    0    0.850   1.0000          NULL 
152.1500    4    5.100   1.0000          evt4
157.2500    0    0.850   1.0000          NULL 
158.1000    6    5.100   1.0000          evt6
163.2000    0    0.850   1.0000          NULL 
164.0500    6    5.100   1.0000          evt6
169.1500    0    1.700   1.0000          NULL 
170.8500    1    5.100   1.0000          evt1
175.9500    0    2.550   1.0000          NULL 
178.5001    6    5.100   1.0000          evt6
183.6001    0    2.550   1.0000          NULL 
186.1501    6    5.100   1.0000          evt6
191.2501    0    0.850   1.0000          NULL 
192.1001    6    5.100   1.0000          evt6
197.2001    0    3.400   1.0000          NULL 
200.6001    5    5.100   1.0000          evt5
205.7001    0    1.700   1.0000          NULL 
207.4001    4    5.100   1.0000          evt4
212.5002    0    5.950   1.0000          NULL 
218.4502    1    5.100   1.0000          evt1
223.5502    0    1.700   1.0000          NULL 
225.2502    4    5.100   1.0000          evt4
230.3502    0    3.400   1.0000          NULL 
233.7502    3    5.100   1.0000          evt3
238.8503    0    0.850   1.0000          NULL 
239.7003    4    5.100   1.0000          evt4
244.8003    0    2.550   1.0000          NULL 
247.3503    4    5.100   1.0000          evt4
252.4503    0    0.850   1.0000          NULL 
253.3003    1    5.100   1.0000          evt1
258.4003    0    1.700   1.0000          NULL 
260.1003    1    5.100   1.0000          evt1
265.2003    0    0.850   1.0000          NULL 
266.0503    3    5.100   1.0000          evt3
271.1503    0    1.700   1.0000          NULL 
272.8503    6    5.100   1.0000          evt6
277.9503    0    2.550   1.0000          NULL 
280.5004    3    5.100   1.0000          evt3
285.6004    0    1.700   1.0000          NULL 
287.3004    5    5.100   1.0000          evt5
292.4004    0    0.850   1.0000          NULL 
293.2504    2    5.100   1.0000          evt2
298.3504    0    0.850   1.0000          NULL 
299.2004    4    5.100   1.0000          evt4
304.3004    0    0.850   1.0000          NULL 
305.1504    5    5.100   1.0000          evt5
310.2504    0    1.700   1.0000          NULL 
311.9504    3    5.100   1.0000          evt3
317.0504    0    0.850   1.0000          NULL 
317.9005    2    5.100   1.0000          evt2
323.0005    0    1.700   1.0000          NULL 
324.7005    6    5.100   1.0000          evt6
329.8005    0    5.100   1.0000          NULL 
334.9005    2    5.100   1.0000          evt2
340.0005    0    0.850   1.0000          NULL 
340.8505    1    5.100   1.0000          evt1
345.9505    0    0.850   1.0000          NULL 
346.8005    3    5.100   1.0000          evt3
351.9005    0    1.700   1.0000          NULL 
353.6006    1    5.100   1.0000          evt1
358.7006    0    1.699   1.0000          NULL 
