  0.0000    3    5.100   1.0000          evt3
  5.1000    0    1.700   1.0000          NULL 
  6.8000    1    5.100   1.0000          evt1
 11.9000    5    5.100   1.0000          evt5
 17.0000    1    5.100   1.0000          evt1
 22.1000    0    2.550   1.0000          NULL 
 24.6500    2    5.100   1.0000          evt2
 29.7500    6    5.100   1.0000          evt6
 34.8500    5    5.100   1.0000          evt5
 39.9500    4    5.100   1.0000          evt4
 45.0500    3    5.100   1.0000          evt3
 50.1500    0    1.700   1.0000          NULL 
 51.8500    5    5.100   1.0000          evt5
 56.9500    3    5.100   1.0000          evt3
 62.0500    4    5.100   1.0000          evt4
 67.1500    0    0.850   1.0000          NULL 
 68.0000    1    5.100   1.0000          evt1
 73.1000    0    3.400   1.0000          NULL 
 76.5000    3    5.100   1.0000          evt3
 81.6000    0    0.850   1.0000          NULL 
 82.4500    1    5.100   1.0000          evt1
 87.5500    0    5.100   1.0000          NULL 
 92.6500    4    5.100   1.0000          evt4
 97.7500    0    1.700   1.0000          NULL 
 99.4500    2    5.100   1.0000          evt2
104.5500    1    5.100   1.0000          evt1
109.6500    0    0.850   1.0000          NULL 
110.5000    1    5.100   1.0000          evt1
115.6000    0    1.700   1.0000          NULL 
117.3000    3    5.100   1.0000          evt3
122.4000    6    5.100   1.0000          evt6
127.5000    0    2.550   1.0000          NULL 
130.0500    2    5.100   1.0000          evt2
135.1500    0    0.850   1.0000          NULL 
136.0000    6    5.100   1.0000          evt6
141.1000    0    5.100   1.0000          NULL 
146.2000    4    5.100   1.0000          evt4
151.3000    2    5.100   1.0000          evt2
156.4000    0    3.400   1.0000          NULL 
159.8001    1    5.100   1.0000          evt1
164.9001    0    0.850   1.0000          NULL 
165.7501    3    5.100   1.0000          evt3
170.8501    0    1.700   1.0000          NULL 
172.5501    3    5.100   1.0000          evt3
177.6501    0    0.850   1.0000          NULL 
178.5001    4    5.100   1.0000          evt4
183.6001    0    0.850   1.0000          NULL 
184.4501    1    5.100   1.0000          evt1
189.5501    0    0.850   1.0000          NULL 
190.4001    5    5.100   1.0000          evt5
195.5001    0    2.550   1.0000          NULL 
198.0502    3    5.100   1.0000          evt3
203.1502    0    0.850   1.0000          NULL 
204.0002    6    5.100   1.0000          evt6
209.1002    0    2.550   1.0000          NULL 
211.6502    6    5.100   1.0000          evt6
216.7502    3    5.100   1.0000          evt3
221.8502    0    2.550   1.0000          NULL 
224.4002    6    5.100   1.0000          evt6
229.5002    0    2.550   1.0000          NULL 
232.0502    6    5.100   1.0000          evt6
237.1503    0    2.550   1.0000          NULL 
239.7003    6    5.100   1.0000          evt6
244.8003    5    5.100   1.0000          evt5
249.9003    0    0.850   1.0000          NULL 
250.7503    4    5.100   1.0000          evt4
255.8503    0    3.400   1.0000          NULL 
259.2503    6    5.100   1.0000          evt6
264.3503    0    0.850   1.0000          NULL 
265.2003    4    5.100   1.0000          evt4
270.3003    0    2.550   1.0000          NULL 
272.8503    6    5.100   1.0000          evt6
277.9503    0    5.100   1.0000          NULL 
283.0504    1    5.100   1.0000          evt1
288.1504    0    0.850   1.0000          NULL 
289.0004    4    5.100   1.0000          evt4
294.1004    0    0.850   1.0000          NULL 
294.9504    6    5.100   1.0000          evt6
300.0504    0    1.700   1.0000          NULL 
301.7504    4    5.100   1.0000          evt4
306.8504    0    5.950   1.0000          NULL 
312.8005    4    5.100   1.0000          evt4
317.9005    0    1.700   1.0000          NULL 
319.6005    1    5.100   1.0000          evt1
324.7005    0    0.850   1.0000          NULL 
325.5505    4    5.100   1.0000          evt4
330.6505    0    0.850   1.0000          NULL 
331.5005    3    5.100   1.0000          evt3
336.6005    0    3.400   1.0000          NULL 
340.0005    3    5.100   1.0000          evt3
345.1006    0    0.850   1.0000          NULL 
345.9506    2    5.100   1.0000          evt2
351.0506    0    0.850   1.0000          NULL 
351.9006    1    5.100   1.0000          evt1
357.0006    0    3.399   1.0000          NULL 
