  0.0000    1    5.100   1.0000          evt1
  5.1000    0    0.850   1.0000          NULL 
  5.9500    1    5.100   1.0000          evt1
 11.0500    0    1.700   1.0000          NULL 
 12.7500    6    5.100   1.0000          evt6
 17.8500    0    1.700   1.0000          NULL 
 19.5500    1    5.100   1.0000          evt1
 24.6500    0    0.850   1.0000          NULL 
 25.5000    2    5.100   1.0000          evt2
 30.6000    0    1.700   1.0000          NULL 
 32.3000    1    5.100   1.0000          evt1
 37.4000    0    1.700   1.0000          NULL 
 39.1000    1    5.100   1.0000          evt1
 44.2000    0    1.700   1.0000          NULL 
 45.9000    2    5.100   1.0000          evt2
 51.0000    0    2.550   1.0000          NULL 
 53.5500    2    5.100   1.0000          evt2
 58.6500    0    0.850   1.0000          NULL 
 59.5000    5    5.100   1.0000          evt5
 64.6000    0    0.850   1.0000          NULL 
 65.4500    1    5.100   1.0000          evt1
 70.5500    0    0.850   1.0000          NULL 
 71.4000    3    5.100   1.0000          evt3
 76.5000    0    0.850   1.0000          NULL 
 77.3500    4    5.100   1.0000          evt4
 82.4500    0    0.850   1.0000          NULL 
 83.3000    4    5.100   1.0000          evt4
 88.4000    0    1.700   1.0000          NULL 
 90.1000    4    5.100   1.0000          evt4
 95.2000    0    1.700   1.0000          NULL 
 96.9000    2    5.100   1.0000          evt2
102.0000    0    0.850   1.0000          NULL 
102.8500    3    5.100   1.0000          evt3
107.9500    0    5.100   1.0000          NULL 
113.0499    6    5.100   1.0000          evt6
118.1499    0    0.850   1.0000          NULL 
118.9999    3    5.100   1.0000          evt3
124.0999    0    2.550   1.0000          NULL 
126.6499    1    5.100   1.0000          evt1
131.7499    0    0.850   1.0000          NULL 
132.5999    3    5.100   1.0000          evt3
137.7000    0    0.850   1.0000          NULL 
138.5500    3    5.100   1.0000          evt3
143.6500    0    1.700   1.0000          NULL 
145.3500    4    5.100   1.0000          evt4
150.4500    0    0.850   1.0000          NULL 
151.3000    1    5.100   1.0000          evt1
156.4000    0    0.850   1.0000          NULL 
157.2500    4    5.100   1.0000          evt4
162.3500    0    1.700   1.0000          NULL 
164.0500    5    5.100   1.0000          evt5
169.1500    0    0.850   1.0000          NULL 
170.0000    4    5.100   1.0000          evt4
175.1000    0    1.700   1.0000          NULL 
176.8000    3    5.100   1.0000          evt3
181.9001    0    3.400   1.0000          NULL 
185.3001    4    5.100   1.0000          evt4
190.4001    0    2.550   1.0000          NULL 
192.9501    6    5.100   1.0000          evt6
198.0501    0    0.850   1.0000          NULL 
198.9001    3    5.100   1.0000          evt3
204.0001    0    0.850   1.0000          NULL 
204.8501    1    5.100   1.0000          evt1
209.9501    0    1.700   1.0000          NULL 
211.6501    6    5.100   1.0000          evt6
216.7502    0    2.550   1.0000          NULL 
219.3002    2    5.100   1.0000          evt2
224.4002    0    3.400   1.0000          NULL 
227.8002    4    5.100   1.0000          evt4
232.9002    0    0.850   1.0000          NULL 
233.7502    6    5.100   1.0000          evt6
238.8502    0    0.850   1.0000          NULL 
239.7002    1    5.100   1.0000          evt1
244.8002    0    0.850   1.0000          NULL 
245.6502    3    5.100   1.0000          evt3
250.7502    0    1.700   1.0000          NULL 
252.4503    3    5.100   1.0000          evt3
257.5503    0    0.850   1.0000          NULL 
258.4003    6    5.100   1.0000          evt6
263.5003    0    0.850   1.0000          NULL 
264.3503    6    5.100   1.0000          evt6
269.4503    0    0.850   1.0000          NULL 
270.3003    4    5.100   1.0000          evt4
275.4003    0    2.550   1.0000          NULL 
277.9503    5    5.100   1.0000          evt5
283.0503    0    1.700   1.0000          NULL 
284.7503    4    5.100   1.0000          evt4
289.8503    0    0.850   1.0000          NULL 
290.7003    1    5.100   1.0000          evt1
295.8004    0    1.700   1.0000          NULL 
297.5004    6    5.100   1.0000          evt6
302.6004    0    0.850   1.0000          NULL 
303.4504    4    5.100   1.0000          evt4
308.5504    0    1.700   1.0000          NULL 
310.2504    6    5.100   1.0000          evt6
315.3504    0    1.700   1.0000          NULL 
317.0504    3    5.100   1.0000          evt3
322.1504    0    1.700   1.0000          NULL 
323.8504    6    5.100   1.0000          evt6
328.9504    0    0.850   1.0000          NULL 
329.8004    3    5.100   1.0000          evt3
334.9005    0    2.550   1.0000          NULL 
337.4505    5    5.100   1.0000          evt5
342.5505    0    1.700   1.0000          NULL 
344.2505    6    5.100   1.0000          evt6
349.3505    0    3.400   1.0000          NULL 
352.7505    5    5.100   1.0000          evt5
357.8505    0    2.549   1.0000          NULL 
