  0.0000    4    5.100   1.0000          evt4
  5.1000    0    1.700   1.0000          NULL 
  6.8000    1    5.100   1.0000          evt1
 11.9000    0    0.850   1.0000          NULL 
 12.7500    1    5.100   1.0000          evt1
 17.8500    0    0.850   1.0000          NULL 
 18.7000    6    5.100   1.0000          evt6
 23.8000    0    1.700   1.0000          NULL 
 25.5000    4    5.100   1.0000          evt4
 30.6000    0    0.850   1.0000          NULL 
 31.4500    1    5.100   1.0000          evt1
 36.5500    0    0.850   1.0000          NULL 
 37.4000    5    5.100   1.0000          evt5
 42.5000    0    1.700   1.0000          NULL 
 44.2000    4    5.100   1.0000          evt4
 49.3000    0    0.850   1.0000          NULL 
 50.1500    1    5.100   1.0000          evt1
 55.2500    0    1.700   1.0000          NULL 
 56.9500    3    5.100   1.0000          evt3
 62.0500    0    1.700   1.0000          NULL 
 63.7500    5    5.100   1.0000          evt5
 68.8500    0    0.850   1.0000          NULL 
 69.7000    2    5.100   1.0000          evt2
 74.8000    0    0.850   1.0000          NULL 
 75.6500    3    5.100   1.0000          evt3
 80.7500    0    1.700   1.0000          NULL 
 82.4500    1    5.100   1.0000          evt1
 87.5500    0    1.700   1.0000          NULL 
 89.2500    4    5.100   1.0000          evt4
 94.3500    0    5.950   1.0000          NULL 
100.3000    6    5.100   1.0000          evt6
105.4000    0    3.400   1.0000          NULL 
108.7999    4    5.100   1.0000          evt4
113.8999    0    1.700   1.0000          NULL 
115.5999    3    5.100   1.0000          evt3
120.6999    0    0.850   1.0000          NULL 
121.5499    1    5.100   1.0000          evt1
126.6499    0    0.850   1.0000          NULL 
127.4999    4    5.100   1.0000          evt4
132.5999    0    0.850   1.0000          NULL 
133.4500    2    5.100   1.0000          evt2
138.5500    0    0.850   1.0000          NULL 
139.4000    5    5.100   1.0000          evt5
144.5000    0    2.550   1.0000          NULL 
147.0500    2    5.100   1.0000          evt2
152.1500    0    2.550   1.0000          NULL 
154.7000    3    5.100   1.0000          evt3
159.8000    0    0.850   1.0000          NULL 
160.6500    6    5.100   1.0000          evt6
165.7500    0    0.850   1.0000          NULL 
166.6000    1    5.100   1.0000          evt1
171.7000    0    0.850   1.0000          NULL 
172.5500    1    5.100   1.0000          evt1
177.6501    0    3.400   1.0000          NULL 
181.0501    6    5.100   1.0000          evt6
186.1501    0    2.550   1.0000          NULL 
188.7001    3    5.100   1.0000          evt3
193.8001    0    1.700   1.0000          NULL 
195.5001    6    5.100   1.0000          evt6
200.6001    0    0.850   1.0000          NULL 
201.4501    1    5.100   1.0000          evt1
206.5501    0    0.850   1.0000          NULL 
207.4001    3    5.100   1.0000          evt3
212.5002    0    3.400   1.0000          NULL 
215.9002    6    5.100   1.0000          evt6
221.0002    0    0.850   1.0000          NULL 
221.8502    3    5.100   1.0000          evt3
226.9502    0    0.850   1.0000          NULL 
227.8002    3    5.100   1.0000          evt3
232.9002    0    0.850   1.0000          NULL 
233.7502    4    5.100   1.0000          evt4
238.8502    0    1.700   1.0000          NULL 
240.5502    2    5.100   1.0000          evt2
245.6502    0    0.850   1.0000          NULL 
246.5002    6    5.100   1.0000          evt6
251.6003    0    0.850   1.0000          NULL 
252.4503    6    5.100   1.0000          evt6
257.5503    0    0.850   1.0000          NULL 
258.4003    5    5.100   1.0000          evt5
263.5003    0    1.700   1.0000          NULL 
265.2003    3    5.100   1.0000          evt3
270.3003    0    1.700   1.0000          NULL 
272.0003    4    5.100   1.0000          evt4
277.1003    0    0.850   1.0000          NULL 
277.9503    4    5.100   1.0000          evt4
283.0503    0    1.700   1.0000          NULL 
284.7503    6    5.100   1.0000          evt6
289.8503    0    0.850   1.0000          NULL 
290.7003    1    5.100   1.0000          evt1
295.8004    0    4.250   1.0000          NULL 
300.0504    3    5.100   1.0000          evt3
305.1504    0    0.850   1.0000          NULL 
306.0004    4    5.100   1.0000          evt4
311.1004    0    1.700   1.0000          NULL 
312.8004    4    5.100   1.0000          evt4
317.9004    0    0.850   1.0000          NULL 
318.7504    3    5.100   1.0000          evt3
323.8504    0    1.700   1.0000          NULL 
325.5504    1    5.100   1.0000          evt1
330.6505    0    0.850   1.0000          NULL 
331.5005    6    5.100   1.0000          evt6
336.6005    0    2.550   1.0000          NULL 
339.1505    6    5.100   1.0000          evt6
344.2505    0    1.700   1.0000          NULL 
345.9505    2    5.100   1.0000          evt2
351.0505    0    0.850   1.0000          NULL 
351.9005    5    5.100   1.0000          evt5
357.0005    0    3.400   1.0000          NULL 
