  0.0000    1    5.100   1.0000          evt1
  5.1000    0    0.850   1.0000          NULL 
  5.9500    6    5.100   1.0000          evt6
 11.0500    0    1.700   1.0000          NULL 
 12.7500    3    5.100   1.0000          evt3
 17.8500    0    0.850   1.0000          NULL 
 18.7000    6    5.100   1.0000          evt6
 23.8000    0    1.700   1.0000          NULL 
 25.5000    3    5.100   1.0000          evt3
 30.6000    0    0.850   1.0000          NULL 
 31.4500    4    5.100   1.0000          evt4
 36.5500    0    2.550   1.0000          NULL 
 39.1000    4    5.100   1.0000          evt4
 44.2000    0    0.850   1.0000          NULL 
 45.0500    6    5.100   1.0000          evt6
 50.1500    0    0.850   1.0000          NULL 
 51.0000    3    5.100   1.0000          evt3
 56.1000    0    0.850   1.0000          NULL 
 56.9500    1    5.100   1.0000          evt1
 62.0500    0    2.550   1.0000          NULL 
 64.6000    1    5.100   1.0000          evt1
 69.7000    0    1.700   1.0000          NULL 
 71.4000    1    5.100   1.0000          evt1
 76.5000    0    0.850   1.0000          NULL 
 77.3500    3    5.100   1.0000          evt3
 82.4500    0    0.850   1.0000          NULL 
 83.3000    4    5.100   1.0000          evt4
 88.4000    0    1.700   1.0000          NULL 
 90.1000    3    5.100   1.0000          evt3
 95.2000    0    1.700   1.0000          NULL 
 96.9000    1    5.100   1.0000          evt1
102.0000    0    1.700   1.0000          NULL 
103.7000    6    5.100   1.0000          evt6
108.8000    0    0.850   1.0000          NULL 
109.6500    5    5.100   1.0000          evt5
114.7500    0    0.850   1.0000          NULL 
115.6000    1    5.100   1.0000          evt1
120.7000    0    0.850   1.0000          NULL 
121.5499    1    5.100   1.0000          evt1
126.6499    0    2.550   1.0000          NULL 
129.2000    4    5.100   1.0000          evt4
134.3000    0    0.850   1.0000          NULL 
135.1500    4    5.100   1.0000          evt4
140.2500    0    0.850   1.0000          NULL 
141.1000    6    5.100   1.0000          evt6
146.2000    0    2.550   1.0000          NULL 
148.7500    1    5.100   1.0000          evt1
153.8500    0    1.700   1.0000          NULL 
155.5500    4    5.100   1.0000          evt4
160.6500    0    0.850   1.0000          NULL 
161.5000    5    5.100   1.0000          evt5
166.6000    0    2.550   1.0000          NULL 
169.1501    2    5.100   1.0000          evt2
174.2501    0    1.700   1.0000          NULL 
175.9501    2    5.100   1.0000          evt2
181.0501    0    4.250   1.0000          NULL 
185.3001    3    5.100   1.0000          evt3
190.4001    0    0.850   1.0000          NULL 
191.2501    2    5.100   1.0000          evt2
196.3501    0    0.850   1.0000          NULL 
197.2001    6    5.100   1.0000          evt6
202.3001    0    0.850   1.0000          NULL 
203.1501    6    5.100   1.0000          evt6
208.2502    0    1.700   1.0000          NULL 
209.9502    6    5.100   1.0000          evt6
215.0502    0    0.850   1.0000          NULL 
215.9002    4    5.100   1.0000          evt4
221.0002    0    1.700   1.0000          NULL 
222.7002    2    5.100   1.0000          evt2
227.8002    0    0.850   1.0000          NULL 
228.6502    5    5.100   1.0000          evt5
233.7502    0    0.850   1.0000          NULL 
234.6002    3    5.100   1.0000          evt3
239.7002    0    3.400   1.0000          NULL 
243.1003    4    5.100   1.0000          evt4
248.2003    0    4.250   1.0000          NULL 
252.4503    5    5.100   1.0000          evt5
257.5503    0    0.850   1.0000          NULL 
258.4003    3    5.100   1.0000          evt3
263.5003    0    0.850   1.0000          NULL 
264.3503    3    5.100   1.0000          evt3
269.4503    0    0.850   1.0000          NULL 
270.3003    6    5.100   1.0000          evt6
275.4003    0    0.850   1.0000          NULL 
276.2503    4    5.100   1.0000          evt4
281.3503    0    0.850   1.0000          NULL 
282.2003    6    5.100   1.0000          evt6
287.3004    0    0.850   1.0000          NULL 
288.1504    1    5.100   1.0000          evt1
293.2504    0    1.700   1.0000          NULL 
294.9504    3    5.100   1.0000          evt3
300.0504    0    1.700   1.0000          NULL 
301.7504    3    5.100   1.0000          evt3
306.8504    0    1.700   1.0000          NULL 
308.5504    1    5.100   1.0000          evt1
313.6504    0    3.400   1.0000          NULL 
317.0504    4    5.100   1.0000          evt4
322.1505    0    4.250   1.0000          NULL 
326.4005    2    5.100   1.0000          evt2
331.5005    0    0.850   1.0000          NULL 
332.3505    6    5.100   1.0000          evt6
337.4505    0    0.850   1.0000          NULL 
338.3005    1    5.100   1.0000          evt1
343.4005    0    1.700   1.0000          NULL 
345.1005    4    5.100   1.0000          evt4
350.2005    0    3.400   1.0000          NULL 
353.6006    5    5.100   1.0000          evt5
358.7006    0    1.699   1.0000          NULL 
