  0.0000    1    5.100   1.0000          evt1
  5.1000    1    5.100   1.0000          evt1
 10.2000    0    2.550   1.0000          NULL 
 12.7500    2    5.100   1.0000          evt2
 17.8500    0    1.700   1.0000          NULL 
 19.5500    4    5.100   1.0000          evt4
 24.6500    0    1.700   1.0000          NULL 
 26.3500    3    5.100   1.0000          evt3
 31.4500    6    5.100   1.0000          evt6
 36.5500    0    1.700   1.0000          NULL 
 38.2500    1    5.100   1.0000          evt1
 43.3500    0    2.550   1.0000          NULL 
 45.9000    3    5.100   1.0000          evt3
 51.0000    3    5.100   1.0000          evt3
 56.1000    0    2.550   1.0000          NULL 
 58.6500    6    5.100   1.0000          evt6
 63.7500    0    1.700   1.0000          NULL 
 65.4500    3    5.100   1.0000          evt3
 70.5500    0    2.550   1.0000          NULL 
 73.1000    5    5.100   1.0000          evt5
 78.2000    3    5.100   1.0000          evt3
 83.3000    1    5.100   1.0000          evt1
 88.4000    3    5.100   1.0000          evt3
 93.5000    4    5.100   1.0000          evt4
 98.6000    0    2.550   1.0000          NULL 
101.1500    4    5.100   1.0000          evt4
106.2500    0    2.550   1.0000          NULL 
108.8000    5    5.100   1.0000          evt5
113.9000    4    5.100   1.0000          evt4
119.0000    0    3.400   1.0000          NULL 
122.3999    4    5.100   1.0000          evt4
127.4999    0    0.850   1.0000          NULL 
128.3499    1    5.100   1.0000          evt1
133.4500    6    5.100   1.0000          evt6
138.5500    5    5.100   1.0000          evt5
143.6500    0    5.100   1.0000          NULL 
148.7500    1    5.100   1.0000          evt1
153.8500    2    5.100   1.0000          evt2
158.9500    0    3.400   1.0000          NULL 
162.3500    6    5.100   1.0000          evt6
167.4500    0    5.950   1.0000          NULL 
173.4001    4    5.100   1.0000          evt4
178.5001    4    5.100   1.0000          evt4
183.6001    0    2.550   1.0000          NULL 
186.1501    3    5.100   1.0000          evt3
191.2501    0    0.850   1.0000          NULL 
192.1001    3    5.100   1.0000          evt3
197.2001    0    5.950   1.0000          NULL 
203.1502    6    5.100   1.0000          evt6
208.2502    0    1.700   1.0000          NULL 
209.9502    6    5.100   1.0000          evt6
215.0502    0    0.850   1.0000          NULL 
215.9002    6    5.100   1.0000          evt6
221.0002    0    5.100   1.0000          NULL 
226.1003    6    5.100   1.0000          evt6
231.2003    0    1.700   1.0000          NULL 
232.9003    6    5.100   1.0000          evt6
238.0003    6    5.100   1.0000          evt6
243.1003    0    6.800   1.0000          NULL 
249.9003    2    5.100   1.0000          evt2
255.0003    0    0.850   1.0000          NULL 
255.8503    5    5.100   1.0000          evt5
260.9503    1    5.100   1.0000          evt1
266.0504    4    5.100   1.0000          evt4
271.1504    0    4.250   1.0000          NULL 
275.4004    3    5.100   1.0000          evt3
280.5004    5    5.100   1.0000          evt5
285.6004    2    5.100   1.0000          evt2
290.7004    0    4.250   1.0000          NULL 
294.9504    4    5.100   1.0000          evt4
300.0504    0    0.850   1.0000          NULL 
300.9005    6    5.100   1.0000          evt6
306.0005    0    0.850   1.0000          NULL 
306.8505    1    5.100   1.0000          evt1
311.9505    0    1.700   1.0000          NULL 
313.6505    3    5.100   1.0000          evt3
318.7505    0    0.850   1.0000          NULL 
319.6005    1    5.100   1.0000          evt1
324.7005    0    0.850   1.0000          NULL 
325.5505    4    5.100   1.0000          evt4
330.6505    0    0.850   1.0000          NULL 
331.5005    1    5.100   1.0000          evt1
336.6005    2    5.100   1.0000          evt2
341.7005    0    1.700   1.0000          NULL 
343.4005    1    5.100   1.0000          evt1
348.5005    3    5.100   1.0000          evt3
353.6006    0    1.700   1.0000          NULL 
355.3006    4    5.100   1.0000          evt4
