  0.0000    5    5.100   1.0000          evt5
  5.1000    0    2.550   1.0000          NULL 
  7.6500    3    5.100   1.0000          evt3
 12.7500    0    0.850   1.0000          NULL 
 13.6000    1    5.100   1.0000          evt1
 18.7000    0    0.850   1.0000          NULL 
 19.5500    3    5.100   1.0000          evt3
 24.6500    1    5.100   1.0000          evt1
 29.7500    0    1.700   1.0000          NULL 
 31.4500    6    5.100   1.0000          evt6
 36.5500    0    0.850   1.0000          NULL 
 37.4000    1    5.100   1.0000          evt1
 42.5000    6    5.100   1.0000          evt6
 47.6000    2    5.100   1.0000          evt2
 52.7000    0    0.850   1.0000          NULL 
 53.5500    1    5.100   1.0000          evt1
 58.6500    0    2.550   1.0000          NULL 
 61.2000    4    5.100   1.0000          evt4
 66.3000    0    0.850   1.0000          NULL 
 67.1500    6    5.100   1.0000          evt6
 72.2500    5    5.100   1.0000          evt5
 77.3500    0    0.850   1.0000          NULL 
 78.2000    2    5.100   1.0000          evt2
 83.3000    0    0.850   1.0000          NULL 
 84.1500    2    5.100   1.0000          evt2
 89.2500    0    1.700   1.0000          NULL 
 90.9500    1    5.100   1.0000          evt1
 96.0500    0    4.250   1.0000          NULL 
100.3000    2    5.100   1.0000          evt2
105.4000    0    1.700   1.0000          NULL 
107.1000    3    5.100   1.0000          evt3
112.2000    0    0.850   1.0000          NULL 
113.0500    4    5.100   1.0000          evt4
118.1500    0    4.250   1.0000          NULL 
122.3999    4    5.100   1.0000          evt4
127.4999    3    5.100   1.0000          evt3
132.5999    0    2.550   1.0000          NULL 
135.1500    4    5.100   1.0000          evt4
140.2500    0    0.850   1.0000          NULL 
141.1000    3    5.100   1.0000          evt3
146.2000    1    5.100   1.0000          evt1
151.3000    5    5.100   1.0000          evt5
156.4000    0    0.850   1.0000          NULL 
157.2500    3    5.100   1.0000          evt3
162.3500    0    4.250   1.0000          NULL 
166.6000    4    5.100   1.0000          evt4
171.7000    4    5.100   1.0000          evt4
176.8000    0    0.850   1.0000          NULL 
177.6501    4    5.100   1.0000          evt4
182.7501    0    3.400   1.0000          NULL 
186.1501    3    5.100   1.0000          evt3
191.2501    0   10.200   1.0000          NULL 
201.4502    6    5.100   1.0000          evt6
206.5502    0    0.850   1.0000          NULL 
207.4002    6    5.100   1.0000          evt6
212.5002    6    5.100   1.0000          evt6
217.6002    0    7.650   1.0000          NULL 
225.2502    6    5.100   1.0000          evt6
230.3503    0    2.550   1.0000          NULL 
232.9003    5    5.100   1.0000          evt5
238.0003    0    1.700   1.0000          NULL 
239.7003    5    5.100   1.0000          evt5
244.8003    4    5.100   1.0000          evt4
249.9003    6    5.100   1.0000          evt6
255.0003    0    3.400   1.0000          NULL 
258.4003    1    5.100   1.0000          evt1
263.5003    4    5.100   1.0000          evt4
268.6003    0    0.850   1.0000          NULL 
269.4503    6    5.100   1.0000          evt6
274.5504    4    5.100   1.0000          evt4
279.6504    1    5.100   1.0000          evt1
284.7504    0    2.550   1.0000          NULL 
287.3004    3    5.100   1.0000          evt3
292.4004    0    0.850   1.0000          NULL 
293.2504    3    5.100   1.0000          evt3
298.3504    0    0.850   1.0000          NULL 
299.2004    1    5.100   1.0000          evt1
304.3004    2    5.100   1.0000          evt2
309.4004    6    5.100   1.0000          evt6
314.5004    0    7.650   1.0000          NULL 
322.1505    1    5.100   1.0000          evt1
327.2505    4    5.100   1.0000          evt4
332.3505    0    4.250   1.0000          NULL 
336.6005    3    5.100   1.0000          evt3
341.7005    0    2.550   1.0000          NULL 
344.2505    3    5.100   1.0000          evt3
349.3506    6    5.100   1.0000          evt6
354.4506    1    5.100   1.0000          evt1
359.5506    0    0.849   1.0000          NULL 
