  0.0000    4    5.100   1.0000          evt4
  5.1000    0    1.700   1.0000          NULL 
  6.8000    2    5.100   1.0000          evt2
 11.9000    0    0.850   1.0000          NULL 
 12.7500    4    5.100   1.0000          evt4
 17.8500    0    2.550   1.0000          NULL 
 20.4000    3    5.100   1.0000          evt3
 25.5000    0    2.550   1.0000          NULL 
 28.0500    2    5.100   1.0000          evt2
 33.1500    0    1.700   1.0000          NULL 
 34.8500    1    5.100   1.0000          evt1
 39.9500    0    0.850   1.0000          NULL 
 40.8000    5    5.100   1.0000          evt5
 45.9000    0    0.850   1.0000          NULL 
 46.7500    3    5.100   1.0000          evt3
 51.8500    0    0.850   1.0000          NULL 
 52.7000    6    5.100   1.0000          evt6
 57.8000    0    0.850   1.0000          NULL 
 58.6500    3    5.100   1.0000          evt3
 63.7500    0    0.850   1.0000          NULL 
 64.6000    1    5.100   1.0000          evt1
 69.7000    0    3.400   1.0000          NULL 
 73.1000    4    5.100   1.0000          evt4
 78.2000    0    2.550   1.0000          NULL 
 80.7500    3    5.100   1.0000          evt3
 85.8500    0    1.700   1.0000          NULL 
 87.5500    6    5.100   1.0000          evt6
 92.6500    0    0.850   1.0000          NULL 
 93.5000    1    5.100   1.0000          evt1
 98.6000    0    0.850   1.0000          NULL 
 99.4500    4    5.100   1.0000          evt4
104.5500    0    0.850   1.0000          NULL 
105.4000    3    5.100   1.0000          evt3
110.5000    0    0.850   1.0000          NULL 
111.3500    3    5.100   1.0000          evt3
116.4500    0    1.700   1.0000          NULL 
118.1499    5    5.100   1.0000          evt5
123.2499    0    1.700   1.0000          NULL 
124.9499    4    5.100   1.0000          evt4
130.0499    0    0.850   1.0000          NULL 
130.8999    1    5.100   1.0000          evt1
136.0000    0    5.100   1.0000          NULL 
141.1000    4    5.100   1.0000          evt4
146.2000    0    1.700   1.0000          NULL 
147.9000    4    5.100   1.0000          evt4
153.0000    0    0.850   1.0000          NULL 
153.8500    5    5.100   1.0000          evt5
158.9500    0    1.700   1.0000          NULL 
160.6500    4    5.100   1.0000          evt4
165.7500    0    0.850   1.0000          NULL 
166.6001    3    5.100   1.0000          evt3
171.7001    0    0.850   1.0000          NULL 
172.5501    4    5.100   1.0000          evt4
177.6501    0    1.700   1.0000          NULL 
179.3501    6    5.100   1.0000          evt6
184.4501    0    3.400   1.0000          NULL 
187.8501    5    5.100   1.0000          evt5
192.9501    0    0.850   1.0000          NULL 
193.8001    3    5.100   1.0000          evt3
198.9001    0    0.850   1.0000          NULL 
199.7501    6    5.100   1.0000          evt6
204.8501    0    1.700   1.0000          NULL 
206.5502    3    5.100   1.0000          evt3
211.6502    0    0.850   1.0000          NULL 
212.5002    6    5.100   1.0000          evt6
217.6002    0    0.850   1.0000          NULL 
218.4502    6    5.100   1.0000          evt6
223.5502    0    1.700   1.0000          NULL 
225.2502    3    5.100   1.0000          evt3
230.3502    0    0.850   1.0000          NULL 
231.2002    2    5.100   1.0000          evt2
236.3002    0    4.250   1.0000          NULL 
240.5502    1    5.100   1.0000          evt1
245.6503    0    0.850   1.0000          NULL 
246.5003    1    5.100   1.0000          evt1
251.6003    0    1.700   1.0000          NULL 
253.3003    1    5.100   1.0000          evt1
258.4003    0    0.850   1.0000          NULL 
259.2503    3    5.100   1.0000          evt3
264.3503    0    0.850   1.0000          NULL 
265.2003    6    5.100   1.0000          evt6
270.3003    0    0.850   1.0000          NULL 
271.1503    1    5.100   1.0000          evt1
276.2503    0    0.850   1.0000          NULL 
277.1003    6    5.100   1.0000          evt6
282.2003    0    0.850   1.0000          NULL 
283.0503    5    5.100   1.0000          evt5
288.1503    0    3.400   1.0000          NULL 
291.5504    4    5.100   1.0000          evt4
296.6504    0    0.850   1.0000          NULL 
297.5004    4    5.100   1.0000          evt4
302.6004    0    1.700   1.0000          NULL 
304.3004    2    5.100   1.0000          evt2
309.4004    0    0.850   1.0000          NULL 
310.2504    6    5.100   1.0000          evt6
315.3504    0    0.850   1.0000          NULL 
316.2004    6    5.100   1.0000          evt6
321.3004    0    1.700   1.0000          NULL 
323.0004    2    5.100   1.0000          evt2
328.1004    0    0.850   1.0000          NULL 
328.9504    1    5.100   1.0000          evt1
334.0504    0    1.700   1.0000          NULL 
335.7505    1    5.100   1.0000          evt1
340.8505    0    2.550   1.0000          NULL 
343.4005    6    5.100   1.0000          evt6
348.5005    0    0.850   1.0000          NULL 
349.3505    1    5.100   1.0000          evt1
354.4505    0    5.950   1.0000          NULL 
