  0.0000    5    5.100   1.0000          evt5
  5.1000    0    0.850   1.0000          NULL 
  5.9500    4    5.100   1.0000          evt4
 11.0500    0    2.550   1.0000          NULL 
 13.6000    6    5.100   1.0000          evt6
 18.7000    1    5.100   1.0000          evt1
 23.8000    0    0.850   1.0000          NULL 
 24.6500    4    5.100   1.0000          evt4
 29.7500    1    5.100   1.0000          evt1
 34.8500    0    0.850   1.0000          NULL 
 35.7000    3    5.100   1.0000          evt3
 40.8000    1    5.100   1.0000          evt1
 45.9000    0    4.250   1.0000          NULL 
 50.1500    1    5.100   1.0000          evt1
 55.2500    0    2.550   1.0000          NULL 
 57.8000    2    5.100   1.0000          evt2
 62.9000    0    0.850   1.0000          NULL 
 63.7500    3    5.100   1.0000          evt3
 68.8500    0    0.850   1.0000          NULL 
 69.7000    4    5.100   1.0000          evt4
 74.8000    0    2.550   1.0000          NULL 
 77.3500    3    5.100   1.0000          evt3
 82.4500    0    5.950   1.0000          NULL 
 88.4000    4    5.100   1.0000          evt4
 93.5000    5    5.100   1.0000          evt5
 98.6000    0    3.400   1.0000          NULL 
102.0000    4    5.100   1.0000          evt4
107.1000    6    5.100   1.0000          evt6
112.2000    1    5.100   1.0000          evt1
117.2999    0    1.700   1.0000          NULL 
118.9999    1    5.100   1.0000          evt1
124.0999    2    5.100   1.0000          evt2
129.2000    0    0.850   1.0000          NULL 
130.0500    3    5.100   1.0000          evt3
135.1500    0    0.850   1.0000          NULL 
136.0000    4    5.100   1.0000          evt4
141.1000    0    0.850   1.0000          NULL 
141.9500    3    5.100   1.0000          evt3
147.0500    4    5.100   1.0000          evt4
152.1500    3    5.100   1.0000          evt3
157.2500    0    1.700   1.0000          NULL 
158.9500    4    5.100   1.0000          evt4
164.0500    0    0.850   1.0000          NULL 
164.9000    6    5.100   1.0000          evt6
170.0000    0    5.100   1.0000          NULL 
175.1001    3    5.100   1.0000          evt3
180.2001    0    1.700   1.0000          NULL 
181.9001    3    5.100   1.0000          evt3
187.0001    0    1.700   1.0000          NULL 
188.7001    1    5.100   1.0000          evt1
193.8001    6    5.100   1.0000          evt6
198.9001    0    3.400   1.0000          NULL 
202.3001    2    5.100   1.0000          evt2
207.4001    3    5.100   1.0000          evt3
212.5002    1    5.100   1.0000          evt1
217.6002    0    1.700   1.0000          NULL 
219.3002    2    5.100   1.0000          evt2
224.4002    0    0.850   1.0000          NULL 
225.2502    5    5.100   1.0000          evt5
230.3502    2    5.100   1.0000          evt2
235.4502    0    2.550   1.0000          NULL 
238.0002    6    5.100   1.0000          evt6
243.1002    5    5.100   1.0000          evt5
248.2002    0    0.850   1.0000          NULL 
249.0502    6    5.100   1.0000          evt6
254.1502    0    0.850   1.0000          NULL 
255.0002    4    5.100   1.0000          evt4
260.1003    4    5.100   1.0000          evt4
265.2003    0    2.550   1.0000          NULL 
267.7503    4    5.100   1.0000          evt4
272.8503    0    2.550   1.0000          NULL 
275.4003    6    5.100   1.0000          evt6
280.5003    0    0.850   1.0000          NULL 
281.3503    6    5.100   1.0000          evt6
286.4503    0    0.850   1.0000          NULL 
287.3003    3    5.100   1.0000          evt3
292.4003    5    5.100   1.0000          evt5
297.5003    0    0.850   1.0000          NULL 
298.3503    6    5.100   1.0000          evt6
303.4503    0    0.850   1.0000          NULL 
304.3004    3    5.100   1.0000          evt3
309.4004    0    6.800   1.0000          NULL 
316.2004    1    5.100   1.0000          evt1
321.3004    0    1.700   1.0000          NULL 
323.0004    6    5.100   1.0000          evt6
328.1004    0    3.400   1.0000          NULL 
331.5005    1    5.100   1.0000          evt1
336.6005    0    9.350   1.0000          NULL 
345.9505    6    5.100   1.0000          evt6
351.0505    1    5.100   1.0000          evt1
356.1505    0    4.249   1.0000          NULL 
