  0.0000    2    5.100   1.0000          evt2
  5.1000    0    0.850   1.0000          NULL 
  5.9500    2    5.100   1.0000          evt2
 11.0500    0    2.550   1.0000          NULL 
 13.6000    6    5.100   1.0000          evt6
 18.7000    0    0.850   1.0000          NULL 
 19.5500    3    5.100   1.0000          evt3
 24.6500    0    1.700   1.0000          NULL 
 26.3500    3    5.100   1.0000          evt3
 31.4500    0    1.700   1.0000          NULL 
 33.1500    1    5.100   1.0000          evt1
 38.2500    0    0.850   1.0000          NULL 
 39.1000    3    5.100   1.0000          evt3
 44.2000    0    0.850   1.0000          NULL 
 45.0500    3    5.100   1.0000          evt3
 50.1500    0    3.400   1.0000          NULL 
 53.5500    1    5.100   1.0000          evt1
 58.6500    0    0.850   1.0000          NULL 
 59.5000    1    5.100   1.0000          evt1
 64.6000    0    3.400   1.0000          NULL 
 68.0000    4    5.100   1.0000          evt4
 73.1000    0    0.850   1.0000          NULL 
 73.9500    3    5.100   1.0000          evt3
 79.0500    0    0.850   1.0000          NULL 
 79.9000    6    5.100   1.0000          evt6
 85.0000    0    1.700   1.0000          NULL 
 86.7000    6    5.100   1.0000          evt6
 91.8000    0    1.700   1.0000          NULL 
 93.5000    4    5.100   1.0000          evt4
 98.6000    0    3.400   1.0000          NULL 
102.0000    3    5.100   1.0000          evt3
107.1000    0    0.850   1.0000          NULL 
107.9500    3    5.100   1.0000          evt3
113.0499    0    5.100   1.0000          NULL 
118.1499    4    5.100   1.0000          evt4
123.2499    0    0.850   1.0000          NULL 
124.0999    3    5.100   1.0000          evt3
129.1999    0    1.700   1.0000          NULL 
130.8999    6    5.100   1.0000          evt6
136.0000    0    0.850   1.0000          NULL 
136.8500    4    5.100   1.0000          evt4
141.9500    0    0.850   1.0000          NULL 
142.8000    6    5.100   1.0000          evt6
147.9000    0    0.850   1.0000          NULL 
148.7500    3    5.100   1.0000          evt3
153.8500    0    1.700   1.0000          NULL 
155.5500    4    5.100   1.0000          evt4
160.6500    0    1.700   1.0000          NULL 
162.3500    1    5.100   1.0000          evt1
167.4500    0    0.850   1.0000          NULL 
168.3000    5    5.100   1.0000          evt5
173.4000    0    2.550   1.0000          NULL 
175.9501    3    5.100   1.0000          evt3
181.0501    0    0.850   1.0000          NULL 
181.9001    6    5.100   1.0000          evt6
187.0001    0    0.850   1.0000          NULL 
187.8501    1    5.100   1.0000          evt1
192.9501    0    0.850   1.0000          NULL 
193.8001    5    5.100   1.0000          evt5
198.9001    0    0.850   1.0000          NULL 
199.7501    6    5.100   1.0000          evt6
204.8501    0    4.250   1.0000          NULL 
209.1001    6    5.100   1.0000          evt6
214.2001    0    0.850   1.0000          NULL 
215.0502    1    5.100   1.0000          evt1
220.1502    0    0.850   1.0000          NULL 
221.0002    5    5.100   1.0000          evt5
226.1002    0    1.700   1.0000          NULL 
227.8002    6    5.100   1.0000          evt6
232.9002    0    0.850   1.0000          NULL 
233.7502    4    5.100   1.0000          evt4
238.8502    0    0.850   1.0000          NULL 
239.7002    1    5.100   1.0000          evt1
244.8002    0    0.850   1.0000          NULL 
245.6502    1    5.100   1.0000          evt1
250.7502    0    2.550   1.0000          NULL 
253.3002    3    5.100   1.0000          evt3
258.4002    0    1.700   1.0000          NULL 
260.1003    5    5.100   1.0000          evt5
265.2003    0    1.700   1.0000          NULL 
266.9003    4    5.100   1.0000          evt4
272.0003    0    1.700   1.0000          NULL 
273.7003    6    5.100   1.0000          evt6
278.8003    0    0.850   1.0000          NULL 
279.6503    2    5.100   1.0000          evt2
284.7503    0    1.700   1.0000          NULL 
286.4503    1    5.100   1.0000          evt1
291.5503    0    0.850   1.0000          NULL 
292.4003    4    5.100   1.0000          evt4
297.5003    0    2.550   1.0000          NULL 
300.0504    4    5.100   1.0000          evt4
305.1504    0    0.850   1.0000          NULL 
306.0004    4    5.100   1.0000          evt4
311.1004    0    0.850   1.0000          NULL 
311.9504    2    5.100   1.0000          evt2
317.0504    0    0.850   1.0000          NULL 
317.9004    6    5.100   1.0000          evt6
323.0004    0    2.550   1.0000          NULL 
325.5504    1    5.100   1.0000          evt1
330.6504    0    5.100   1.0000          NULL 
335.7505    5    5.100   1.0000          evt5
340.8505    0    0.850   1.0000          NULL 
341.7005    2    5.100   1.0000          evt2
346.8005    0    0.850   1.0000          NULL 
347.6505    1    5.100   1.0000          evt1
352.7505    0    0.850   1.0000          NULL 
353.6005    4    5.100   1.0000          evt4
358.7005    0    1.700   1.0000          NULL 
