  0.0000    5    5.100   1.0000          evt5
  5.1000    6    5.100   1.0000          evt6
 10.2000    0    1.700   1.0000          NULL 
 11.9000    6    5.100   1.0000          evt6
 17.0000    0    2.550   1.0000          NULL 
 19.5500    6    5.100   1.0000          evt6
 24.6500    0    0.850   1.0000          NULL 
 25.5000    1    5.100   1.0000          evt1
 30.6000    3    5.100   1.0000          evt3
 35.7000    0    1.700   1.0000          NULL 
 37.4000    6    5.100   1.0000          evt6
 42.5000    4    5.100   1.0000          evt4
 47.6000    6    5.100   1.0000          evt6
 52.7000    0    0.850   1.0000          NULL 
 53.5500    3    5.100   1.0000          evt3
 58.6500    0    0.850   1.0000          NULL 
 59.5000    5    5.100   1.0000          evt5
 64.6000    0    0.850   1.0000          NULL 
 65.4500    4    5.100   1.0000          evt4
 70.5500    1    5.100   1.0000          evt1
 75.6500    0    2.550   1.0000          NULL 
 78.2000    3    5.100   1.0000          evt3
 83.3000    5    5.100   1.0000          evt5
 88.4000    1    5.100   1.0000          evt1
 93.5000    0    0.850   1.0000          NULL 
 94.3500    3    5.100   1.0000          evt3
 99.4500    4    5.100   1.0000          evt4
104.5500    6    5.100   1.0000          evt6
109.6500    0    3.400   1.0000          NULL 
113.0500    4    5.100   1.0000          evt4
118.1500    0    5.100   1.0000          NULL 
123.2500    1    5.100   1.0000          evt1
128.3500    0    2.550   1.0000          NULL 
130.9000    3    5.100   1.0000          evt3
136.0000    0    3.400   1.0000          NULL 
139.4000    4    5.100   1.0000          evt4
144.5000    0    5.950   1.0000          NULL 
150.4501    2    5.100   1.0000          evt2
155.5501    0    0.850   1.0000          NULL 
156.4001    6    5.100   1.0000          evt6
161.5001    0    0.850   1.0000          NULL 
162.3501    6    5.100   1.0000          evt6
167.4501    0    0.850   1.0000          NULL 
168.3001    4    5.100   1.0000          evt4
173.4001    0    3.400   1.0000          NULL 
176.8001    1    5.100   1.0000          evt1
181.9001    0    2.550   1.0000          NULL 
184.4501    5    5.100   1.0000          evt5
189.5502    0    0.850   1.0000          NULL 
190.4002    1    5.100   1.0000          evt1
195.5002    2    5.100   1.0000          evt2
200.6002    2    5.100   1.0000          evt2
205.7002    0    7.650   1.0000          NULL 
213.3502    2    5.100   1.0000          evt2
218.4502    0    4.250   1.0000          NULL 
222.7003    3    5.100   1.0000          evt3
227.8003    0    0.850   1.0000          NULL 
228.6503    6    5.100   1.0000          evt6
233.7503    1    5.100   1.0000          evt1
238.8503    1    5.100   1.0000          evt1
243.9503    0    0.850   1.0000          NULL 
244.8003    3    5.100   1.0000          evt3
249.9003    4    5.100   1.0000          evt4
255.0003    0    0.850   1.0000          NULL 
255.8503    2    5.100   1.0000          evt2
260.9503    0    5.100   1.0000          NULL 
266.0504    1    5.100   1.0000          evt1
271.1504    4    5.100   1.0000          evt4
276.2504    0    2.550   1.0000          NULL 
278.8004    6    5.100   1.0000          evt6
283.9004    0    0.850   1.0000          NULL 
284.7504    4    5.100   1.0000          evt4
289.8504    0    1.700   1.0000          NULL 
291.5504    6    5.100   1.0000          evt6
296.6504    0    1.700   1.0000          NULL 
298.3504    1    5.100   1.0000          evt1
303.4504    0    1.700   1.0000          NULL 
305.1505    3    5.100   1.0000          evt3
310.2505    0    3.400   1.0000          NULL 
313.6505    4    5.100   1.0000          evt4
318.7505    0    4.250   1.0000          NULL 
323.0005    3    5.100   1.0000          evt3
328.1005    0    1.700   1.0000          NULL 
329.8005    1    5.100   1.0000          evt1
334.9005    0    1.700   1.0000          NULL 
336.6006    4    5.100   1.0000          evt4
341.7006    0    1.700   1.0000          NULL 
343.4006    3    5.100   1.0000          evt3
348.5006    0    0.850   1.0000          NULL 
349.3506    3    5.100   1.0000          evt3
354.4506    0    0.850   1.0000          NULL 
355.3006    5    5.100   1.0000          evt5
