  0.0000    4    5.100   1.0000          evt4
  5.1000    0    5.100   1.0000          NULL 
 10.2000    4    5.100   1.0000          evt4
 15.3000    0    1.700   1.0000          NULL 
 17.0000    2    5.100   1.0000          evt2
 22.1000    0    0.850   1.0000          NULL 
 22.9500    3    5.100   1.0000          evt3
 28.0500    0    1.700   1.0000          NULL 
 29.7500    1    5.100   1.0000          evt1
 34.8500    0    1.700   1.0000          NULL 
 36.5500    4    5.100   1.0000          evt4
 41.6500    0    0.850   1.0000          NULL 
 42.5000    5    5.100   1.0000          evt5
 47.6000    0    0.850   1.0000          NULL 
 48.4500    1    5.100   1.0000          evt1
 53.5500    0    2.550   1.0000          NULL 
 56.1000    1    5.100   1.0000          evt1
 61.2000    0    0.850   1.0000          NULL 
 62.0500    4    5.100   1.0000          evt4
 67.1500    0    1.700   1.0000          NULL 
 68.8500    6    5.100   1.0000          evt6
 73.9500    0    1.700   1.0000          NULL 
 75.6500    3    5.100   1.0000          evt3
 80.7500    0    0.850   1.0000          NULL 
 81.6000    1    5.100   1.0000          evt1
 86.7000    0    2.550   1.0000          NULL 
 89.2500    3    5.100   1.0000          evt3
 94.3500    0    0.850   1.0000          NULL 
 95.2000    5    5.100   1.0000          evt5
100.3000    0    0.850   1.0000          NULL 
101.1500    3    5.100   1.0000          evt3
106.2500    0    1.700   1.0000          NULL 
107.9500    6    5.100   1.0000          evt6
113.0500    0    0.850   1.0000          NULL 
113.9000    3    5.100   1.0000          evt3
119.0000    0    2.550   1.0000          NULL 
121.5499    6    5.100   1.0000          evt6
126.6499    0    0.850   1.0000          NULL 
127.4999    3    5.100   1.0000          evt3
132.5999    0    2.550   1.0000          NULL 
135.1500    4    5.100   1.0000          evt4
140.2500    0    1.700   1.0000          NULL 
141.9500    3    5.100   1.0000          evt3
147.0500    0    0.850   1.0000          NULL 
147.9000    2    5.100   1.0000          evt2
153.0000    0    0.850   1.0000          NULL 
153.8500    6    5.100   1.0000          evt6
158.9500    0    0.850   1.0000          NULL 
159.8000    3    5.100   1.0000          evt3
164.9000    0    3.400   1.0000          NULL 
168.3000    1    5.100   1.0000          evt1
173.4001    0    0.850   1.0000          NULL 
174.2501    6    5.100   1.0000          evt6
179.3501    0    0.850   1.0000          NULL 
180.2001    3    5.100   1.0000          evt3
185.3001    0    1.700   1.0000          NULL 
187.0001    4    5.100   1.0000          evt4
192.1001    0    0.850   1.0000          NULL 
192.9501    6    5.100   1.0000          evt6
198.0501    0    0.850   1.0000          NULL 
198.9001    2    5.100   1.0000          evt2
204.0001    0    1.700   1.0000          NULL 
205.7001    6    5.100   1.0000          evt6
210.8001    0    0.850   1.0000          NULL 
211.6501    6    5.100   1.0000          evt6
216.7502    0    2.550   1.0000          NULL 
219.3002    4    5.100   1.0000          evt4
224.4002    0    0.850   1.0000          NULL 
225.2502    1    5.100   1.0000          evt1
230.3502    0    0.850   1.0000          NULL 
231.2002    5    5.100   1.0000          evt5
236.3002    0    3.400   1.0000          NULL 
239.7002    2    5.100   1.0000          evt2
244.8002    0    0.850   1.0000          NULL 
245.6502    1    5.100   1.0000          evt1
250.7502    0    0.850   1.0000          NULL 
251.6003    4    5.100   1.0000          evt4
256.7003    0    0.850   1.0000          NULL 
257.5503    2    5.100   1.0000          evt2
262.6503    0    0.850   1.0000          NULL 
263.5003    6    5.100   1.0000          evt6
268.6003    0    2.550   1.0000          NULL 
271.1503    6    5.100   1.0000          evt6
276.2503    0    3.400   1.0000          NULL 
279.6503    1    5.100   1.0000          evt1
284.7503    0    0.850   1.0000          NULL 
285.6003    5    5.100   1.0000          evt5
290.7003    0    2.550   1.0000          NULL 
293.2504    1    5.100   1.0000          evt1
298.3504    0    0.850   1.0000          NULL 
299.2004    4    5.100   1.0000          evt4
304.3004    0    4.250   1.0000          NULL 
308.5504    1    5.100   1.0000          evt1
313.6504    0    0.850   1.0000          NULL 
314.5004    5    5.100   1.0000          evt5
319.6004    0    2.550   1.0000          NULL 
322.1505    4    5.100   1.0000          evt4
327.2505    0    1.700   1.0000          NULL 
328.9505    6    5.100   1.0000          evt6
334.0505    0    1.700   1.0000          NULL 
335.7505    3    5.100   1.0000          evt3
340.8505    0    0.850   1.0000          NULL 
341.7005    3    5.100   1.0000          evt3
346.8005    0    1.700   1.0000          NULL 
348.5005    1    5.100   1.0000          evt1
353.6005    0    0.850   1.0000          NULL 
354.4505    4    5.100   1.0000          evt4
359.5505    0    0.849   1.0000          NULL 
