  0.0000    1    5.100   1.0000          evt1
  5.1000    3    5.100   1.0000          evt3
 10.2000    1    5.100   1.0000          evt1
 15.3000    0    1.700   1.0000          NULL 
 17.0000    5    5.100   1.0000          evt5
 22.1000    2    5.100   1.0000          evt2
 27.2000    0    1.700   1.0000          NULL 
 28.9000    2    5.100   1.0000          evt2
 34.0000    0    3.400   1.0000          NULL 
 37.4000    4    5.100   1.0000          evt4
 42.5000    0    0.850   1.0000          NULL 
 43.3500    5    5.100   1.0000          evt5
 48.4500    0    3.400   1.0000          NULL 
 51.8500    1    5.100   1.0000          evt1
 56.9500    0    2.550   1.0000          NULL 
 59.5000    6    5.100   1.0000          evt6
 64.6000    0    1.700   1.0000          NULL 
 66.3000    1    5.100   1.0000          evt1
 71.4000    4    5.100   1.0000          evt4
 76.5000    6    5.100   1.0000          evt6
 81.6000    1    5.100   1.0000          evt1
 86.7000    4    5.100   1.0000          evt4
 91.8000    0   11.050   1.0000          NULL 
102.8499    4    5.100   1.0000          evt4
107.9499    0    0.850   1.0000          NULL 
108.7999    4    5.100   1.0000          evt4
113.8999    1    5.100   1.0000          evt1
118.9999    3    5.100   1.0000          evt3
124.0999    1    5.100   1.0000          evt1
129.1999    0    4.250   1.0000          NULL 
133.4500    4    5.100   1.0000          evt4
138.5500    0    1.700   1.0000          NULL 
140.2500    1    5.100   1.0000          evt1
145.3500    1    5.100   1.0000          evt1
150.4500    3    5.100   1.0000          evt3
155.5500    0    5.100   1.0000          NULL 
160.6500    6    5.100   1.0000          evt6
165.7500    0    0.850   1.0000          NULL 
166.6001    4    5.100   1.0000          evt4
171.7001    0    2.550   1.0000          NULL 
174.2501    2    5.100   1.0000          evt2
179.3501    6    5.100   1.0000          evt6
184.4501    4    5.100   1.0000          evt4
189.5501    0    6.800   1.0000          NULL 
196.3501    5    5.100   1.0000          evt5
201.4501    2    5.100   1.0000          evt2
206.5502    0    2.550   1.0000          NULL 
209.1002    4    5.100   1.0000          evt4
214.2002    0    0.850   1.0000          NULL 
215.0502    4    5.100   1.0000          evt4
220.1502    0    1.700   1.0000          NULL 
221.8502    3    5.100   1.0000          evt3
226.9502    0    0.850   1.0000          NULL 
227.8002    6    5.100   1.0000          evt6
232.9002    0    0.850   1.0000          NULL 
233.7502    3    5.100   1.0000          evt3
238.8502    0    2.550   1.0000          NULL 
241.4003    4    5.100   1.0000          evt4
246.5003    0    1.700   1.0000          NULL 
248.2003    3    5.100   1.0000          evt3
253.3003    0    3.400   1.0000          NULL 
256.7003    6    5.100   1.0000          evt6
261.8003    0    2.550   1.0000          NULL 
264.3503    3    5.100   1.0000          evt3
269.4503    2    5.100   1.0000          evt2
274.5503    0    2.550   1.0000          NULL 
277.1003    3    5.100   1.0000          evt3
282.2003    0    0.850   1.0000          NULL 
283.0504    3    5.100   1.0000          evt3
288.1504    6    5.100   1.0000          evt6
293.2504    0    2.550   1.0000          NULL 
295.8004    1    5.100   1.0000          evt1
300.9004    0    2.550   1.0000          NULL 
303.4504    5    5.100   1.0000          evt5
308.5504    6    5.100   1.0000          evt6
313.6504    0    1.700   1.0000          NULL 
315.3504    1    5.100   1.0000          evt1
320.4504    6    5.100   1.0000          evt6
325.5504    0    1.700   1.0000          NULL 
327.2505    6    5.100   1.0000          evt6
332.3505    0    1.700   1.0000          NULL 
334.0505    3    5.100   1.0000          evt3
339.1505    5    5.100   1.0000          evt5
344.2505    0    1.700   1.0000          NULL 
345.9505    6    5.100   1.0000          evt6
351.0505    3    5.100   1.0000          evt3
356.1505    0    4.250   1.0000          NULL 
