  0.0000    1    5.100   1.0000          evt1
  5.1000    0    1.700   1.0000          NULL 
  6.8000    3    5.100   1.0000          evt3
 11.9000    6    5.100   1.0000          evt6
 17.0000    6    5.100   1.0000          evt6
 22.1000    0    1.700   1.0000          NULL 
 23.8000    2    5.100   1.0000          evt2
 28.9000    0    5.100   1.0000          NULL 
 34.0000    5    5.100   1.0000          evt5
 39.1000    1    5.100   1.0000          evt1
 44.2000    3    5.100   1.0000          evt3
 49.3000    0    5.100   1.0000          NULL 
 54.4000    4    5.100   1.0000          evt4
 59.5000    4    5.100   1.0000          evt4
 64.6000    0    0.850   1.0000          NULL 
 65.4500    2    5.100   1.0000          evt2
 70.5500    2    5.100   1.0000          evt2
 75.6500    0    0.850   1.0000          NULL 
 76.5000    6    5.100   1.0000          evt6
 81.6000    0    0.850   1.0000          NULL 
 82.4500    1    5.100   1.0000          evt1
 87.5500    0    3.400   1.0000          NULL 
 90.9500    1    5.100   1.0000          evt1
 96.0500    3    5.100   1.0000          evt3
101.1500    0    4.250   1.0000          NULL 
105.4000    3    5.100   1.0000          evt3
110.5000    0    0.850   1.0000          NULL 
111.3500    6    5.100   1.0000          evt6
116.4500    3    5.100   1.0000          evt3
121.5499    5    5.100   1.0000          evt5
126.6499    0    0.850   1.0000          NULL 
127.4999    1    5.100   1.0000          evt1
132.5999    0    0.850   1.0000          NULL 
133.4500    2    5.100   1.0000          evt2
138.5500    0    1.700   1.0000          NULL 
140.2500    3    5.100   1.0000          evt3
145.3500    5    5.100   1.0000          evt5
150.4500    4    5.100   1.0000          evt4
155.5500    0    0.850   1.0000          NULL 
156.4000    6    5.100   1.0000          evt6
161.5000    0    0.850   1.0000          NULL 
162.3500    1    5.100   1.0000          evt1
167.4500    0    1.700   1.0000          NULL 
169.1500    2    5.100   1.0000          evt2
174.2500    1    5.100   1.0000          evt1
179.3500    0    6.800   1.0000          NULL 
186.1501    3    5.100   1.0000          evt3
191.2501    0    0.850   1.0000          NULL 
192.1001    4    5.100   1.0000          evt4
197.2001    0    0.850   1.0000          NULL 
198.0501    4    5.100   1.0000          evt4
203.1501    0    0.850   1.0000          NULL 
204.0001    1    5.100   1.0000          evt1
209.1001    0    2.550   1.0000          NULL 
211.6501    4    5.100   1.0000          evt4
216.7502    0    1.700   1.0000          NULL 
218.4502    1    5.100   1.0000          evt1
223.5502    5    5.100   1.0000          evt5
228.6502    0    3.400   1.0000          NULL 
232.0502    4    5.100   1.0000          evt4
237.1502    0    2.550   1.0000          NULL 
239.7002    3    5.100   1.0000          evt3
244.8002    0    1.700   1.0000          NULL 
246.5002    6    5.100   1.0000          evt6
251.6003    0    0.850   1.0000          NULL 
252.4503    4    5.100   1.0000          evt4
257.5503    0    4.250   1.0000          NULL 
261.8003    6    5.100   1.0000          evt6
266.9003    6    5.100   1.0000          evt6
272.0003    0    1.700   1.0000          NULL 
273.7003    1    5.100   1.0000          evt1
278.8003    0    1.700   1.0000          NULL 
280.5003    4    5.100   1.0000          evt4
285.6003    0    0.850   1.0000          NULL 
286.4503    6    5.100   1.0000          evt6
291.5504    0    3.400   1.0000          NULL 
294.9504    6    5.100   1.0000          evt6
300.0504    0    0.850   1.0000          NULL 
300.9004    3    5.100   1.0000          evt3
306.0004    0    1.700   1.0000          NULL 
307.7004    3    5.100   1.0000          evt3
312.8004    0    0.850   1.0000          NULL 
313.6504    4    5.100   1.0000          evt4
318.7504    4    5.100   1.0000          evt4
323.8504    0    1.700   1.0000          NULL 
325.5504    6    5.100   1.0000          evt6
330.6505    0    9.350   1.0000          NULL 
340.0005    1    5.100   1.0000          evt1
345.1005    3    5.100   1.0000          evt3
350.2005    0    2.550   1.0000          NULL 
352.7505    5    5.100   1.0000          evt5
357.8506    0    2.549   1.0000          NULL 
