  0.0000    4    5.100   1.0000          evt4
  5.1000    0    3.400   1.0000          NULL 
  8.5000    3    5.100   1.0000          evt3
 13.6000    0    0.850   1.0000          NULL 
 14.4500    1    5.100   1.0000          evt1
 19.5500    4    5.100   1.0000          evt4
 24.6500    0    5.100   1.0000          NULL 
 29.7500    3    5.100   1.0000          evt3
 34.8500    0    0.850   1.0000          NULL 
 35.7000    6    5.100   1.0000          evt6
 40.8000    0    1.700   1.0000          NULL 
 42.5000    2    5.100   1.0000          evt2
 47.6000    1    5.100   1.0000          evt1
 52.7000    0    2.550   1.0000          NULL 
 55.2500    1    5.100   1.0000          evt1
 60.3500    0    0.850   1.0000          NULL 
 61.2000    3    5.100   1.0000          evt3
 66.3000    0    0.850   1.0000          NULL 
 67.1500    4    5.100   1.0000          evt4
 72.2500    0    0.850   1.0000          NULL 
 73.1000    4    5.100   1.0000          evt4
 78.2000    0    2.550   1.0000          NULL 
 80.7500    1    5.100   1.0000          evt1
 85.8500    0    1.700   1.0000          NULL 
 87.5500    5    5.100   1.0000          evt5
 92.6500    0    1.700   1.0000          NULL 
 94.3500    2    5.100   1.0000          evt2
 99.4500    0    1.700   1.0000          NULL 
101.1500    6    5.100   1.0000          evt6
106.2500    1    5.100   1.0000          evt1
111.3500    3    5.100   1.0000          evt3
116.4500    0    5.100   1.0000          NULL 
121.5499    3    5.100   1.0000          evt3
126.6499    0    2.550   1.0000          NULL 
129.2000    2    5.100   1.0000          evt2
134.3000    0    5.950   1.0000          NULL 
140.2500    6    5.100   1.0000          evt6
145.3500    1    5.100   1.0000          evt1
150.4500    2    5.100   1.0000          evt2
155.5500    0    2.550   1.0000          NULL 
158.1000    4    5.100   1.0000          evt4
163.2000    0    1.700   1.0000          NULL 
164.9001    5    5.100   1.0000          evt5
170.0001    6    5.100   1.0000          evt6
175.1001    0    5.100   1.0000          NULL 
180.2001    6    5.100   1.0000          evt6
185.3001    1    5.100   1.0000          evt1
190.4001    4    5.100   1.0000          evt4
195.5001    0    0.850   1.0000          NULL 
196.3501    4    5.100   1.0000          evt4
201.4501    4    5.100   1.0000          evt4
206.5501    1    5.100   1.0000          evt1
211.6501    3    5.100   1.0000          evt3
216.7502    2    5.100   1.0000          evt2
221.8502    0    1.700   1.0000          NULL 
223.5502    5    5.100   1.0000          evt5
228.6502    0    2.550   1.0000          NULL 
231.2002    1    5.100   1.0000          evt1
236.3002    6    5.100   1.0000          evt6
241.4002    0    2.550   1.0000          NULL 
243.9502    5    5.100   1.0000          evt5
249.0502    0    2.550   1.0000          NULL 
251.6003    3    5.100   1.0000          evt3
256.7003    0    0.850   1.0000          NULL 
257.5503    6    5.100   1.0000          evt6
262.6503    6    5.100   1.0000          evt6
267.7503    0    5.100   1.0000          NULL 
272.8503    4    5.100   1.0000          evt4
277.9503    6    5.100   1.0000          evt6
283.0503    4    5.100   1.0000          evt4
288.1503    0    1.700   1.0000          NULL 
289.8503    4    5.100   1.0000          evt4
294.9503    0    2.550   1.0000          NULL 
297.5004    6    5.100   1.0000          evt6
302.6004    0    8.500   1.0000          NULL 
311.1004    3    5.100   1.0000          evt3
316.2004    5    5.100   1.0000          evt5
321.3004    0    0.850   1.0000          NULL 
322.1505    3    5.100   1.0000          evt3
327.2505    0    0.850   1.0000          NULL 
328.1005    3    5.100   1.0000          evt3
333.2005    0    1.700   1.0000          NULL 
334.9005    1    5.100   1.0000          evt1
340.0005    3    5.100   1.0000          evt3
345.1005    0    2.550   1.0000          NULL 
347.6505    1    5.100   1.0000          evt1
352.7505    6    5.100   1.0000          evt6
357.8505    0    2.549   1.0000          NULL 
