  0.0000    5    5.100   1.0000          evt5
  5.1000    0    0.850   1.0000          NULL 
  5.9500    1    5.100   1.0000          evt1
 11.0500    0    2.550   1.0000          NULL 
 13.6000    1    5.100   1.0000          evt1
 18.7000    0    0.850   1.0000          NULL 
 19.5500    1    5.100   1.0000          evt1
 24.6500    0    0.850   1.0000          NULL 
 25.5000    6    5.100   1.0000          evt6
 30.6000    0    0.850   1.0000          NULL 
 31.4500    4    5.100   1.0000          evt4
 36.5500    0    0.850   1.0000          NULL 
 37.4000    6    5.100   1.0000          evt6
 42.5000    0    1.700   1.0000          NULL 
 44.2000    3    5.100   1.0000          evt3
 49.3000    0    0.850   1.0000          NULL 
 50.1500    3    5.100   1.0000          evt3
 55.2500    0    0.850   1.0000          NULL 
 56.1000    4    5.100   1.0000          evt4
 61.2000    0    2.550   1.0000          NULL 
 63.7500    1    5.100   1.0000          evt1
 68.8500    0    3.400   1.0000          NULL 
 72.2500    1    5.100   1.0000          evt1
 77.3500    0    0.850   1.0000          NULL 
 78.2000    3    5.100   1.0000          evt3
 83.3000    0    0.850   1.0000          NULL 
 84.1500    4    5.100   1.0000          evt4
 89.2500    0    0.850   1.0000          NULL 
 90.1000    4    5.100   1.0000          evt4
 95.2000    0    3.400   1.0000          NULL 
 98.6000    5    5.100   1.0000          evt5
103.7000    0    4.250   1.0000          NULL 
107.9500    3    5.100   1.0000          evt3
113.0499    0    3.400   1.0000          NULL 
116.4499    4    5.100   1.0000          evt4
121.5499    0    0.850   1.0000          NULL 
122.3999    5    5.100   1.0000          evt5
127.4999    0    1.700   1.0000          NULL 
129.2000    6    5.100   1.0000          evt6
134.3000    0    2.550   1.0000          NULL 
136.8500    6    5.100   1.0000          evt6
141.9500    0    0.850   1.0000          NULL 
142.8000    4    5.100   1.0000          evt4
147.9000    0    0.850   1.0000          NULL 
148.7500    6    5.100   1.0000          evt6
153.8500    0    2.550   1.0000          NULL 
156.4000    3    5.100   1.0000          evt3
161.5000    0    0.850   1.0000          NULL 
162.3500    1    5.100   1.0000          evt1
167.4500    0    0.850   1.0000          NULL 
168.3000    5    5.100   1.0000          evt5
173.4001    0    0.850   1.0000          NULL 
174.2501    6    5.100   1.0000          evt6
179.3501    0    2.550   1.0000          NULL 
181.9001    4    5.100   1.0000          evt4
187.0001    0    1.700   1.0000          NULL 
188.7001    6    5.100   1.0000          evt6
193.8001    0    1.700   1.0000          NULL 
195.5001    1    5.100   1.0000          evt1
200.6001    0    4.250   1.0000          NULL 
204.8502    2    5.100   1.0000          evt2
209.9502    0    1.700   1.0000          NULL 
211.6502    5    5.100   1.0000          evt5
216.7502    0    0.850   1.0000          NULL 
217.6002    4    5.100   1.0000          evt4
222.7002    0    1.700   1.0000          NULL 
224.4002    2    5.100   1.0000          evt2
229.5002    0    2.550   1.0000          NULL 
232.0502    2    5.100   1.0000          evt2
237.1502    0    0.850   1.0000          NULL 
238.0002    2    5.100   1.0000          evt2
243.1003    0    0.850   1.0000          NULL 
243.9503    1    5.100   1.0000          evt1
249.0503    0    0.850   1.0000          NULL 
249.9003    4    5.100   1.0000          evt4
255.0003    0    0.850   1.0000          NULL 
255.8503    1    5.100   1.0000          evt1
260.9503    0    0.850   1.0000          NULL 
261.8003    6    5.100   1.0000          evt6
266.9003    0    0.850   1.0000          NULL 
267.7503    6    5.100   1.0000          evt6
272.8503    0    0.850   1.0000          NULL 
273.7003    3    5.100   1.0000          evt3
278.8003    0    0.850   1.0000          NULL 
279.6503    3    5.100   1.0000          evt3
284.7503    0    1.700   1.0000          NULL 
286.4503    3    5.100   1.0000          evt3
291.5504    0    1.700   1.0000          NULL 
293.2504    4    5.100   1.0000          evt4
298.3504    0    2.550   1.0000          NULL 
300.9004    1    5.100   1.0000          evt1
306.0004    0    0.850   1.0000          NULL 
306.8504    1    5.100   1.0000          evt1
311.9504    0    0.850   1.0000          NULL 
312.8004    3    5.100   1.0000          evt3
317.9004    0    1.700   1.0000          NULL 
319.6004    3    5.100   1.0000          evt3
324.7004    0    2.550   1.0000          NULL 
327.2505    4    5.100   1.0000          evt4
332.3505    0    2.550   1.0000          NULL 
334.9005    3    5.100   1.0000          evt3
340.0005    0    0.850   1.0000          NULL 
340.8505    6    5.100   1.0000          evt6
345.9505    0    0.850   1.0000          NULL 
346.8005    6    5.100   1.0000          evt6
351.9005    0    2.550   1.0000          NULL 
354.4505    2    5.100   1.0000          evt2
359.5505    0    0.849   1.0000          NULL 
