  0.0000    3    5.100   1.0000          evt3
  5.1000    0    1.700   1.0000          NULL 
  6.8000    4    5.100   1.0000          evt4
 11.9000    0    1.700   1.0000          NULL 
 13.6000    1    5.100   1.0000          evt1
 18.7000    0    0.850   1.0000          NULL 
 19.5500    1    5.100   1.0000          evt1
 24.6500    0    0.850   1.0000          NULL 
 25.5000    6    5.100   1.0000          evt6
 30.6000    0    1.700   1.0000          NULL 
 32.3000    1    5.100   1.0000          evt1
 37.4000    0    0.850   1.0000          NULL 
 38.2500    3    5.100   1.0000          evt3
 43.3500    0    0.850   1.0000          NULL 
 44.2000    1    5.100   1.0000          evt1
 49.3000    6    5.100   1.0000          evt6
 54.4000    0    0.850   1.0000          NULL 
 55.2500    1    5.100   1.0000          evt1
 60.3500    0    5.950   1.0000          NULL 
 66.3000    1    5.100   1.0000          evt1
 71.4000    0    1.700   1.0000          NULL 
 73.1000    5    5.100   1.0000          evt5
 78.2000    0    0.850   1.0000          NULL 
 79.0500    1    5.100   1.0000          evt1
 84.1500    0    1.700   1.0000          NULL 
 85.8500    3    5.100   1.0000          evt3
 90.9500    4    5.100   1.0000          evt4
 96.0500    0    0.850   1.0000          NULL 
 96.9000    4    5.100   1.0000          evt4
102.0000    6    5.100   1.0000          evt6
107.1000    0    2.550   1.0000          NULL 
109.6500    2    5.100   1.0000          evt2
114.7500    0    2.550   1.0000          NULL 
117.2999    4    5.100   1.0000          evt4
122.3999    0    1.700   1.0000          NULL 
124.0999    1    5.100   1.0000          evt1
129.2000    0    3.400   1.0000          NULL 
132.6000    5    5.100   1.0000          evt5
137.7000    4    5.100   1.0000          evt4
142.8000    0    1.700   1.0000          NULL 
144.5000    5    5.100   1.0000          evt5
149.6000    0    2.550   1.0000          NULL 
152.1500    6    5.100   1.0000          evt6
157.2500    0    2.550   1.0000          NULL 
159.8000    3    5.100   1.0000          evt3
164.9001    3    5.100   1.0000          evt3
170.0001    0    0.850   1.0000          NULL 
170.8501    3    5.100   1.0000          evt3
175.9501    3    5.100   1.0000          evt3
181.0501    0    1.700   1.0000          NULL 
182.7501    4    5.100   1.0000          evt4
187.8501    0    2.550   1.0000          NULL 
190.4001    5    5.100   1.0000          evt5
195.5001    0    1.700   1.0000          NULL 
197.2001    2    5.100   1.0000          evt2
202.3001    0    2.550   1.0000          NULL 
204.8502    5    5.100   1.0000          evt5
209.9502    3    5.100   1.0000          evt3
215.0502    0    1.700   1.0000          NULL 
216.7502    6    5.100   1.0000          evt6
221.8502    6    5.100   1.0000          evt6
226.9502    0    0.850   1.0000          NULL 
227.8002    1    5.100   1.0000          evt1
232.9002    0    2.550   1.0000          NULL 
235.4502    6    5.100   1.0000          evt6
240.5502    2    5.100   1.0000          evt2
245.6502    0    0.850   1.0000          NULL 
246.5002    6    5.100   1.0000          evt6
251.6003    0    7.650   1.0000          NULL 
259.2503    2    5.100   1.0000          evt2
264.3503    4    5.100   1.0000          evt4
269.4503    0    1.700   1.0000          NULL 
271.1503    6    5.100   1.0000          evt6
276.2503    0    1.700   1.0000          NULL 
277.9503    6    5.100   1.0000          evt6
283.0504    0    2.550   1.0000          NULL 
285.6004    4    5.100   1.0000          evt4
290.7004    3    5.100   1.0000          evt3
295.8004    0    0.850   1.0000          NULL 
296.6504    4    5.100   1.0000          evt4
301.7504    0    0.850   1.0000          NULL 
302.6004    6    5.100   1.0000          evt6
307.7004    3    5.100   1.0000          evt3
312.8004    0    0.850   1.0000          NULL 
313.6504    4    5.100   1.0000          evt4
318.7504    1    5.100   1.0000          evt1
323.8504    3    5.100   1.0000          evt3
328.9504    4    5.100   1.0000          evt4
334.0504    0    9.350   1.0000          NULL 
343.4005    2    5.100   1.0000          evt2
348.5005    0    0.850   1.0000          NULL 
349.3505    1    5.100   1.0000          evt1
354.4505    0    5.949   1.0000          NULL 
