  0.0000    2    5.100   1.0000          evt2
  5.1000    0    0.850   1.0000          NULL 
  5.9500    1    5.100   1.0000          evt1
 11.0500    0    0.850   1.0000          NULL 
 11.9000    3    5.100   1.0000          evt3
 17.0000    0    0.850   1.0000          NULL 
 17.8500    3    5.100   1.0000          evt3
 22.9500    0    0.850   1.0000          NULL 
 23.8000    3    5.100   1.0000          evt3
 28.9000    0    0.850   1.0000          NULL 
 29.7500    4    5.100   1.0000          evt4
 34.8500    0    1.700   1.0000          NULL 
 36.5500    6    5.100   1.0000          evt6
 41.6500    0    0.850   1.0000          NULL 
 42.5000    3    5.100   1.0000          evt3
 47.6000    0    1.700   1.0000          NULL 
 49.3000    1    5.100   1.0000          evt1
 54.4000    0    0.850   1.0000          NULL 
 55.2500    1    5.100   1.0000          evt1
 60.3500    0    0.850   1.0000          NULL 
 61.2000    4    5.100   1.0000          evt4
 66.3000    0    0.850   1.0000          NULL 
 67.1500    1    5.100   1.0000          evt1
 72.2500    0    0.850   1.0000          NULL 
 73.1000    6    5.100   1.0000          evt6
 78.2000    0    0.850   1.0000          NULL 
 79.0500    2    5.100   1.0000          evt2
 84.1500    0    0.850   1.0000          NULL 
 85.0000    4    5.100   1.0000          evt4
 90.1000    0    3.400   1.0000          NULL 
 93.5000    4    5.100   1.0000          evt4
 98.6000    0    1.700   1.0000          NULL 
100.3000    5    5.100   1.0000          evt5
105.4000    0    0.850   1.0000          NULL 
106.2500    4    5.100   1.0000          evt4
111.3500    0    2.550   1.0000          NULL 
113.9000    4    5.100   1.0000          evt4
119.0000    0    0.850   1.0000          NULL 
119.8500    3    5.100   1.0000          evt3
124.9500    0    3.400   1.0000          NULL 
128.3499    4    5.100   1.0000          evt4
133.4500    0    0.850   1.0000          NULL 
134.3000    4    5.100   1.0000          evt4
139.4000    0    3.400   1.0000          NULL 
142.8000    6    5.100   1.0000          evt6
147.9000    0    3.400   1.0000          NULL 
151.3000    3    5.100   1.0000          evt3
156.4000    0    1.700   1.0000          NULL 
158.1000    3    5.100   1.0000          evt3
163.2000    0    0.850   1.0000          NULL 
164.0500    6    5.100   1.0000          evt6
169.1501    0    0.850   1.0000          NULL 
170.0001    1    5.100   1.0000          evt1
175.1001    0    1.700   1.0000          NULL 
176.8001    6    5.100   1.0000          evt6
181.9001    0    1.700   1.0000          NULL 
183.6001    1    5.100   1.0000          evt1
188.7001    0    0.850   1.0000          NULL 
189.5501    1    5.100   1.0000          evt1
194.6501    0    0.850   1.0000          NULL 
195.5001    3    5.100   1.0000          evt3
200.6001    0    1.700   1.0000          NULL 
202.3001    4    5.100   1.0000          evt4
207.4001    0    2.550   1.0000          NULL 
209.9502    5    5.100   1.0000          evt5
215.0502    0    0.850   1.0000          NULL 
215.9002    5    5.100   1.0000          evt5
221.0002    0    2.550   1.0000          NULL 
223.5502    1    5.100   1.0000          evt1
228.6502    0    2.550   1.0000          NULL 
231.2002    2    5.100   1.0000          evt2
236.3002    0    0.850   1.0000          NULL 
237.1502    3    5.100   1.0000          evt3
242.2502    0    1.700   1.0000          NULL 
243.9503    6    5.100   1.0000          evt6
249.0503    0    8.500   1.0000          NULL 
257.5503    1    5.100   1.0000          evt1
262.6503    0    0.850   1.0000          NULL 
263.5003    1    5.100   1.0000          evt1
268.6003    0    0.850   1.0000          NULL 
269.4503    6    5.100   1.0000          evt6
274.5504    0    1.700   1.0000          NULL 
276.2504    5    5.100   1.0000          evt5
281.3504    0    1.700   1.0000          NULL 
283.0504    3    5.100   1.0000          evt3
288.1504    0    0.850   1.0000          NULL 
289.0004    1    5.100   1.0000          evt1
294.1004    0    0.850   1.0000          NULL 
294.9504    2    5.100   1.0000          evt2
300.0504    0    0.850   1.0000          NULL 
300.9004    6    5.100   1.0000          evt6
306.0004    0    0.850   1.0000          NULL 
306.8504    6    5.100   1.0000          evt6
311.9504    0    0.850   1.0000          NULL 
312.8004    6    5.100   1.0000          evt6
317.9005    0    3.400   1.0000          NULL 
321.3005    4    5.100   1.0000          evt4
326.4005    0    0.850   1.0000          NULL 
327.2505    5    5.100   1.0000          evt5
332.3505    0    0.850   1.0000          NULL 
333.2005    2    5.100   1.0000          evt2
338.3005    0    0.850   1.0000          NULL 
339.1505    4    5.100   1.0000          evt4
344.2505    0    2.550   1.0000          NULL 
346.8005    3    5.100   1.0000          evt3
351.9005    0    1.700   1.0000          NULL 
353.6006    6    5.100   1.0000          evt6
358.7006    0    1.699   1.0000          NULL 
