  0.0000    3    5.100   1.0000          evt3
  5.1000    0    1.700   1.0000          NULL 
  6.8000    5    5.100   1.0000          evt5
 11.9000    0    0.850   1.0000          NULL 
 12.7500    6    5.100   1.0000          evt6
 17.8500    0    0.850   1.0000          NULL 
 18.7000    4    5.100   1.0000          evt4
 23.8000    0    0.850   1.0000          NULL 
 24.6500    1    5.100   1.0000          evt1
 29.7500    0    0.850   1.0000          NULL 
 30.6000    5    5.100   1.0000          evt5
 35.7000    0    0.850   1.0000          NULL 
 36.5500    3    5.100   1.0000          evt3
 41.6500    0    0.850   1.0000          NULL 
 42.5000    5    5.100   1.0000          evt5
 47.6000    0    0.850   1.0000          NULL 
 48.4500    4    5.100   1.0000          evt4
 53.5500    0    0.850   1.0000          NULL 
 54.4000    3    5.100   1.0000          evt3
 59.5000    0    1.700   1.0000          NULL 
 61.2000    5    5.100   1.0000          evt5
 66.3000    0    2.550   1.0000          NULL 
 68.8500    1    5.100   1.0000          evt1
 73.9500    0    1.700   1.0000          NULL 
 75.6500    1    5.100   1.0000          evt1
 80.7500    0    0.850   1.0000          NULL 
 81.6000    4    5.100   1.0000          evt4
 86.7000    0    1.700   1.0000          NULL 
 88.4000    3    5.100   1.0000          evt3
 93.5000    0    1.700   1.0000          NULL 
 95.2000    4    5.100   1.0000          evt4
100.3000    0    6.800   1.0000          NULL 
107.1000    3    5.100   1.0000          evt3
112.2000    0    0.850   1.0000          NULL 
113.0499    4    5.100   1.0000          evt4
118.1499    0    0.850   1.0000          NULL 
118.9999    6    5.100   1.0000          evt6
124.0999    0    0.850   1.0000          NULL 
124.9499    1    5.100   1.0000          evt1
130.0499    0    0.850   1.0000          NULL 
130.8999    6    5.100   1.0000          evt6
136.0000    0    0.850   1.0000          NULL 
136.8500    6    5.100   1.0000          evt6
141.9500    0    1.700   1.0000          NULL 
143.6500    4    5.100   1.0000          evt4
148.7500    0    0.850   1.0000          NULL 
149.6000    1    5.100   1.0000          evt1
154.7000    0    1.700   1.0000          NULL 
156.4000    4    5.100   1.0000          evt4
161.5000    0    1.700   1.0000          NULL 
163.2000    1    5.100   1.0000          evt1
168.3000    0    2.550   1.0000          NULL 
170.8501    3    5.100   1.0000          evt3
175.9501    0    1.700   1.0000          NULL 
177.6501    3    5.100   1.0000          evt3
182.7501    0    0.850   1.0000          NULL 
183.6001    3    5.100   1.0000          evt3
188.7001    0    0.850   1.0000          NULL 
189.5501    1    5.100   1.0000          evt1
194.6501    0    1.700   1.0000          NULL 
196.3501    6    5.100   1.0000          evt6
201.4501    0    1.700   1.0000          NULL 
203.1501    2    5.100   1.0000          evt2
208.2501    0    1.700   1.0000          NULL 
209.9501    2    5.100   1.0000          evt2
215.0502    0    0.850   1.0000          NULL 
215.9002    2    5.100   1.0000          evt2
221.0002    0    0.850   1.0000          NULL 
221.8502    3    5.100   1.0000          evt3
226.9502    0    1.700   1.0000          NULL 
228.6502    2    5.100   1.0000          evt2
233.7502    0    1.700   1.0000          NULL 
235.4502    5    5.100   1.0000          evt5
240.5502    0    0.850   1.0000          NULL 
241.4002    3    5.100   1.0000          evt3
246.5002    0    2.550   1.0000          NULL 
249.0502    6    5.100   1.0000          evt6
254.1503    0    5.100   1.0000          NULL 
259.2503    6    5.100   1.0000          evt6
264.3503    0    0.850   1.0000          NULL 
265.2003    6    5.100   1.0000          evt6
270.3003    0    0.850   1.0000          NULL 
271.1503    1    5.100   1.0000          evt1
276.2503    0    0.850   1.0000          NULL 
277.1003    1    5.100   1.0000          evt1
282.2003    0    0.850   1.0000          NULL 
283.0503    4    5.100   1.0000          evt4
288.1503    0    2.550   1.0000          NULL 
290.7003    6    5.100   1.0000          evt6
295.8004    0    1.700   1.0000          NULL 
297.5004    6    5.100   1.0000          evt6
302.6004    0    0.850   1.0000          NULL 
303.4504    4    5.100   1.0000          evt4
308.5504    0    0.850   1.0000          NULL 
309.4004    4    5.100   1.0000          evt4
314.5004    0    1.700   1.0000          NULL 
316.2004    1    5.100   1.0000          evt1
321.3004    0    0.850   1.0000          NULL 
322.1504    3    5.100   1.0000          evt3
327.2504    0    5.950   1.0000          NULL 
333.2005    1    5.100   1.0000          evt1
338.3005    0    2.550   1.0000          NULL 
340.8505    2    5.100   1.0000          evt2
345.9505    0    0.850   1.0000          NULL 
346.8005    6    5.100   1.0000          evt6
351.9005    0    0.850   1.0000          NULL 
352.7505    4    5.100   1.0000          evt4
357.8505    0    2.549   1.0000          NULL 
